0.000010 0.999980 0.000010
0.999980 0.000010 0.000010
0.000010 0.000010 0.999980
0.000010 0.000010 0.999980
0.000010 0.000010 0.999980
0.000010 0.000010 0.999980
0.007184 0.000010 0.992806
0.000010 0.999980 0.000010
0.000010 0.999980 0.000010
0.999980 0.000010 0.000010
0.000010 0.999980 0.000010
0.999980 0.000010 0.000010
0.000010 0.543665 0.456325
0.000010 0.360382 0.639608
0.000010 0.999980 0.000010
0.000010 0.000010 0.999980
0.999980 0.000010 0.000010
0.999980 0.000010 0.000010
0.000010 0.641261 0.358729
0.000010 0.999980 0.000010
0.000010 0.000010 0.999980
0.000010 0.653777 0.346213
0.999980 0.000010 0.000010
0.000010 0.453620 0.546370
0.999980 0.000010 0.000010
0.000010 0.999980 0.000010
0.999980 0.000010 0.000010
0.000010 0.572392 0.427598
0.999980 0.000010 0.000010
0.999980 0.000010 0.000010
0.000010 0.300055 0.699935
0.000010 0.000010 0.999980
0.000010 0.000010 0.999980
0.012951 0.000010 0.987039
0.999980 0.000010 0.000010
0.000010 0.492088 0.507902
0.000010 0.000010 0.999980
0.000010 0.513718 0.486272
0.000010 0.000010 0.999980
0.000010 0.000010 0.999980
0.000010 0.571446 0.428544
0.000010 0.999980 0.000010
0.955680 0.000010 0.044310
0.000010 0.000010 0.999980
0.007989 0.323670 0.668341
0.000010 0.999980 0.000010
0.000010 0.657863 0.342127
0.042527 0.121589 0.835884
0.000010 0.786876 0.213114
0.999980 0.000010 0.000010
0.999980 0.000010 0.000010
0.487890 0.321564 0.190545
0.000010 0.999980 0.000010
0.999980 0.000010 0.000010
0.049652 0.000010 0.950338
0.000010 0.000010 0.999980
0.000010 0.700047 0.299943
0.000010 0.999980 0.000010
0.000010 0.366037 0.633953
0.000010 0.999980 0.000010
0.999980 0.000010 0.000010
0.000010 0.000010 0.999980
0.000010 0.999980 0.000010
0.959424 0.000010 0.040566
0.000010 0.000010 0.999980
0.000010 0.000010 0.999980
0.000010 0.999980 0.000010
0.999980 0.000010 0.000010
0.945984 0.000010 0.054006
0.000010 0.000010 0.999980
0.944973 0.000010 0.055017
0.000010 0.999980 0.000010
0.999980 0.000010 0.000010
0.999980 0.000010 0.000010
0.999980 0.000010 0.000010
0.999980 0.000010 0.000010
0.000010 0.999980 0.000010
0.999980 0.000010 0.000010
0.000010 0.000010 0.999980
0.000010 0.999980 0.000010
0.000010 0.999980 0.000010
0.999980 0.000010 0.000010
0.000010 0.000010 0.999980
0.999980 0.000010 0.000010
0.000010 0.000010 0.999980
0.000010 0.000010 0.999980
0.000010 0.999980 0.000010
0.000010 0.999980 0.000010
0.000010 0.999980 0.000010
0.999980 0.000010 0.000010
0.999980 0.000010 0.000010
0.000010 0.999980 0.000010
0.957833 0.000010 0.042157
0.038559 0.000010 0.961431
0.000010 0.000010 0.999980
0.999980 0.000010 0.000010
0.000010 0.000010 0.999980
0.999980 0.000010 0.000010
