0.000010 0.370185 0.629805
0.999980 0.000010 0.000010
0.000010 0.000010 0.999980
0.000010 0.000010 0.999980
0.021786 0.184178 0.794036
0.000010 0.551947 0.448043
0.000010 0.000010 0.999980
0.000010 0.543437 0.456553
0.000010 0.481453 0.518537
0.999980 0.000010 0.000010
0.016435 0.352201 0.631364
0.999980 0.000010 0.000010
0.000010 0.999980 0.000010
0.000010 0.999980 0.000010
0.000010 0.999980 0.000010
0.000010 0.496155 0.503835
0.999980 0.000010 0.000010
0.999980 0.000010 0.000010
0.000010 0.999980 0.000010
0.000010 0.000010 0.999980
0.000010 0.314810 0.685180
0.000010 0.999980 0.000010
0.978614 0.000010 0.021376
0.000010 0.000010 0.999980
0.999980 0.000010 0.000010
0.000010 0.999980 0.000010
0.999980 0.000010 0.000010
0.000010 0.000010 0.999980
0.999980 0.000010 0.000010
0.999980 0.000010 0.000010
0.000010 0.515839 0.484151
0.000010 0.398405 0.601585
0.000010 0.000010 0.999980
0.000010 0.613316 0.386674
0.999980 0.000010 0.000010
0.000010 0.999980 0.000010
0.000010 0.000010 0.999980
0.000010 0.999980 0.000010
0.000010 0.295173 0.704817
0.000010 0.386232 0.613758
0.000010 0.000010 0.999980
0.000010 0.000010 0.999980
0.961491 0.000010 0.038499
0.000010 0.999980 0.000010
0.000010 0.000010 0.999980
0.000010 0.999980 0.000010
0.000010 0.349851 0.650139
0.049820 0.000010 0.950170
0.000010 0.000010 0.999980
0.999980 0.000010 0.000010
0.999980 0.000010 0.000010
0.587032 0.000010 0.412958
0.019917 0.548629 0.431454
0.999980 0.000010 0.000010
0.000010 0.000010 0.999980
0.000010 0.060789 0.939201
0.048371 0.150345 0.801283
0.000010 0.000010 0.999980
0.000010 0.580590 0.419400
0.000010 0.999980 0.000010
0.999980 0.000010 0.000010
0.000010 0.321341 0.678649
0.053435 0.946555 0.000010
0.999980 0.000010 0.000010
0.000010 0.333323 0.666667
0.000010 0.000010 0.999980
0.000010 0.000010 0.999980
0.999980 0.000010 0.000010
0.898585 0.101405 0.000010
0.000010 0.000010 0.999980
0.962593 0.000010 0.037397
0.000010 0.000010 0.999980
0.999980 0.000010 0.000010
0.999980 0.000010 0.000010
0.999980 0.000010 0.000010
0.999980 0.000010 0.000010
0.000010 0.999980 0.000010
0.999980 0.000010 0.000010
0.000010 0.303281 0.696709
0.000010 0.999980 0.000010
0.000010 0.999980 0.000010
0.999980 0.000010 0.000010
0.000010 0.000010 0.999980
0.999980 0.000010 0.000010
0.000010 0.000010 0.999980
0.000010 0.324262 0.675728
0.000010 0.457269 0.542721
0.000010 0.999980 0.000010
0.000010 0.328180 0.671810
0.999980 0.000010 0.000010
0.969021 0.000010 0.030969
0.000010 0.999980 0.000010
0.999980 0.000010 0.000010
0.067620 0.249828 0.682552
0.000010 0.000010 0.999980
0.999980 0.000010 0.000010
0.000010 0.194908 0.805082
0.999980 0.000010 0.000010
