0.000010 0.230170 0.769820
0.991097 0.008893 0.000010
0.000010 0.000010 0.999980
0.000010 0.000010 0.999980
0.042622 0.000010 0.957368
0.000010 0.000010 0.999980
0.000010 0.000010 0.999980
0.000010 0.523229 0.476761
0.000010 0.234565 0.765425
0.999980 0.000010 0.000010
0.068983 0.000010 0.931007
0.999980 0.000010 0.000010
0.000010 0.999980 0.000010
0.000010 0.000010 0.999980
0.000010 0.000010 0.999980
0.000010 0.000010 0.999980
0.910308 0.089682 0.000010
0.999980 0.000010 0.000010
0.000010 0.999980 0.000010
0.043817 0.150059 0.806124
0.000010 0.668514 0.331476
0.000010 0.591307 0.408683
0.999980 0.000010 0.000010
0.000010 0.344797 0.655193
0.999980 0.000010 0.000010
0.000010 0.309480 0.690510
0.999980 0.000010 0.000010
0.000010 0.999980 0.000010
0.999980 0.000010 0.000010
0.999980 0.000010 0.000010
0.000010 0.320284 0.679706
0.000010 0.999980 0.000010
0.000010 0.000010 0.999980
0.000010 0.999980 0.000010
0.999980 0.000010 0.000010
0.000010 0.699393 0.300597
0.000010 0.000010 0.999980
0.000010 0.999980 0.000010
0.000010 0.000010 0.999980
0.000010 0.000010 0.999980
0.000010 0.337827 0.662163
0.000010 0.999980 0.000010
0.999980 0.000010 0.000010
0.000010 0.361233 0.638757
0.039042 0.143473 0.817484
0.000010 0.999980 0.000010
0.000010 0.226347 0.773643
0.000010 0.864309 0.135681
0.000010 0.000010 0.999980
0.999980 0.000010 0.000010
0.999980 0.000010 0.000010
0.477422 0.000010 0.522568
0.000010 0.999980 0.000010
0.999980 0.000010 0.000010
0.000010 0.561564 0.438426
0.000010 0.000010 0.999980
0.000010 0.411891 0.588099
0.000010 0.000010 0.999980
0.000010 0.000010 0.999980
0.000010 0.340630 0.659360
0.999980 0.000010 0.000010
0.000010 0.000010 0.999980
0.000010 0.000010 0.999980
0.999980 0.000010 0.000010
0.000010 0.000010 0.999980
0.000010 0.000010 0.999980
0.000010 0.999980 0.000010
0.999980 0.000010 0.000010
0.927096 0.072894 0.000010
0.000010 0.000010 0.999980
0.978710 0.021280 0.000010
0.000010 0.999980 0.000010
0.999980 0.000010 0.000010
0.999980 0.000010 0.000010
0.999980 0.000010 0.000010
0.999980 0.000010 0.000010
0.000010 0.999980 0.000010
0.993928 0.000010 0.006062
0.000010 0.000010 0.999980
0.000010 0.693669 0.306321
0.000010 0.000010 0.999980
0.999980 0.000010 0.000010
0.000010 0.000010 0.999980
0.999980 0.000010 0.000010
0.000010 0.000010 0.999980
0.000010 0.999980 0.000010
0.000010 0.608740 0.391250
0.000010 0.426425 0.573565
0.042902 0.000010 0.957088
0.999980 0.000010 0.000010
0.967400 0.000010 0.032590
0.000010 0.495426 0.504564
0.999980 0.000010 0.000010
0.000010 0.999980 0.000010
0.000010 0.000010 0.999980
0.999980 0.000010 0.000010
0.000010 0.005843 0.994147
0.965416 0.034574 0.000010
