0.999970 0.000010 0.000010 0.000010
0.000010 0.970756 0.029224 0.000010
0.464671 0.000010 0.535309 0.000010
0.999970 0.000010 0.000010 0.000010
0.490065 0.049797 0.460128 0.000010
0.000010 0.000010 0.999970 0.000010
0.999970 0.000010 0.000010 0.000010
0.320206 0.000010 0.679774 0.000010
0.000010 0.000010 0.999970 0.000010
0.000010 0.999970 0.000010 0.000010
0.479610 0.067111 0.453269 0.000010
0.000010 0.999970 0.000010 0.000010
0.641474 0.017843 0.340674 0.000010
0.999970 0.000010 0.000010 0.000010
0.000010 0.000010 0.999970 0.000010
0.999970 0.000010 0.000010 0.000010
0.068460 0.931520 0.000010 0.000010
0.000010 0.999970 0.000010 0.000010
0.999970 0.000010 0.000010 0.000010
0.000010 0.042202 0.957778 0.000010
0.000010 0.000010 0.999970 0.000010
0.000010 0.000010 0.999970 0.000010
0.000010 0.000010 0.000010 0.999970
0.000010 0.000010 0.999970 0.000010
0.000010 0.999970 0.000010 0.000010
0.000010 0.000010 0.999970 0.000010
0.000010 0.862756 0.000010 0.137224
0.999970 0.000010 0.000010 0.000010
0.000010 0.999970 0.000010 0.000010
0.000010 0.999970 0.000010 0.000010
0.290465 0.000010 0.709515 0.000010
0.999970 0.000010 0.000010 0.000010
0.999970 0.000010 0.000010 0.000010
0.000010 0.000010 0.999970 0.000010
0.000010 0.999970 0.000010 0.000010
0.000010 0.000010 0.999970 0.000010
0.999970 0.000010 0.000010 0.000010
0.629013 0.000010 0.370967 0.000010
0.592698 0.000010 0.407282 0.000010
0.442555 0.000010 0.557425 0.000010
0.000010 0.000010 0.999970 0.000010
0.924242 0.000010 0.075738 0.000010
0.000010 0.999970 0.000010 0.000010
0.658120 0.000010 0.341860 0.000010
0.961858 0.038122 0.000010 0.000010
0.577069 0.000010 0.000010 0.422911
0.999970 0.000010 0.000010 0.000010
0.999970 0.000010 0.000010 0.000010
0.000010 0.000010 0.999970 0.000010
0.000010 0.999970 0.000010 0.000010
0.000010 0.999970 0.000010 0.000010
0.000010 0.454248 0.545732 0.000010
0.999970 0.000010 0.000010 0.000010
0.000010 0.999970 0.000010 0.000010
0.740114 0.000010 0.259866 0.000010
0.999970 0.000010 0.000010 0.000010
0.551990 0.000010 0.447990 0.000010
0.384168 0.000010 0.615812 0.000010
0.725385 0.000010 0.274595 0.000010
0.667879 0.000010 0.332101 0.000010
0.000010 0.999970 0.000010 0.000010
0.000010 0.000010 0.999970 0.000010
0.999970 0.000010 0.000010 0.000010
0.000010 0.999970 0.000010 0.000010
0.999970 0.000010 0.000010 0.000010
0.823708 0.000010 0.176272 0.000010
0.482404 0.000010 0.517576 0.000010
0.000010 0.999970 0.000010 0.000010
0.053468 0.946512 0.000010 0.000010
0.742692 0.000010 0.257288 0.000010
0.000010 0.999970 0.000010 0.000010
0.512568 0.000010 0.487412 0.000010
0.000010 0.999970 0.000010 0.000010
0.000010 0.999970 0.000010 0.000010
0.000010 0.000010 0.000010 0.999970
0.000010 0.999970 0.000010 0.000010
0.924272 0.000010 0.075708 0.000010
0.000010 0.961748 0.038232 0.000010
0.000010 0.000010 0.999970 0.000010
0.467752 0.000010 0.532228 0.000010
0.000010 0.000010 0.999970 0.000010
0.000010 0.999970 0.000010 0.000010
0.999970 0.000010 0.000010 0.000010
0.000010 0.000010 0.000010 0.999970
0.999970 0.000010 0.000010 0.000010
0.618911 0.000010 0.381069 0.000010
0.999970 0.000010 0.000010 0.000010
0.000010 0.000010 0.999970 0.000010
0.947963 0.052017 0.000010 0.000010
0.000011 0.999969 0.000010 0.000010
0.013681 0.986299 0.000010 0.000010
0.000010 0.000010 0.999970 0.000010
0.000010 0.999970 0.000010 0.000010
0.000010 0.000010 0.999970 0.000010
0.303422 0.000010 0.696558 0.000010
0.000010 0.999970 0.000010 0.000010
0.999970 0.000010 0.000010 0.000010
0.000010 0.944687 0.055293 0.000010
