0.403861 0.172382 0.000011 0.395762 0.000010 0.027975
0.716589 0.283368 0.000010 0.000013 0.000010 0.000010
0.700886 0.205492 0.000010 0.000010 0.000010 0.093593
0.000010 0.000010 0.023135 0.000010 0.976825 0.000010
0.424912 0.275355 0.000010 0.247395 0.000010 0.052318
0.000010 0.000010 0.000010 0.000010 0.999950 0.000010
0.999950 0.000010 0.000010 0.000010 0.000010 0.000010
0.611948 0.166989 0.000010 0.042385 0.000010 0.178658
0.709389 0.000010 0.000010 0.000010 0.000010 0.290571
0.493274 0.000010 0.000010 0.067155 0.000010 0.439540
0.721679 0.000010 0.000010 0.000010 0.000010 0.278281
0.697963 0.000010 0.000010 0.000010 0.000010 0.301997
0.000010 0.000010 0.062098 0.000013 0.937859 0.000010
0.000010 0.000010 0.000010 0.000010 0.999950 0.000010
0.947877 0.000010 0.000010 0.000010 0.000010 0.052083
0.000010 0.000010 0.020235 0.000011 0.979725 0.000010
0.000010 0.999950 0.000010 0.000010 0.000010 0.000010
0.000010 0.999950 0.000010 0.000010 0.000010 0.000010
0.000010 0.000010 0.999950 0.000010 0.000010 0.000010
0.000010 0.000010 0.999950 0.000010 0.000010 0.000010
0.000010 0.000010 0.999950 0.000010 0.000010 0.000010
0.000010 0.000010 0.048236 0.000010 0.951724 0.000010
0.000010 0.896086 0.000012 0.000010 0.000010 0.103872
0.000010 0.000010 0.001132 0.000010 0.998828 0.000010
0.000010 0.000010 0.192349 0.000010 0.807611 0.000010
0.000010 0.000015 0.011343 0.000010 0.988612 0.000010
0.000010 0.000010 0.042047 0.000010 0.957913 0.000010
0.000010 0.000010 0.000013 0.000010 0.999947 0.000010
0.999950 0.000010 0.000010 0.000010 0.000010 0.000010
0.999950 0.000010 0.000010 0.000010 0.000010 0.000010
0.999950 0.000010 0.000010 0.000010 0.000010 0.000010
0.901435 0.000010 0.000010 0.000010 0.000010 0.098525
0.687799 0.000010 0.000010 0.312161 0.000010 0.000010
0.331003 0.092427 0.000010 0.576540 0.000010 0.000010
0.000010 0.135511 0.000010 0.398002 0.000010 0.466457
0.160317 0.042433 0.000010 0.581295 0.000010 0.215934
0.000010 0.000010 0.000010 0.000010 0.000010 0.999950
0.306993 0.000010 0.000010 0.692967 0.000010 0.000010
0.024995 0.000010 0.000010 0.111048 0.000010 0.863927
0.000010 0.000010 0.000010 0.000010 0.000010 0.999950
0.000010 0.000010 0.000010 0.999950 0.000010 0.000010
0.107200 0.066920 0.000010 0.399833 0.000010 0.426028
0.000010 0.000010 0.000010 0.999950 0.000010 0.000010
0.000010 0.263832 0.000016 0.000010 0.000010 0.736122
0.000010 0.000010 0.000010 0.000010 0.000010 0.999950
0.000010 0.000010 0.000010 0.000015 0.000010 0.999945
0.278876 0.000010 0.000010 0.271052 0.000010 0.450042
0.342864 0.211835 0.000010 0.296236 0.000010 0.149045
0.391358 0.003567 0.000010 0.526199 0.000010 0.078855
0.000010 0.000010 0.000010 0.400279 0.000010 0.599681
0.000010 0.999950 0.000010 0.000010 0.000010 0.000010
0.000010 0.999947 0.000013 0.000010 0.000010 0.000010
0.000010 0.000010 0.000010 0.999950 0.000010 0.000010
0.000016 0.000010 0.000010 0.345131 0.000010 0.654823
0.318482 0.000010 0.000010 0.681478 0.000010 0.000010
0.999950 0.000010 0.000010 0.000010 0.000010 0.000010
0.171655 0.000010 0.000010 0.783255 0.000010 0.045059
0.999950 0.000010 0.000010 0.000010 0.000010 0.000010
0.482213 0.224994 0.000010 0.276890 0.000010 0.015882
0.999950 0.000010 0.000010 0.000010 0.000010 0.000010
0.458712 0.000010 0.000010 0.541248 0.000010 0.000010
0.999950 0.000010 0.000010 0.000010 0.000010 0.000010
0.000010 0.999950 0.000010 0.000010 0.000010 0.000010
0.981945 0.000010 0.000010 0.000010 0.000010 0.018015
0.000010 0.999950 0.000010 0.000010 0.000010 0.000010
0.000010 0.999940 0.000020 0.000010 0.000010 0.000010
0.000010 0.000010 0.068199 0.000010 0.931761 0.000010
0.000010 0.000010 0.000010 0.000010 0.999950 0.000010
0.000010 0.000010 0.000010 0.000010 0.999950 0.000010
0.336801 0.308377 0.000010 0.323813 0.000010 0.030988
0.205743 0.559363 0.000010 0.234864 0.000010 0.000010
0.781040 0.000012 0.000010 0.218919 0.000010 0.000010
0.000010 0.000010 0.000010 0.999950 0.000010 0.000010
0.533836 0.149551 0.000010 0.272481 0.000010 0.044111
0.315080 0.000010 0.000010 0.684880 0.000010 0.000010
0.000010 0.000010 0.000010 0.999950 0.000010 0.000010
0.000010 0.000010 0.000016 0.000010 0.999944 0.000010
0.000011 0.999945 0.000012 0.000012 0.000010 0.000010
0.625129 0.253697 0.000010 0.121144 0.000010 0.000010
0.999950 0.000010 0.000010 0.000010 0.000010 0.000010
0.481475 0.000010 0.000010 0.518485 0.000010 0.000010
0.999950 0.000010 0.000010 0.000010 0.000010 0.000010
0.036759 0.288813 0.000010 0.674398 0.000010 0.000010
0.313367 0.000010 0.000010 0.667335 0.000010 0.019268
0.461222 0.074555 0.000010 0.419818 0.000010 0.044385
0.724039 0.000010 0.000010 0.275921 0.000010 0.000010
0.601627 0.278491 0.000010 0.119852 0.000010 0.000010
0.296431 0.380046 0.000010 0.252976 0.000010 0.070526
0.573982 0.000012 0.000010 0.425976 0.000010 0.000010
0.555542 0.028687 0.000010 0.272224 0.000010 0.143527
0.000010 0.000010 0.000010 0.999950 0.000010 0.000010
0.999950 0.000010 0.000010 0.000010 0.000010 0.000010
0.991159 0.008801 0.000010 0.000010 0.000010 0.000010
0.000010 0.000010 0.021673 0.000010 0.978287 0.000010
0.000010 0.999949 0.000011 0.000010 0.000010 0.000010
0.307188 0.452674 0.000010 0.218788 0.000010 0.021331
0.000010 0.983835 0.000010 0.016125 0.000010 0.000010
0.081062 0.908792 0.000010 0.010116 0.000010 0.000010
0.000010 0.000010 0.031675 0.000010 0.968285 0.000010
0.602591 0.000010 0.000010 0.397369 0.000010 0.000010
0.999950 0.000010 0.000010 0.000010 0.000010 0.000010
0.467992 0.175743 0.000010 0.356235 0.000010 0.000010
0.828055 0.011310 0.000010 0.160606 0.000010 0.000010
0.000010 0.000010 0.000010 0.999950 0.000010 0.000010
0.000010 0.000010 0.000017 0.000010 0.999943 0.000010
0.000010 0.999950 0.000010 0.000010 0.000010 0.000010
0.000010 0.763666 0.000012 0.236292 0.000010 0.000010
0.000010 0.999950 0.000010 0.000010 0.000010 0.000010
0.000010 0.999950 0.000010 0.000010 0.000010 0.000010
0.000010 0.000010 0.021903 0.000010 0.978057 0.000010
0.000010 0.000010 0.063629 0.000010 0.936331 0.000010
0.000010 0.999950 0.000010 0.000010 0.000010 0.000010
0.616792 0.112930 0.000010 0.270249 0.000010 0.000010
0.000010 0.999950 0.000010 0.000010 0.000010 0.000010
0.463882 0.162638 0.000010 0.349418 0.000010 0.024043
0.438741 0.040314 0.000010 0.510669 0.000010 0.010256
0.231088 0.550053 0.000010 0.218829 0.000010 0.000010
0.000010 0.000010 0.049274 0.000010 0.950686 0.000010
0.000010 0.000010 0.000010 0.000010 0.999950 0.000010
0.000010 0.000010 0.000012 0.000010 0.999948 0.000010
0.000010 0.000010 0.045028 0.000010 0.954932 0.000010
0.095365 0.693333 0.000010 0.211272 0.000010 0.000010
0.000010 0.000010 0.000018 0.000010 0.999942 0.000010
0.000010 0.000010 0.000010 0.000010 0.999950 0.000010
0.000010 0.000010 0.095315 0.000010 0.904645 0.000010
0.000010 0.000010 0.000014 0.000010 0.999946 0.000010
0.000010 0.000010 0.000010 0.000010 0.000010 0.999950
0.000010 0.000010 0.000010 0.000010 0.000010 0.999950
0.000012 0.048981 0.000010 0.150230 0.000010 0.800756
0.000010 0.000010 0.000010 0.000010 0.000010 0.999950
0.000010 0.000010 0.000010 0.000010 0.000010 0.999950
0.076713 0.274062 0.000010 0.520908 0.000010 0.128296
0.771480 0.000010 0.000010 0.000015 0.000010 0.228476
0.000010 0.332417 0.000010 0.505175 0.002903 0.159486
0.991046 0.000010 0.000010 0.000010 0.000010 0.008914
0.000010 0.000010 0.000010 0.999950 0.000010 0.000010
0.000010 0.000010 0.000010 0.999950 0.000010 0.000010
0.566129 0.000010 0.000010 0.360655 0.000010 0.073186
0.168266 0.000010 0.000010 0.240489 0.000010 0.591215
0.118146 0.000010 0.000010 0.881814 0.000010 0.000010
0.198214 0.016993 0.000010 0.321792 0.000010 0.462981
0.691909 0.204060 0.000010 0.000010 0.000010 0.104001
