0.000010 0.412382 0.587608
0.999980 0.000010 0.000010
0.000010 0.000010 0.999980
0.000010 0.000010 0.999980
0.032334 0.000010 0.967656
0.000010 0.682413 0.317577
0.000010 0.000010 0.999980
0.000010 0.999980 0.000010
0.000010 0.349304 0.650686
0.999980 0.000010 0.000010
0.000010 0.524811 0.475179
0.999980 0.000010 0.000010
0.000010 0.504666 0.495324
0.000010 0.361284 0.638706
0.000010 0.999980 0.000010
0.000010 0.382352 0.617638
0.999980 0.000010 0.000010
0.999980 0.000010 0.000010
0.000010 0.999980 0.000010
0.000010 0.000010 0.999980
0.000010 0.482774 0.517216
0.000010 0.460960 0.539030
0.966157 0.033833 0.000010
0.000010 0.149000 0.850990
0.999980 0.000010 0.000010
0.000010 0.999980 0.000010
0.999980 0.000010 0.000010
0.000010 0.544062 0.455928
0.999980 0.000010 0.000010
0.999980 0.000010 0.000010
0.000010 0.266210 0.733780
0.000010 0.999980 0.000010
0.000010 0.000010 0.999980
0.000010 0.000010 0.999980
0.999980 0.000010 0.000010
0.000010 0.254179 0.745811
0.000010 0.428420 0.571570
0.000010 0.628452 0.371538
0.000010 0.531354 0.468636
0.000010 0.000010 0.999980
0.000010 0.000010 0.999980
0.000010 0.000010 0.999980
0.957891 0.042099 0.000010
0.000010 0.349440 0.650550
0.000010 0.000010 0.999980
0.000010 0.999980 0.000010
0.000010 0.466987 0.533003
0.000010 0.000010 0.999980
0.000010 0.999980 0.000010
0.999980 0.000010 0.000010
0.999980 0.000010 0.000010
0.500620 0.000010 0.499370
0.000010 0.999980 0.000010
0.999980 0.000010 0.000010
0.000010 0.000010 0.999980
0.000010 0.999980 0.000010
0.028927 0.388707 0.582366
0.000010 0.554216 0.445774
0.000010 0.330141 0.669849
0.000010 0.903055 0.096935
0.999980 0.000010 0.000010
0.000010 0.590814 0.409176
0.032041 0.405273 0.562687
0.999980 0.000010 0.000010
0.000010 0.000010 0.999980
0.000010 0.000010 0.999980
0.000010 0.000010 0.999980
0.999980 0.000010 0.000010
0.992667 0.007323 0.000010
0.000010 0.000010 0.999980
0.999980 0.000010 0.000010
0.000010 0.000010 0.999980
0.999980 0.000010 0.000010
0.999980 0.000010 0.000010
0.999980 0.000010 0.000010
0.999980 0.000010 0.000010
0.000010 0.636600 0.363390
0.999980 0.000010 0.000010
0.049501 0.408942 0.541557
0.000010 0.999980 0.000010
0.000010 0.658083 0.341907
0.999980 0.000010 0.000010
0.000010 0.000010 0.999980
0.999980 0.000010 0.000010
0.000010 0.999980 0.000010
0.000010 0.000010 0.999980
0.000010 0.000010 0.999980
0.000010 0.999980 0.000010
0.000010 0.999980 0.000010
0.999980 0.000010 0.000010
0.999980 0.000010 0.000010
0.000010 0.000010 0.999980
