0.488062 0.000010 0.511918 0.000010
0.046067 0.953913 0.000010 0.000010
0.000010 0.000010 0.509150 0.490830
0.460433 0.000010 0.539547 0.000010
0.219172 0.000010 0.780808 0.000010
0.999970 0.000010 0.000010 0.000010
0.999970 0.000010 0.000010 0.000010
0.790292 0.000010 0.000010 0.209688
0.422329 0.000010 0.577651 0.000010
0.000010 0.999970 0.000010 0.000010
0.668272 0.000010 0.331708 0.000010
0.000010 0.999970 0.000010 0.000010
0.157308 0.000010 0.286424 0.556258
0.401532 0.000010 0.598448 0.000010
0.509394 0.000010 0.000010 0.490586
0.000010 0.000010 0.999970 0.000010
0.000010 0.999970 0.000010 0.000010
0.000010 0.999970 0.000010 0.000010
0.000010 0.000010 0.000010 0.999970
0.999970 0.000010 0.000010 0.000010
0.999970 0.000010 0.000010 0.000010
0.999970 0.000010 0.000010 0.000010
0.085496 0.914484 0.000010 0.000010
0.269363 0.000010 0.730617 0.000010
0.000010 0.999970 0.000010 0.000010
0.999970 0.000010 0.000010 0.000010
0.000010 0.999970 0.000010 0.000010
0.999970 0.000010 0.000010 0.000010
0.000010 0.999970 0.000010 0.000010
0.000010 0.999970 0.000010 0.000010
0.000010 0.000010 0.837180 0.162800
0.000010 0.000010 0.999970 0.000010
0.000010 0.000010 0.999970 0.000010
0.000010 0.000010 0.999970 0.000010
0.000010 0.999970 0.000010 0.000010
0.403275 0.000010 0.293421 0.303294
0.415717 0.000010 0.584263 0.000010
0.000010 0.000010 0.000010 0.999970
0.444655 0.000010 0.555325 0.000010
0.000010 0.000010 0.999970 0.000010
0.420697 0.000010 0.579283 0.000010
0.999970 0.000010 0.000010 0.000010
0.000010 0.956183 0.043797 0.000010
0.288820 0.000010 0.711160 0.000010
0.999970 0.000010 0.000010 0.000010
0.000010 0.000010 0.000010 0.999970
0.451236 0.000010 0.000010 0.548744
0.000010 0.000010 0.193851 0.806129
0.000010 0.000010 0.384455 0.615525
0.000010 0.999970 0.000010 0.000010
0.000010 0.999970 0.000010 0.000010
0.194659 0.503775 0.301556 0.000010
0.999970 0.000010 0.000010 0.000010
0.000010 0.999970 0.000010 0.000010
0.425585 0.000010 0.574395 0.000010
0.999970 0.000010 0.000010 0.000010
0.999970 0.000010 0.000010 0.000010
0.000010 0.000010 0.999970 0.000010
0.999970 0.000010 0.000010 0.000010
0.999970 0.000010 0.000010 0.000010
0.000010 0.999970 0.000010 0.000010
0.000010 0.000010 0.999970 0.000010
0.726283 0.000010 0.273697 0.000010
0.000010 0.999970 0.000010 0.000010
0.270777 0.000010 0.729203 0.000010
0.000010 0.000010 0.999970 0.000010
0.000010 0.000010 0.000010 0.999970
0.000010 0.999970 0.000010 0.000010
0.045622 0.954358 0.000010 0.000010
0.000010 0.000010 0.999970 0.000010
0.031428 0.968552 0.000010 0.000010
0.601772 0.000010 0.000010 0.398208
0.000010 0.999970 0.000010 0.000010
0.000010 0.999970 0.000010 0.000010
0.000014 0.999966 0.000010 0.000010
0.000010 0.999970 0.000010 0.000010
0.000010 0.000010 0.000010 0.999970
0.000010 0.999970 0.000010 0.000010
0.000010 0.000010 0.999970 0.000010
0.999970 0.000010 0.000010 0.000010
0.000010 0.000010 0.596710 0.403270
0.000010 0.999970 0.000010 0.000010
0.000010 0.000010 0.999970 0.000010
0.000010 0.999970 0.000010 0.000010
0.309690 0.000010 0.690290 0.000010
0.000010 0.000010 0.999970 0.000010
0.000010 0.000010 0.645573 0.354407
0.000010 0.000010 0.673437 0.326543
0.000010 0.000010 0.999970 0.000010
0.000010 0.999970 0.000010 0.000010
0.000010 0.999970 0.000010 0.000010
0.999970 0.000010 0.000010 0.000010
