0.999960 0.000010 0.000010 0.000010 0.000010
0.000010 0.000010 0.000010 0.999960 0.000010
0.000010 0.000010 0.999960 0.000010 0.000010
0.448940 0.000010 0.424139 0.000010 0.126901
0.136820 0.027112 0.291287 0.000010 0.544771
0.000010 0.000010 0.580637 0.000010 0.419333
0.124030 0.000010 0.606298 0.000010 0.269651
0.999960 0.000010 0.000010 0.000010 0.000010
0.000010 0.000010 0.999960 0.000010 0.000010
0.000010 0.999960 0.000010 0.000010 0.000010
0.999960 0.000010 0.000010 0.000010 0.000010
0.000010 0.999960 0.000010 0.000010 0.000010
0.000010 0.000010 0.000010 0.000010 0.999960
0.538121 0.000010 0.461849 0.000010 0.000010
0.000010 0.000010 0.519469 0.000010 0.480501
0.999960 0.000010 0.000010 0.000010 0.000010
0.000010 0.999960 0.000010 0.000010 0.000010
0.000010 0.605510 0.000010 0.394460 0.000010
0.000010 0.000010 0.000010 0.000010 0.999960
0.000010 0.032076 0.431894 0.000010 0.536010
0.000010 0.000010 0.619700 0.000010 0.380270
0.999960 0.000010 0.000010 0.000010 0.000010
0.000010 0.000010 0.000010 0.999960 0.000010
0.296318 0.000010 0.703652 0.000010 0.000010
0.000010 0.999960 0.000010 0.000010 0.000010
0.999960 0.000010 0.000010 0.000010 0.000010
0.000010 0.999960 0.000010 0.000010 0.000010
0.000010 0.000010 0.000010 0.000010 0.999960
0.000010 0.000010 0.000010 0.999960 0.000010
0.000010 0.999960 0.000010 0.000010 0.000010
0.000010 0.000010 0.999960 0.000010 0.000010
0.000010 0.000010 0.999960 0.000010 0.000010
0.536514 0.000010 0.463456 0.000010 0.000010
0.541204 0.000010 0.000010 0.000010 0.458766
0.000010 0.855372 0.000012 0.144596 0.000010
0.000010 0.000010 0.393677 0.000010 0.606293
0.644868 0.000010 0.096632 0.000010 0.258480
0.000010 0.000010 0.809864 0.000010 0.190106
0.999960 0.000010 0.000010 0.000010 0.000010
0.416076 0.019819 0.564086 0.000010 0.000010
0.999960 0.000010 0.000010 0.000010 0.000010
0.503820 0.000010 0.000010 0.000010 0.496150
0.000010 0.537612 0.000010 0.462358 0.000010
0.770326 0.000010 0.000010 0.000010 0.229644
0.000010 0.000010 0.999960 0.000010 0.000010
0.000010 0.000010 0.000010 0.000010 0.999960
0.209705 0.000010 0.306015 0.000010 0.484260
0.000010 0.000010 0.526933 0.000010 0.473037
0.000010 0.000010 0.000010 0.000010 0.999960
0.000010 0.999960 0.000010 0.000010 0.000010
0.000010 0.999960 0.000010 0.000010 0.000010
0.000010 0.380299 0.484240 0.135440 0.000010
0.340188 0.014697 0.306151 0.000010 0.338953
0.000010 0.999960 0.000010 0.000010 0.000010
0.000010 0.000010 0.999960 0.000010 0.000010
0.000010 0.000010 0.000010 0.000010 0.999960
0.000010 0.000010 0.961362 0.038608 0.000010
0.999960 0.000010 0.000010 0.000010 0.000010
0.510864 0.000010 0.489106 0.000010 0.000010
0.000010 0.000010 0.999960 0.000010 0.000010
0.000010 0.999960 0.000010 0.000010 0.000010
0.000010 0.000010 0.999960 0.000010 0.000010
0.999960 0.000010 0.000010 0.000010 0.000010
0.000010 0.999960 0.000010 0.000010 0.000010
0.000010 0.000010 0.999960 0.000010 0.000010
0.000010 0.000010 0.999960 0.000010 0.000010
0.000010 0.000010 0.000010 0.000010 0.999960
0.000010 0.513358 0.000010 0.486612 0.000010
0.000010 0.000010 0.000010 0.999960 0.000010
0.000010 0.000010 0.570636 0.000010 0.429334
0.000010 0.998431 0.000010 0.000010 0.001539
0.000010 0.000010 0.000010 0.000010 0.999960
0.000010 0.999960 0.000010 0.000010 0.000010
0.000010 0.492469 0.000010 0.507501 0.000010
0.000010 0.000010 0.000010 0.999960 0.000010
0.000010 0.592290 0.000010 0.407680 0.000010
0.000010 0.000010 0.999960 0.000010 0.000010
0.000010 0.663808 0.000010 0.336162 0.000010
0.137237 0.056381 0.806362 0.000010 0.000010
0.000010 0.000010 0.000010 0.000010 0.999960
0.694634 0.000010 0.305336 0.000010 0.000010
0.000010 0.999960 0.000010 0.000010 0.000010
0.000010 0.000010 0.999960 0.000010 0.000010
0.000010 0.000010 0.000010 0.999960 0.000010
0.999960 0.000010 0.000010 0.000010 0.000010
0.594569 0.000010 0.405401 0.000010 0.000010
0.499373 0.000010 0.000010 0.000010 0.500597
0.999960 0.000010 0.000010 0.000010 0.000010
0.999960 0.000010 0.000010 0.000010 0.000010
0.000010 0.605490 0.000010 0.394480 0.000010
0.000010 0.999960 0.000010 0.000010 0.000010
0.715508 0.000010 0.000010 0.000010 0.284462
