0.000010 0.435207 0.564783
0.999980 0.000010 0.000010
0.000010 0.000010 0.999980
0.000010 0.000010 0.999980
0.028305 0.562300 0.409396
0.000010 0.706975 0.293015
0.000010 0.000010 0.999980
0.000010 0.999980 0.000010
0.000010 0.000010 0.999980
0.999980 0.000010 0.000010
0.000010 0.999980 0.000010
0.999980 0.000010 0.000010
0.000010 0.999980 0.000010
0.000010 0.471423 0.528567
0.000010 0.256649 0.743341
0.000010 0.507997 0.491993
0.936364 0.063626 0.000010
0.999980 0.000010 0.000010
0.000010 0.999980 0.000010
0.000010 0.999980 0.000010
0.000010 0.565313 0.434677
0.000010 0.000010 0.999980
0.999980 0.000010 0.000010
0.000010 0.451070 0.548920
0.999980 0.000010 0.000010
0.000010 0.999980 0.000010
0.999980 0.000010 0.000010
0.000010 0.507510 0.492480
0.999980 0.000010 0.000010
0.989166 0.010824 0.000010
0.000010 0.507596 0.492394
0.000010 0.712682 0.287308
0.000010 0.000010 0.999980
0.000010 0.000010 0.999980
0.999980 0.000010 0.000010
0.000010 0.665173 0.334817
0.000010 0.348022 0.651968
0.000010 0.999980 0.000010
0.000010 0.562242 0.437748
0.000010 0.000010 0.999980
0.000010 0.650486 0.349504
0.000010 0.999980 0.000010
0.999980 0.000010 0.000010
0.000010 0.999980 0.000010
0.000010 0.000010 0.999980
0.000010 0.999980 0.000010
0.000010 0.999980 0.000010
0.000010 0.000010 0.999980
0.000010 0.864602 0.135388
0.999980 0.000010 0.000010
0.999980 0.000010 0.000010
0.432702 0.000010 0.567288
0.000010 0.999980 0.000010
0.999980 0.000010 0.000010
0.000010 0.000010 0.999980
0.000010 0.693789 0.306201
0.000010 0.098028 0.901962
0.000010 0.378641 0.621349
0.000010 0.405795 0.594195
0.000010 0.000010 0.999980
0.999980 0.000010 0.000010
0.000010 0.000010 0.999980
0.023372 0.976618 0.000010
0.999980 0.000010 0.000010
0.000010 0.461586 0.538404
0.000010 0.000010 0.999980
0.000010 0.543281 0.456709
0.959405 0.000010 0.040585
0.999980 0.000010 0.000010
0.000010 0.000010 0.999980
0.999980 0.000010 0.000010
0.000010 0.000010 0.999980
0.999980 0.000010 0.000010
0.999980 0.000010 0.000010
0.999980 0.000010 0.000010
0.999980 0.000010 0.000010
0.000010 0.000010 0.999980
0.999980 0.000010 0.000010
0.033216 0.387126 0.579658
0.000010 0.999980 0.000010
0.000010 0.446362 0.553628
0.964736 0.035254 0.000010
0.000010 0.000010 0.999980
0.999980 0.000010 0.000010
0.000010 0.794549 0.205441
0.000010 0.381345 0.618645
0.000010 0.631921 0.368069
0.000010 0.000010 0.999980
0.000010 0.999980 0.000010
0.999980 0.000010 0.000010
0.999980 0.000010 0.000010
0.000010 0.000010 0.999980
0.999980 0.000010 0.000010
0.000010 0.000010 0.999980
0.000010 0.361458 0.638532
0.999980 0.000010 0.000010
0.000010 0.999980 0.000010
0.935286 0.000010 0.064704
