0.000010 0.000010 0.999950 0.000010 0.000010 0.000010
0.000010 0.000010 0.000010 0.000010 0.999950 0.000010
0.000010 0.000010 0.000010 0.000010 0.000010 0.999950
0.470395 0.000010 0.098852 0.430723 0.000010 0.000010
0.732335 0.000010 0.000010 0.267625 0.000010 0.000010
0.594563 0.000010 0.405397 0.000010 0.000010 0.000010
0.000010 0.000010 0.000010 0.527518 0.000010 0.472442
0.619905 0.106018 0.000010 0.000010 0.000010 0.274047
0.000010 0.000010 0.473202 0.526758 0.000010 0.000010
0.000010 0.757471 0.000010 0.000010 0.242489 0.000010
0.000010 0.000010 0.000010 0.000010 0.000010 0.999950
0.000010 0.475934 0.000010 0.000010 0.524026 0.000010
0.000010 0.000010 0.000010 0.999950 0.000010 0.000010
0.000010 0.000010 0.704868 0.295092 0.000010 0.000010
0.248222 0.000010 0.164749 0.000010 0.000010 0.586999
0.077935 0.000010 0.441726 0.430168 0.050150 0.000010
0.000010 0.000010 0.000010 0.000010 0.999950 0.000010
0.041667 0.506194 0.000010 0.000010 0.452109 0.000010
0.999950 0.000010 0.000010 0.000010 0.000010 0.000010
0.346976 0.000010 0.000010 0.652984 0.000010 0.000010
0.000010 0.000010 0.000010 0.999950 0.000010 0.000010
0.999950 0.000010 0.000010 0.000010 0.000010 0.000010
0.007893 0.000010 0.000010 0.000010 0.992067 0.000010
0.213249 0.000010 0.183707 0.603015 0.000010 0.000010
0.000010 0.000010 0.000010 0.000010 0.999950 0.000010
0.000010 0.000010 0.000010 0.401356 0.000010 0.598604
0.000010 0.000010 0.000010 0.000010 0.999950 0.000010
0.000010 0.000010 0.000010 0.000010 0.000010 0.999950
0.000010 0.000010 0.000010 0.000010 0.999950 0.000010
0.000010 0.000010 0.000010 0.000010 0.999950 0.000010
0.353630 0.000010 0.000010 0.489436 0.000010 0.156904
0.824031 0.000010 0.000010 0.000010 0.000010 0.175929
0.149390 0.000010 0.000010 0.000010 0.000010 0.850570
0.420954 0.000010 0.000010 0.000010 0.048873 0.530142
0.000010 0.999950 0.000010 0.000010 0.000010 0.000010
0.000010 0.000010 0.000010 0.999950 0.000010 0.000010
0.000010 0.000010 0.000010 0.247296 0.056227 0.696447
0.540849 0.000010 0.000010 0.459111 0.000010 0.000010
0.000010 0.000010 0.000010 0.000010 0.000010 0.999950
0.904946 0.095014 0.000010 0.000010 0.000010 0.000010
0.000010 0.000010 0.000010 0.999950 0.000010 0.000010
0.000010 0.000010 0.186588 0.000010 0.000010 0.813372
0.000010 0.000010 0.000010 0.000010 0.999950 0.000010
0.579553 0.000010 0.159183 0.042443 0.000010 0.218801
0.723522 0.000010 0.000010 0.000010 0.000010 0.276438
0.000010 0.000010 0.999950 0.000010 0.000010 0.000010
0.292934 0.000010 0.000010 0.091140 0.000010 0.615897
0.000010 0.000010 0.543525 0.456435 0.000010 0.000010
0.999950 0.000010 0.000010 0.000010 0.000010 0.000010
0.000010 0.000010 0.000010 0.000010 0.999950 0.000010
0.000010 0.243535 0.000010 0.000010 0.756425 0.000010
0.000010 0.069877 0.254261 0.222619 0.453224 0.000010
0.419467 0.000010 0.252519 0.327984 0.000010 0.000010
0.000010 0.000010 0.000010 0.000010 0.999950 0.000010
0.783582 0.000010 0.000010 0.216378 0.000010 0.000010
0.588329 0.000010 0.123812 0.287829 0.000010 0.000010
0.623628 0.000010 0.057131 0.000010 0.009251 0.309971
0.070974 0.000010 0.674676 0.000010 0.000010 0.254320
0.999950 0.000010 0.000010 0.000010 0.000010 0.000010
0.597071 0.000010 0.000010 0.152232 0.000010 0.250667
0.105597 0.894363 0.000010 0.000010 0.000010 0.000010
0.332823 0.000010 0.362949 0.000010 0.000010 0.304198
0.999950 0.000010 0.000010 0.000010 0.000010 0.000010
0.000010 0.381146 0.000010 0.000010 0.618814 0.000010
0.767867 0.000010 0.000010 0.232093 0.000010 0.000010
0.129918 0.000010 0.587199 0.000010 0.000010 0.282853
0.162510 0.000010 0.000010 0.462781 0.000010 0.374679
0.000010 0.000010 0.000010 0.000010 0.999950 0.000010
0.091082 0.166641 0.000010 0.000010 0.742247 0.000010
0.999950 0.000010 0.000010 0.000010 0.000010 0.000010
0.000010 0.250382 0.000010 0.000010 0.719548 0.030040
0.000010 0.000010 0.000010 0.000010 0.000010 0.999950
0.000010 0.186610 0.000010 0.000010 0.813350 0.000010
0.000010 0.217114 0.000010 0.000010 0.782846 0.000010
0.000010 0.999950 0.000010 0.000010 0.000010 0.000010
0.000010 0.000010 0.000010 0.101997 0.897963 0.000010
0.213132 0.083457 0.106582 0.596810 0.000010 0.000010
0.000010 0.356442 0.000010 0.000010 0.592832 0.050697
0.496622 0.000010 0.000010 0.503338 0.000010 0.000010
0.660907 0.000010 0.000010 0.339053 0.000010 0.000010
0.201331 0.000010 0.375139 0.363664 0.000010 0.059846
0.000010 0.000010 0.000010 0.102823 0.897137 0.000010
0.000010 0.000010 0.000010 0.461294 0.000010 0.538666
0.000010 0.385405 0.000010 0.000010 0.614555 0.000010
0.000010 0.000010 0.999950 0.000010 0.000010 0.000010
0.000010 0.000010 0.828354 0.171606 0.000010 0.000010
0.353197 0.000010 0.249908 0.396865 0.000010 0.000010
0.877628 0.000010 0.000010 0.000010 0.122332 0.000010
0.000010 0.000010 0.000010 0.999950 0.000010 0.000010
0.000010 0.000010 0.000010 0.000010 0.999950 0.000010
0.000010 0.539736 0.000010 0.000010 0.460224 0.000010
0.000010 0.000010 0.000010 0.486321 0.000010 0.513639
0.000010 0.333588 0.000010 0.000010 0.666372 0.000010
0.576852 0.005041 0.118373 0.299713 0.000010 0.000010
0.000010 0.000010 0.999950 0.000010 0.000010 0.000010
0.000010 0.000010 0.000010 0.000010 0.999950 0.000010
0.646578 0.000010 0.000010 0.000010 0.095400 0.257993
0.000010 0.999950 0.000010 0.000010 0.000010 0.000010
