0.000010 0.000010 0.000010 0.000010 0.000010 0.000010 0.722771 0.000010 0.277159
0.000010 0.000010 0.821751 0.178179 0.000010 0.000010 0.000010 0.000010 0.000010
0.506239 0.000010 0.090948 0.000010 0.000010 0.000010 0.000010 0.000010 0.402754
0.000010 0.000010 0.000010 0.000010 0.000010 0.000010 0.296822 0.703108 0.000010
0.000010 0.000010 0.000010 0.017754 0.000010 0.000010 0.236129 0.397337 0.348731
0.000010 0.000010 0.000010 0.000010 0.000010 0.000010 0.519885 0.000010 0.480045
0.999920 0.000010 0.000010 0.000010 0.000010 0.000010 0.000010 0.000010 0.000010
0.000010 0.000010 0.000010 0.000010 0.126098 0.000010 0.184686 0.689156 0.000010
0.367004 0.000010 0.000010 0.000010 0.000010 0.000010 0.632926 0.000010 0.000010
0.000010 0.000010 0.000010 0.646589 0.353341 0.000010 0.000010 0.000010 0.000010
0.418072 0.000010 0.042250 0.000010 0.000010 0.000010 0.038302 0.104712 0.396625
0.000010 0.000010 0.000010 0.000010 0.999920 0.000010 0.000010 0.000010 0.000010
0.999920 0.000010 0.000010 0.000010 0.000010 0.000010 0.000010 0.000010 0.000010
0.000010 0.000010 0.000010 0.076019 0.000010 0.000010 0.000010 0.000010 0.923911
0.000010 0.000010 0.000010 0.000010 0.000010 0.000010 0.462739 0.000010 0.537191
0.196643 0.000010 0.114958 0.000010 0.000010 0.000010 0.428180 0.000010 0.260169
0.000010 0.000010 0.371124 0.000010 0.628806 0.000010 0.000010 0.000010 0.000010
0.000010 0.000010 0.483667 0.005396 0.460211 0.000010 0.000010 0.050676 0.000010
0.000010 0.000010 0.000010 0.000010 0.000010 0.000010 0.000010 0.999920 0.000010
0.460933 0.000010 0.000010 0.000010 0.000010 0.000010 0.000010 0.538997 0.000010
0.283095 0.000010 0.000010 0.000010 0.000010 0.000010 0.000010 0.716835 0.000010
0.000010 0.000010 0.000010 0.000010 0.000010 0.000010 0.000010 0.465314 0.534616
0.000010 0.000010 0.999920 0.000010 0.000010 0.000010 0.000010 0.000010 0.000010
0.261831 0.000010 0.000010 0.000010 0.000010 0.000010 0.299450 0.299600 0.139070
0.000010 0.000010 0.293213 0.000010 0.706717 0.000010 0.000010 0.000010 0.000010
0.999920 0.000010 0.000010 0.000010 0.000010 0.000010 0.000010 0.000010 0.000010
0.000010 0.000010 0.393938 0.000010 0.605992 0.000010 0.000010 0.000010 0.000010
0.372963 0.000010 0.000010 0.000010 0.000010 0.000010 0.000010 0.000010 0.626967
0.000010 0.000010 0.000010 0.000010 0.999920 0.000010 0.000010 0.000010 0.000010
0.000010 0.000010 0.289136 0.358208 0.352596 0.000010 0.000010 0.000010 0.000010
0.334396 0.000010 0.000010 0.000010 0.000010 0.000010 0.000010 0.324053 0.341491
0.000010 0.000010 0.000010 0.034303 0.000010 0.000010 0.352759 0.390861 0.222027
0.000010 0.000010 0.000010 0.000010 0.000010 0.459572 0.000010 0.000010 0.540358
0.000010 0.000010 0.104899 0.000010 0.000010 0.000010 0.000010 0.000010 0.895031
0.000010 0.000010 0.000010 0.999920 0.000010 0.000010 0.000010 0.000010 0.000010
0.754123 0.000010 0.000010 0.000010 0.000010 0.000010 0.000010 0.000010 0.245807
0.999920 0.000010 0.000010 0.000010 0.000010 0.000010 0.000010 0.000010 0.000010
0.138376 0.000010 0.023845 0.000010 0.000010 0.147888 0.161819 0.528033 0.000010
0.000010 0.000010 0.000010 0.000010 0.000010 0.000010 0.000010 0.000010 0.999920
0.000010 0.000010 0.000010 0.104892 0.000010 0.000010 0.250448 0.313129 0.331481
0.661860 0.000010 0.000010 0.000010 0.000010 0.000010 0.316119 0.021961 0.000010
0.188061 0.000010 0.000010 0.000010 0.000010 0.060743 0.352786 0.314329 0.084041
0.000010 0.000010 0.000010 0.999920 0.000010 0.000010 0.000010 0.000010 0.000010
0.255348 0.000010 0.000010 0.000010 0.000010 0.000010 0.191658 0.313705 0.239238
0.000010 0.000010 0.000010 0.000010 0.000010 0.957389 0.000010 0.000010 0.042541
0.000010 0.000010 0.000010 0.000010 0.000010 0.999920 0.000010 0.000010 0.000010
0.581399 0.000010 0.000010 0.000010 0.000010 0.000010 0.006594 0.401440 0.010517
0.000010 0.000010 0.000010 0.000010 0.000010 0.000010 0.685857 0.000010 0.314073
0.000010 0.000010 0.000010 0.000010 0.000010 0.000010 0.000010 0.529748 0.470182
0.000010 0.000010 0.000010 0.445131 0.554799 0.000010 0.000010 0.000010 0.000010
0.000010 0.197435 0.640418 0.162086 0.000010 0.000010 0.000010 0.000010 0.000010
0.000010 0.000010 0.000010 0.617102 0.000010 0.000010 0.382828 0.000010 0.000010
0.000010 0.000010 0.000010 0.000010 0.000010 0.000010 0.464467 0.535463 0.000010
0.000010 0.000010 0.488773 0.156356 0.354811 0.000010 0.000010 0.000010 0.000010
0.000010 0.000010 0.000010 0.000010 0.000010 0.000010 0.000010 0.996047 0.003883
0.000010 0.000010 0.000010 0.000010 0.000010 0.000010 0.000010 0.999920 0.000010
0.000010 0.033835 0.000010 0.000010 0.000010 0.000010 0.000010 0.522154 0.443951
0.221407 0.000010 0.000010 0.000010 0.000010 0.000010 0.098834 0.000010 0.679699
0.000010 0.000010 0.000010 0.000010 0.000010 0.000010 0.000010 0.473989 0.525941
0.231290 0.000010 0.000010 0.000010 0.000010 0.000010 0.000010 0.460772 0.307878
0.000010 0.000010 0.000010 0.000010 0.765741 0.000010 0.234189 0.000010 0.000010
0.000010 0.000010 0.000010 0.000010 0.000010 0.000010 0.521454 0.000010 0.478476
0.000010 0.000010 0.000010 0.000010 0.000010 0.000010 0.000010 0.999920 0.000010
0.000010 0.999920 0.000010 0.000010 0.000010 0.000010 0.000010 0.000010 0.000010
0.000010 0.000010 0.000010 0.000010 0.000010 0.000010 0.000010 0.999920 0.000010
0.000010 0.000010 0.000010 0.000010 0.000010 0.000010 0.547944 0.000010 0.451986
0.395679 0.000010 0.000010 0.000010 0.000010 0.000010 0.054135 0.112082 0.438054
0.000010 0.000010 0.000010 0.503373 0.496557 0.000010 0.000010 0.000010 0.000010
0.000010 0.000010 0.999920 0.000010 0.000010 0.000010 0.000010 0.000010 0.000010
0.000010 0.000010 0.000010 0.000010 0.000010 0.000010 0.000010 0.999920 0.000010
0.000010 0.000010 0.000010 0.000010 0.999920 0.000010 0.000010 0.000010 0.000010
0.665864 0.000010 0.000010 0.000010 0.000010 0.000010 0.334066 0.000010 0.000010
0.000010 0.000010 0.000010 0.000010 0.999920 0.000010 0.000010 0.000010 0.000010
0.000010 0.000010 0.999920 0.000010 0.000010 0.000010 0.000010 0.000010 0.000010
0.000010 0.999920 0.000010 0.000010 0.000010 0.000010 0.000010 0.000010 0.000010
0.000010 0.000010 0.874246 0.125684 0.000010 0.000010 0.000010 0.000010 0.000010
0.283662 0.000010 0.000010 0.106439 0.000010 0.117017 0.457689 0.020515 0.014648
0.000010 0.000010 0.294254 0.652972 0.000010 0.000010 0.000010 0.000010 0.052713
0.450715 0.000010 0.000010 0.000010 0.000010 0.000010 0.000010 0.428405 0.120820
0.159903 0.000010 0.000010 0.000010 0.000010 0.000010 0.000010 0.840027 0.000010
0.311359 0.000010 0.000010 0.000010 0.000010 0.000010 0.465938 0.000010 0.222643
0.079213 0.000010 0.466667 0.000010 0.454060 0.000010 0.000010 0.000010 0.000010
0.456790 0.000010 0.000010 0.000010 0.000010 0.000010 0.000010 0.221689 0.321461
0.000010 0.000010 0.460383 0.223724 0.315834 0.000010 0.000010 0.000010 0.000010
0.000010 0.000010 0.000010 0.000010 0.000010 0.000010 0.999920 0.000010 0.000010
0.000010 0.000010 0.000010 0.000010 0.000010 0.000010 0.675212 0.000010 0.324718
0.000010 0.000010 0.000010 0.000010 0.000010 0.000010 0.495009 0.504921 0.000010
0.369442 0.222031 0.000010 0.000010 0.000010 0.000010 0.000010 0.000010 0.408467
0.999920 0.000010 0.000010 0.000010 0.000010 0.000010 0.000010 0.000010 0.000010
0.000010 0.000010 0.999920 0.000010 0.000010 0.000010 0.000010 0.000010 0.000010
0.000010 0.000010 0.214677 0.330938 0.454325 0.000010 0.000010 0.000010 0.000010
0.444545 0.000010 0.000010 0.000010 0.000010 0.000010 0.067751 0.000010 0.487644
0.000010 0.000010 0.000010 0.450954 0.548976 0.000010 0.000010 0.000010 0.000010
0.385812 0.000010 0.000010 0.023911 0.000010 0.000010 0.265384 0.324843 0.000010
0.000010 0.000010 0.000010 0.000010 0.000010 0.000010 0.999920 0.000010 0.000010
0.000010 0.000010 0.352413 0.000010 0.647517 0.000010 0.000010 0.000010 0.000010
0.099578 0.000010 0.116666 0.000010 0.000010 0.000010 0.000010 0.783696 0.000010
0.000010 0.000010 0.000010 0.999920 0.000010 0.000010 0.000010 0.000010 0.000010
