0.204320 0.469757 0.000010 0.000010 0.325883 0.000010 0.000010
0.000010 0.000010 0.000010 0.000010 0.000010 0.999940 0.000010
0.163508 0.833311 0.000010 0.000010 0.000010 0.000010 0.003141
0.450935 0.000010 0.000010 0.000010 0.000010 0.000010 0.549015
0.000010 0.000010 0.000010 0.000010 0.999940 0.000010 0.000010
0.479378 0.000011 0.000010 0.000010 0.520571 0.000010 0.000010
0.000010 0.378005 0.000010 0.000010 0.000010 0.000010 0.621945
0.353310 0.000010 0.035044 0.000010 0.309932 0.056712 0.244982
0.517057 0.066340 0.000010 0.000010 0.000010 0.000010 0.416562
0.000010 0.000010 0.000010 0.000010 0.000010 0.999940 0.000010
0.319289 0.680661 0.000010 0.000010 0.000010 0.000010 0.000010
0.000010 0.000010 0.866332 0.000010 0.000010 0.133618 0.000010
0.000010 0.000010 0.000010 0.000010 0.000010 0.000010 0.999940
0.906791 0.004728 0.000010 0.000010 0.000010 0.088441 0.000010
0.842558 0.157392 0.000010 0.000010 0.000010 0.000010 0.000010
0.179525 0.000010 0.000010 0.000010 0.430994 0.050229 0.339222
0.000010 0.000010 0.430900 0.000010 0.000010 0.569050 0.000010
0.000010 0.000010 0.334751 0.117384 0.056396 0.491438 0.000010
0.999940 0.000010 0.000010 0.000010 0.000010 0.000010 0.000010
0.449583 0.000010 0.000010 0.000010 0.000010 0.000010 0.550367
0.000010 0.000010 0.000010 0.000010 0.000010 0.000010 0.999940
0.000010 0.000010 0.000010 0.000010 0.999940 0.000010 0.000010
0.000010 0.000010 0.000010 0.000010 0.000010 0.999940 0.000010
0.528343 0.000010 0.000010 0.000010 0.000010 0.000010 0.471607
0.000010 0.000010 0.000010 0.000010 0.000010 0.999940 0.000010
0.000010 0.378772 0.000010 0.000010 0.000010 0.000010 0.621178
0.000010 0.000010 0.372394 0.000010 0.000010 0.627556 0.000010
0.396529 0.597877 0.000010 0.000010 0.000010 0.000010 0.005554
0.000010 0.000010 0.000010 0.000010 0.000010 0.999940 0.000010
0.000010 0.000010 0.000010 0.000010 0.000010 0.999940 0.000010
0.453339 0.238236 0.000010 0.000010 0.000010 0.000010 0.308385
0.000010 0.000010 0.000010 0.000010 0.999940 0.000010 0.000010
0.000010 0.714264 0.000010 0.000010 0.285686 0.000010 0.000010
0.000010 0.457699 0.064106 0.000010 0.478155 0.000010 0.000010
0.000010 0.000010 0.412893 0.000010 0.000010 0.587057 0.000010
0.000010 0.000010 0.000010 0.000010 0.000010 0.000010 0.999940
0.000010 0.583333 0.000010 0.000010 0.000010 0.000010 0.416617
0.000010 0.000010 0.000010 0.000010 0.613456 0.000010 0.386494
0.000010 0.653647 0.000010 0.000010 0.346303 0.000010 0.000010
0.511996 0.000010 0.152045 0.000010 0.335920 0.000010 0.000010
0.000010 0.000010 0.000010 0.000010 0.000010 0.000010 0.999940
0.579376 0.420574 0.000010 0.000010 0.000010 0.000010 0.000010
0.000010 0.000010 0.000010 0.629080 0.000010 0.370870 0.000010
0.360791 0.000010 0.000010 0.000010 0.405587 0.000010 0.233582
0.000010 0.185900 0.000010 0.000010 0.814050 0.000010 0.000010
0.000010 0.999940 0.000010 0.000010 0.000010 0.000010 0.000010
0.144186 0.000010 0.000010 0.000010 0.244226 0.000010 0.611549
0.484806 0.000010 0.000010 0.000010 0.343559 0.000010 0.171594
0.999940 0.000010 0.000010 0.000010 0.000010 0.000010 0.000010
0.000010 0.000010 0.000010 0.000010 0.000010 0.999940 0.000010
0.000010 0.000010 0.594895 0.000010 0.000010 0.405055 0.000010
0.472366 0.000010 0.081387 0.000010 0.000010 0.446208 0.000010
0.000010 0.000010 0.000010 0.000010 0.578351 0.000010 0.421599
0.000010 0.000010 0.000010 0.000010 0.000010 0.999940 0.000010
0.376779 0.000010 0.000010 0.036975 0.264770 0.000010 0.321447
0.337150 0.000010 0.000010 0.000010 0.398606 0.000010 0.264204
0.000010 0.000010 0.000010 0.000010 0.999940 0.000010 0.000010
0.883030 0.116920 0.000010 0.000010 0.000010 0.000010 0.000010
0.591373 0.000010 0.000010 0.000010 0.408577 0.000010 0.000010
0.000010 0.000010 0.000010 0.000010 0.612860 0.000010 0.387090
0.036761 0.000010 0.963189 0.000010 0.000010 0.000010 0.000010
0.396171 0.000010 0.000010 0.000010 0.603779 0.000010 0.000010
0.289710 0.000010 0.000010 0.000010 0.432121 0.000010 0.278129
0.000010 0.000010 0.587975 0.000010 0.000010 0.411975 0.000010
0.166906 0.000010 0.000010 0.000010 0.511489 0.000010 0.321564
0.233268 0.000010 0.000010 0.000010 0.766682 0.000010 0.000010
0.547464 0.000010 0.000010 0.000010 0.000010 0.000010 0.452486
0.000010 0.000010 0.437273 0.000010 0.000010 0.562677 0.000010
0.077573 0.000010 0.610607 0.000010 0.000010 0.311780 0.000010
0.000010 0.000010 0.026441 0.000010 0.720894 0.000010 0.252625
0.000010 0.000010 0.470410 0.000010 0.000010 0.529540 0.000010
0.131168 0.159834 0.000010 0.000010 0.000010 0.000010 0.708958
0.000010 0.000010 0.505968 0.000010 0.000010 0.493982 0.000010
0.000010 0.000010 0.231696 0.000010 0.000010 0.768254 0.000010
0.000010 0.000010 0.000010 0.999940 0.000010 0.000010 0.000010
0.000010 0.000010 0.000010 0.000010 0.000010 0.834541 0.165409
0.254697 0.000010 0.000010 0.000010 0.249575 0.106036 0.389661
0.000010 0.000010 0.999940 0.000010 0.000010 0.000010 0.000010
0.000010 0.000010 0.000010 0.000010 0.474871 0.000010 0.525079
0.457313 0.000010 0.068077 0.000010 0.148609 0.000010 0.325970
0.000010 0.092349 0.000010 0.000010 0.561205 0.000010 0.346406
0.000010 0.000010 0.385108 0.000010 0.000010 0.529294 0.085558
0.000010 0.000010 0.000010 0.000010 0.321866 0.000010 0.678084
0.000010 0.000010 0.999940 0.000010 0.000010 0.000010 0.000010
0.999940 0.000010 0.000010 0.000010 0.000010 0.000010 0.000010
0.893083 0.000010 0.000010 0.000010 0.106867 0.000010 0.000010
0.656504 0.000010 0.000010 0.000010 0.000010 0.000010 0.343446
0.000010 0.000010 0.000010 0.000010 0.999940 0.000010 0.000010
0.000010 0.000010 0.000010 0.000010 0.000010 0.000010 0.999940
0.000010 0.000010 0.000010 0.000010 0.000010 0.999940 0.000010
0.000010 0.000010 0.999940 0.000010 0.000010 0.000010 0.000010
0.000010 0.346807 0.000010 0.000010 0.282979 0.000010 0.370175
0.000010 0.000010 0.544248 0.000010 0.000010 0.455702 0.000010
0.484761 0.000010 0.034599 0.000010 0.000010 0.000010 0.480601
0.999940 0.000010 0.000010 0.000010 0.000010 0.000010 0.000010
0.000010 0.000010 0.000010 0.000010 0.000010 0.999940 0.000010
0.548732 0.234681 0.089184 0.000010 0.000010 0.000010 0.127374
0.000010 0.000010 0.000010 0.999940 0.000010 0.000010 0.000010
