0.791350 0.000010 0.208640
0.781288 0.000010 0.218702
0.000010 0.999980 0.000010
0.722962 0.000010 0.277028
0.000010 0.999980 0.000010
0.834890 0.000010 0.165100
0.999980 0.000010 0.000010
0.999980 0.000010 0.000010
0.000010 0.999980 0.000010
0.000010 0.999980 0.000010
0.999980 0.000010 0.000010
0.000015 0.999975 0.000010
0.000010 0.000010 0.999980
0.000010 0.999980 0.000010
0.000010 0.999980 0.000010
0.013076 0.000010 0.986914
0.000010 0.999980 0.000010
0.000010 0.999980 0.000010
0.000010 0.999980 0.000010
0.000010 0.999980 0.000010
0.000010 0.999980 0.000010
0.999980 0.000010 0.000010
0.999980 0.000010 0.000010
0.999980 0.000010 0.000010
0.914571 0.000010 0.085419
0.838355 0.000010 0.161635
0.934323 0.000010 0.065667
0.999980 0.000010 0.000010
0.924783 0.000010 0.075207
0.999980 0.000010 0.000010
0.902429 0.000010 0.097561
0.748376 0.000010 0.251614
0.999980 0.000010 0.000010
0.999980 0.000010 0.000010
0.767562 0.004996 0.227443
0.979022 0.000010 0.020968
0.999980 0.000010 0.000010
0.000010 0.000010 0.999980
0.000010 0.000010 0.999980
0.999980 0.000010 0.000010
0.999980 0.000010 0.000010
0.999980 0.000010 0.000010
0.977426 0.000010 0.022564
0.999980 0.000010 0.000010
0.775418 0.000010 0.224572
0.999980 0.000010 0.000010
0.999980 0.000010 0.000010
0.000010 0.000010 0.999980
0.999980 0.000010 0.000010
0.000010 0.000010 0.999980
0.000010 0.999980 0.000010
0.000010 0.999980 0.000010
0.000010 0.999980 0.000010
0.718067 0.000010 0.281923
0.456279 0.000010 0.543711
0.999980 0.000010 0.000010
0.856830 0.000010 0.143160
0.999980 0.000010 0.000010
0.999980 0.000010 0.000010
0.000010 0.999980 0.000010
0.000010 0.000010 0.999980
0.768080 0.000010 0.231910
0.999980 0.000010 0.000010
0.999980 0.000010 0.000010
0.999980 0.000010 0.000010
0.630554 0.000010 0.369436
0.999980 0.000010 0.000010
0.926020 0.000010 0.073970
0.961801 0.000010 0.038189
0.767261 0.000010 0.232729
0.635594 0.000010 0.364396
0.999980 0.000010 0.000010
0.970871 0.000010 0.029119
0.956196 0.000010 0.043794
0.998898 0.000010 0.001092
0.000010 0.999980 0.000010
0.000010 0.000010 0.999980
0.576323 0.000010 0.423667
0.000019 0.000010 0.999971
0.113792 0.000010 0.886198
0.000010 0.999980 0.000010
0.999980 0.000010 0.000010
0.999980 0.000010 0.000010
0.817674 0.000010 0.182316
0.999980 0.000010 0.000010
0.999979 0.000011 0.000010
0.000010 0.999980 0.000010
0.000010 0.000010 0.999980
0.243731 0.000010 0.756259
0.000010 0.000010 0.999980
0.000010 0.000010 0.999980
0.000010 0.999980 0.000010
0.000010 0.999980 0.000010
0.000010 0.000010 0.999980
0.888596 0.000010 0.111394
0.000010 0.000010 0.999980
0.861343 0.000010 0.138647
0.968891 0.000010 0.031099
0.466555 0.000010 0.533435
0.000010 0.999980 0.000010
0.000010 0.999980 0.000010
0.000010 0.999980 0.000010
0.000010 0.999980 0.000010
0.288430 0.000010 0.711560
0.000010 0.999980 0.000010
0.000010 0.999980 0.000010
0.000010 0.999980 0.000010
0.000010 0.999980 0.000010
0.999980 0.000010 0.000010
0.926767 0.000010 0.073223
0.999980 0.000010 0.000010
0.756828 0.000010 0.243162
0.999980 0.000010 0.000010
0.703376 0.012936 0.283688
0.999980 0.000010 0.000010
0.999980 0.000010 0.000010
0.999980 0.000010 0.000010
0.984537 0.000010 0.015453
0.981085 0.000010 0.018905
0.950700 0.000010 0.049290
0.819483 0.000010 0.180507
