0.000010 0.000010 0.999980
0.999980 0.000010 0.000010
0.000010 0.999980 0.000010
0.000010 0.000010 0.999980
0.000010 0.000010 0.999980
0.000010 0.999980 0.000010
0.000010 0.000010 0.999980
0.000010 0.999980 0.000010
0.000010 0.380199 0.619791
0.999980 0.000010 0.000010
0.000010 0.000010 0.999980
0.999980 0.000010 0.000010
0.000010 0.999980 0.000010
0.000010 0.999980 0.000010
0.000010 0.999980 0.000010
0.000010 0.000010 0.999980
0.999980 0.000010 0.000010
0.993808 0.006182 0.000010
0.000010 0.510399 0.489591
0.000010 0.000010 0.999980
0.000010 0.464513 0.535477
0.000010 0.999980 0.000010
0.999980 0.000010 0.000010
0.000010 0.481585 0.518405
0.999980 0.000010 0.000010
0.000010 0.000010 0.999980
0.999980 0.000010 0.000010
0.000010 0.105009 0.894981
0.999980 0.000010 0.000010
0.999980 0.000010 0.000010
0.000010 0.999980 0.000010
0.000010 0.468924 0.531066
0.000010 0.000010 0.999980
0.000010 0.000010 0.999980
0.999980 0.000010 0.000010
0.000010 0.285923 0.714067
0.000010 0.000010 0.999980
0.000010 0.510138 0.489852
0.000010 0.000010 0.999980
0.000010 0.000010 0.999980
0.000010 0.049269 0.950721
0.000010 0.479098 0.520892
0.999980 0.000010 0.000010
0.000010 0.999980 0.000010
0.000010 0.000010 0.999980
0.000010 0.999980 0.000010
0.000010 0.000010 0.999980
0.000010 0.000010 0.999980
0.000010 0.521963 0.478027
0.999980 0.000010 0.000010
0.999980 0.000010 0.000010
0.507536 0.078784 0.413680
0.009897 0.410401 0.579702
0.999980 0.000010 0.000010
0.000010 0.000010 0.999980
0.000010 0.544975 0.455015
0.000010 0.999980 0.000010
0.000010 0.000010 0.999980
0.000010 0.000010 0.999980
0.000010 0.999980 0.000010
0.999980 0.000010 0.000010
0.000010 0.193431 0.806559
0.000010 0.429657 0.570333
0.999974 0.000016 0.000010
0.000010 0.396396 0.603594
0.000010 0.000010 0.999980
0.000010 0.466281 0.533709
0.999980 0.000010 0.000010
0.999980 0.000010 0.000010
0.000010 0.295295 0.704695
0.999980 0.000010 0.000010
0.000010 0.000010 0.999980
0.999980 0.000010 0.000010
0.999980 0.000010 0.000010
0.999980 0.000010 0.000010
0.999980 0.000010 0.000010
0.000010 0.999980 0.000010
0.999980 0.000010 0.000010
0.000010 0.000010 0.999980
0.000010 0.999980 0.000010
0.000010 0.539835 0.460155
0.999980 0.000010 0.000010
0.000010 0.999980 0.000010
0.999980 0.000010 0.000010
0.000010 0.000010 0.999980
0.000010 0.000010 0.999980
0.000010 0.607509 0.392481
0.000010 0.483188 0.516802
0.028512 0.135404 0.836084
0.999980 0.000010 0.000010
0.994283 0.000010 0.005707
0.000010 0.000010 0.999980
