0.000010 0.000010 0.534933 0.465047
0.000010 0.999970 0.000010 0.000010
0.000010 0.000010 0.000010 0.999970
0.999970 0.000010 0.000010 0.000010
0.000010 0.000010 0.999970 0.000010
0.593279 0.000010 0.406701 0.000010
0.000010 0.000010 0.999970 0.000010
0.406333 0.000010 0.000010 0.593647
0.999970 0.000010 0.000010 0.000010
0.000010 0.999970 0.000010 0.000010
0.000010 0.000010 0.432040 0.567940
0.000010 0.999970 0.000010 0.000010
0.000010 0.000010 0.746895 0.253085
0.000010 0.000010 0.999970 0.000010
0.000010 0.000010 0.999970 0.000010
0.999970 0.000010 0.000010 0.000010
0.000010 0.999970 0.000010 0.000010
0.000010 0.999970 0.000010 0.000010
0.000010 0.000010 0.000010 0.999970
0.999970 0.000010 0.000010 0.000010
0.691862 0.000010 0.308118 0.000010
0.000010 0.000010 0.999970 0.000010
0.000010 0.999970 0.000010 0.000010
0.000010 0.000010 0.999970 0.000010
0.000010 0.999970 0.000010 0.000010
0.999970 0.000010 0.000010 0.000010
0.000010 0.999970 0.000010 0.000010
0.394850 0.000010 0.162474 0.442666
0.000010 0.999970 0.000010 0.000010
0.000010 0.999970 0.000010 0.000010
0.720483 0.000010 0.000010 0.279497
0.000010 0.000010 0.000010 0.999970
0.000010 0.000010 0.999970 0.000010
0.000010 0.000010 0.999970 0.000010
0.000010 0.999970 0.000010 0.000010
0.000010 0.000010 0.000010 0.999970
0.440961 0.000010 0.368439 0.190590
0.000010 0.000010 0.738323 0.261657
0.653314 0.000010 0.346666 0.000010
0.730945 0.000010 0.000010 0.269035
0.999970 0.000010 0.000010 0.000010
0.999970 0.000010 0.000010 0.000010
0.000010 0.999970 0.000010 0.000010
0.000010 0.000010 0.999970 0.000010
0.646296 0.000010 0.353684 0.000010
0.000010 0.000010 0.000010 0.999970
0.540661 0.000010 0.459319 0.000010
0.000010 0.000010 0.000010 0.999970
0.312872 0.000010 0.687108 0.000010
0.000010 0.999970 0.000010 0.000010
0.000010 0.999970 0.000010 0.000010
0.255338 0.510238 0.000010 0.234414
0.000010 0.000010 0.999970 0.000010
0.000010 0.999970 0.000010 0.000010
0.000010 0.000010 0.000010 0.999970
0.999970 0.000010 0.000010 0.000010
0.522412 0.000010 0.000010 0.477568
0.999970 0.000010 0.000010 0.000010
0.762227 0.000010 0.000010 0.237753
0.595103 0.000010 0.404877 0.000010
0.000010 0.999970 0.000010 0.000010
0.510857 0.000010 0.489123 0.000010
0.999970 0.000010 0.000010 0.000010
0.000010 0.999970 0.000010 0.000010
0.999970 0.000010 0.000010 0.000010
0.000010 0.000010 0.999970 0.000010
0.726889 0.000010 0.000010 0.273091
0.000010 0.999970 0.000010 0.000010
0.000010 0.999970 0.000010 0.000010
0.000010 0.000010 0.999970 0.000010
0.000010 0.999970 0.000010 0.000010
0.232863 0.000010 0.767117 0.000010
0.000010 0.999970 0.000010 0.000010
0.000010 0.999970 0.000010 0.000010
0.000010 0.999970 0.000010 0.000010
0.000010 0.999970 0.000010 0.000010
0.999970 0.000010 0.000010 0.000010
0.000010 0.999970 0.000010 0.000010
0.999970 0.000010 0.000010 0.000010
0.291028 0.000010 0.423917 0.285046
0.000010 0.000010 0.999970 0.000010
0.000010 0.999970 0.000010 0.000010
0.999970 0.000010 0.000010 0.000010
0.000010 0.999970 0.000010 0.000010
0.419979 0.000010 0.000010 0.580001
0.000010 0.000010 0.000010 0.999970
0.445316 0.000010 0.522417 0.032257
0.999970 0.000010 0.000010 0.000010
0.586554 0.029130 0.157658 0.226659
0.000010 0.999970 0.000010 0.000010
0.000010 0.985860 0.014120 0.000010
0.999970 0.000010 0.000010 0.000010
