0.000010 0.000010 0.999980
0.999980 0.000010 0.000010
0.000010 0.292608 0.707382
0.000010 0.000010 0.999980
0.000010 0.000010 0.999980
0.000010 0.000010 0.999980
0.000010 0.999980 0.000010
0.000010 0.999980 0.000010
0.000010 0.000010 0.999980
0.999980 0.000010 0.000010
0.000010 0.393201 0.606789
0.999980 0.000010 0.000010
0.000010 0.999980 0.000010
0.000010 0.000010 0.999980
0.000010 0.630345 0.369645
0.000010 0.000010 0.999980
0.999980 0.000010 0.000010
0.999980 0.000010 0.000010
0.000010 0.999980 0.000010
0.000010 0.999980 0.000010
0.000010 0.510802 0.489188
0.000010 0.000010 0.999980
0.999980 0.000010 0.000010
0.000010 0.999980 0.000010
0.998151 0.001839 0.000010
0.000010 0.000010 0.999980
0.999980 0.000010 0.000010
0.000010 0.586906 0.413084
0.999980 0.000010 0.000010
0.999980 0.000010 0.000010
0.000010 0.460992 0.538998
0.000010 0.999980 0.000010
0.000010 0.000010 0.999980
0.000010 0.535766 0.464224
0.999980 0.000010 0.000010
0.000010 0.999980 0.000010
0.000010 0.300153 0.699837
0.000010 0.627400 0.372590
0.000010 0.000010 0.999980
0.000010 0.312823 0.687167
0.000010 0.701975 0.298015
0.000010 0.203027 0.796963
0.999980 0.000010 0.000010
0.000010 0.999980 0.000010
0.000010 0.513787 0.486203
0.000010 0.999980 0.000010
0.000010 0.748650 0.251340
0.000010 0.999980 0.000010
0.000010 0.000010 0.999980
0.999980 0.000010 0.000010
0.999980 0.000010 0.000010
0.414576 0.233561 0.351863
0.010039 0.421741 0.568220
0.999980 0.000010 0.000010
0.000010 0.245549 0.754441
0.000010 0.712202 0.287788
0.016481 0.523658 0.459861
0.000010 0.000010 0.999980
0.000010 0.999980 0.000010
0.010084 0.445101 0.544815
0.999980 0.000010 0.000010
0.000010 0.000010 0.999980
0.000010 0.327390 0.672600
0.999980 0.000010 0.000010
0.000010 0.182910 0.817080
0.000010 0.000010 0.999980
0.000010 0.285755 0.714235
0.999980 0.000010 0.000010
0.956806 0.000010 0.043184
0.000010 0.000010 0.999980
0.999980 0.000010 0.000010
0.000010 0.579701 0.420289
0.999980 0.000010 0.000010
0.999980 0.000010 0.000010
0.999980 0.000010 0.000010
0.999980 0.000010 0.000010
0.000010 0.999980 0.000010
0.999980 0.000010 0.000010
0.000010 0.621253 0.378737
0.000010 0.646788 0.353202
0.000010 0.000010 0.999980
0.999980 0.000010 0.000010
0.000010 0.000010 0.999980
0.999980 0.000010 0.000010
0.000010 0.000010 0.999980
0.000010 0.000010 0.999980
0.000010 0.999980 0.000010
0.000010 0.000010 0.999980
0.000010 0.653720 0.346270
0.999980 0.000010 0.000010
0.999980 0.000010 0.000010
0.000010 0.999980 0.000010
0.999980 0.000010 0.000010
0.000010 0.000010 0.999980
0.000010 0.308487 0.691503
0.999980 0.000010 0.000010
0.000010 0.999980 0.000010
0.999980 0.000010 0.000010
