0.387918 0.000010 0.612062 0.000010
0.000010 0.999970 0.000010 0.000010
0.286405 0.000010 0.713575 0.000010
0.999970 0.000010 0.000010 0.000010
0.000010 0.000010 0.999970 0.000010
0.999970 0.000010 0.000010 0.000010
0.477797 0.000010 0.522183 0.000010
0.999970 0.000010 0.000010 0.000010
0.000010 0.000010 0.999970 0.000010
0.000010 0.999970 0.000010 0.000010
0.999970 0.000010 0.000010 0.000010
0.000010 0.775404 0.000010 0.224576
0.999970 0.000010 0.000010 0.000010
0.999970 0.000010 0.000010 0.000010
0.967885 0.000010 0.000010 0.032095
0.000010 0.000010 0.999970 0.000010
0.000010 0.999970 0.000010 0.000010
0.000010 0.765531 0.000010 0.234449
0.541886 0.000010 0.458094 0.000010
0.999970 0.000010 0.000010 0.000010
0.565887 0.000010 0.434093 0.000010
0.000010 0.000010 0.999970 0.000010
0.000010 0.000010 0.000010 0.999970
0.719324 0.000010 0.280656 0.000010
0.000010 0.688849 0.000010 0.311131
0.545737 0.000010 0.454243 0.000010
0.000010 0.999970 0.000010 0.000010
0.999970 0.000010 0.000010 0.000010
0.000010 0.999970 0.000010 0.000010
0.000010 0.999970 0.000010 0.000010
0.442868 0.000010 0.557112 0.000010
0.458186 0.000010 0.541794 0.000010
0.380010 0.000010 0.619970 0.000010
0.000010 0.000010 0.999970 0.000010
0.000010 0.999970 0.000010 0.000010
0.493958 0.000010 0.506022 0.000010
0.318501 0.000010 0.681479 0.000010
0.999970 0.000010 0.000010 0.000010
0.000010 0.000010 0.999970 0.000010
0.220462 0.000010 0.779518 0.000010
0.000010 0.000010 0.999970 0.000010
0.863062 0.000010 0.136918 0.000010
0.000010 0.999970 0.000010 0.000010
0.000010 0.000010 0.999970 0.000010
0.999970 0.000010 0.000010 0.000010
0.617695 0.000010 0.000010 0.382285
0.700885 0.000010 0.299095 0.000010
0.000010 0.000010 0.999970 0.000010
0.000010 0.000010 0.999970 0.000010
0.000010 0.999970 0.000010 0.000010
0.000010 0.999970 0.000010 0.000010
0.596914 0.313959 0.000010 0.089117
0.280917 0.000010 0.719063 0.000010
0.000010 0.999970 0.000010 0.000010
0.658354 0.000010 0.341626 0.000010
0.999970 0.000010 0.000010 0.000010
0.999970 0.000010 0.000010 0.000010
0.000010 0.000010 0.999970 0.000010
0.615529 0.000010 0.384451 0.000010
0.000010 0.000010 0.999970 0.000010
0.000010 0.999970 0.000010 0.000010
0.000010 0.000010 0.999970 0.000010
0.000010 0.000010 0.999970 0.000010
0.000010 0.999970 0.000010 0.000010
0.581178 0.000010 0.418802 0.000010
0.000010 0.000010 0.999970 0.000010
0.999970 0.000010 0.000010 0.000010
0.000010 0.795010 0.000010 0.204970
0.000010 0.943178 0.056802 0.000010
0.701749 0.000010 0.258771 0.039470
0.000010 0.999238 0.000742 0.000010
0.639291 0.000010 0.360689 0.000010
0.000010 0.999970 0.000010 0.000010
0.000010 0.999970 0.000010 0.000010
0.000010 0.000010 0.000010 0.999970
0.000010 0.999970 0.000010 0.000010
0.999970 0.000010 0.000010 0.000010
0.000010 0.999970 0.000010 0.000010
0.000010 0.000010 0.999970 0.000010
0.666169 0.000010 0.333811 0.000010
0.000010 0.000010 0.999970 0.000010
0.000010 0.999970 0.000010 0.000010
0.648248 0.000010 0.351732 0.000010
0.000010 0.582826 0.000010 0.417154
0.000010 0.000010 0.999970 0.000010
0.650526 0.000010 0.349454 0.000010
0.000010 0.000010 0.999970 0.000010
0.715917 0.000010 0.284063 0.000010
0.000010 0.000010 0.999970 0.000010
0.000010 0.745536 0.000010 0.254444
0.000010 0.861671 0.000010 0.138309
0.777089 0.000010 0.222891 0.000010
0.000010 0.999970 0.000010 0.000010
0.577346 0.015074 0.407570 0.000010
0.999970 0.000010 0.000010 0.000010
0.000010 0.999970 0.000010 0.000010
0.633035 0.000010 0.366945 0.000010
0.000010 0.000010 0.000010 0.999970
