	KP0049_HU_SB10	KP0073_HU_SB10	KP0084_AC_SB10	KP0090_AC_SB10	KP0091_AC_SB10	KP0093_AC_SB10	KP0099_AC_SB10	KP0111_AC_SB10	KP0130_AC_SB05	KP0132_HU_SB05	KP0134_HU_SB05	KP0135_HU_SB05	KP0138_HU_SB05	KP0140_HU_SB05	KP0142_HU_SB05	KP0143_HU_SB05	KP0145_HU_SB05	KP0146_HU_SB05	KP0147_HU_SB05	KP0148_HU_SB05	KP0149_HU_SB05	KP0184_AC_SQ12	KP0211_AC_SQ12	KP0378_AC_WP20	KP0410_HU_CA05	KP0413_HU_CA05	KP0414_HU_CA05	KP0417_HU_CA05	KP0418_HU_CA05	KP0420_HU_CA05	KP0423_HU_CA05	KP0426_HU_CA05	KP0427_HU_CA05	KP0429_HU_CA05	KP0432_HU_CA05	KP0434_HU_CA05	KP0435_HU_CA05	KP0436_HU_CA05	KP0437_HU_CA05	KP0438_HU_CA05	KP0439_HU_CA05	KP0474_AC_WP20	KP0540_AC_WP20	KP0552_AC_WP20	KP0582_AC_WP20	KP0639_LM_SB20	KP0739_HU_WP10	KP0744_HU_WP10	KP0764_HU_WP10	KP0768_HU_WP10	KP0774_AC_WP10	KP0775_AC_WP10	KP0783_HU_WP10	KP0785_AC_WP10	KP0786_HU_WP10	KP0789_HU_WP10	KP0803_HU_WP10	KP0805_HU_WP10	KP0814_HU_WP10	KP0818_HU_WP10	KP0826_AC_WP10	KP0827_AC_WP10	KP0829_AC_WP10	KP0831_HU_WP10	KP0838_AC_WP10	KP0839_HU_WP10	KP0841_AC_WP10	KP0845_AC_WP10	KP0847_HU_WP10	KP0850_AC_WP10	KP0853_HU_WP10	KP0859_HU_WP10	KP0875_AC_WP10	KP0876_HU_WP10	KP0877_HU_WP10	KP0886_AC_WP10	KP0888_AC_WP10	KP0899_LM_WP10	KP0901_HU_WP10	KP0903_HU_WP10	KP0906_AC_WP10	KP0920_HU_WP10	KP0922_AC_WP10	KP0935_AC_WP10	KP0941_HU_WP10	KP0948_AC_WP10	KP0951_HU_WP10	KP0954_HU_WP05	KP0956_HU_WP05	KP0957_HU_WP05	KP0958_HU_WP05	KP0959_HU_WP05	KP0960_HU_WP05	KP0961_HU_WP05	KP0963_HU_WP05	KP0964_HU_WP05	KP0968_HU_WP05	KP0970_HU_WP05	KP0971_HU_WP05	KP0972_HU_WP05	KP0973_HU_WP05	KP0979_HU_WP05	KP0980_HU_WP05	KP0984_HU_WP05	KP0985_AC_WP05	KP0986_HU_WP05	KP0987_HU_WP05	KP0989_HU_WP05	KP1005_HU_CA10	KP1033_HU_CA10	KP1036_UN_CA10	KP1037_HU_CA10	KP1039_HU_CA10	KP1041_HU_CA10	KP1074_AC_CA20	KP1084_AC_CA20	KP1116_AC_CA20	KP1153_UN_CA20	KP1159_UN_CA20	KP1162_AC_CA20	KX0075_HU_SB10
KP0049_HU_SB10	0	0.168	0.3187	0.1173	0.3186	0.135	0.1405	0.1356	0.3056	0.3057	0.1288	0.3185	0.2294	0.3262	0.3031	0.2208	0.3208	0.3126	0.3153	0.2938	0.3138	0.1387	0.1416	0.1443	0.1383	0.1462	0.1525	0.1405	0.1531	0.1562	0.148	0.1716	0.148	0.1362	0.1617	0.1319	0.1455	0.2204	0.2325	0.1448	0.161	0.123	0.1447	0.1376	0.1441	0.1521	0.139	0.2159	0.1131	0.2201	0.3212	0.3192	0.3174	0.1693	0.1973	0.1442	0.1526	0.1454	0.1368	0.318	0.2047	0.1485	0.1161	0.1405	0.1254	0.1665	0.1464	0.1389	0.1369	0.163	0.1753	0.1086	0.1267	0.1412	0.131	0.3202	0.2226	0.1768	0.2145	0.215	0.3069	0.14	0.1293	0.1623	0.1294	0.1369	0.3231	0.2181	0.2024	0.2153	0.2377	0.3144	0.33	0.1975	0.1506	0.216	0.1469	0.151	0.177	0.3317	0.3285	0.3154	0.3105	0.2001	0.3231	0.3154	0.3237	0.325	0.1517	0.1602	0.1455	0.1678	0.1406	0.1639	0.1389	0.1464	0.1317	0.1445	0.1385	0.1448	0.1614
KP0073_HU_SB10	0.168	0	0.3149	0.1651	0.3114	0.1507	0.1297	0.1283	0.3089	0.2994	0.0993	0.3076	0.2249	0.3139	0.3093	0.2039	0.3202	0.3129	0.3179	0.3144	0.3123	0.1299	0.1343	0.142	0.1472	0.1556	0.1604	0.1616	0.1624	0.1591	0.1541	0.1757	0.1501	0.1494	0.1661	0.146	0.1618	0.2135	0.2046	0.1619	0.162	0.1429	0.1493	0.1292	0.1717	0.1219	0.1639	0.2187	0.1395	0.2226	0.3131	0.3177	0.3102	0.185	0.19	0.1373	0.1487	0.1534	0.1593	0.3175	0.2022	0.1579	0.1384	0.1509	0.1351	0.1735	0.1808	0.1571	0.1497	0.1589	0.1802	0.1542	0.1585	0.1613	0.1486	0.3152	0.2265	0.1734	0.2188	0.2097	0.2994	0.1405	0.1329	0.1633	0.1596	0.1491	0.3184	0.2309	0.2056	0.2148	0.229	0.3126	0.3281	0.2049	0.1587	0.2255	0.1478	0.1552	0.1924	0.334	0.3149	0.3145	0.3037	0.2225	0.3222	0.3114	0.319	0.3283	0.1562	0.1617	0.1593	0.1676	0.1467	0.1797	0.1402	0.1644	0.1527	0.1491	0.1415	0.1662	0.1539
KP0084_AC_SB10	0.3187	0.3149	0	0.3158	0.1336	0.3178	0.3108	0.3132	0.1425	0.1219	0.3248	0.1297	0.302	0.1342	0.1248	0.2894	0.1332	0.1285	0.1434	0.1384	0.1305	0.3258	0.328	0.3145	0.3114	0.3126	0.3112	0.3227	0.3123	0.3055	0.3101	0.3076	0.3182	0.3197	0.3007	0.323	0.3166	0.3067	0.2831	0.3084	0.3296	0.3018	0.3068	0.3203	0.3171	0.3146	0.3196	0.2991	0.3142	0.2916	0.1346	0.1405	0.131	0.3183	0.3071	0.3251	0.3053	0.3327	0.3196	0.1366	0.2955	0.3039	0.316	0.3202	0.3243	0.3036	0.3246	0.3155	0.3186	0.3017	0.3126	0.3132	0.3134	0.3132	0.3261	0.1432	0.289	0.3094	0.2899	0.3121	0.137	0.3109	0.3088	0.3134	0.3148	0.3236	0.1349	0.3105	0.3078	0.2921	0.2964	0.1367	0.1425	0.2806	0.3072	0.3066	0.3094	0.3146	0.3088	0.1398	0.1425	0.1317	0.123	0.3017	0.1406	0.1254	0.1399	0.1281	0.32	0.3175	0.3154	0.3088	0.3245	0.3003	0.3226	0.3265	0.3303	0.3035	0.3123	0.33	0.3192
KP0090_AC_SB10	0.1173	0.1651	0.3158	0	0.3275	0.1202	0.1518	0.137	0.3087	0.3035	0.1289	0.3051	0.2193	0.3202	0.3044	0.2105	0.3194	0.3172	0.3167	0.3035	0.3201	0.1352	0.145	0.1564	0.1573	0.1315	0.1292	0.1624	0.1488	0.1622	0.1396	0.1642	0.1589	0.1478	0.1378	0.1365	0.1568	0.2154	0.2151	0.1563	0.1678	0.1472	0.1557	0.1508	0.1421	0.1425	0.1566	0.2166	0.1327	0.221	0.3169	0.3202	0.3068	0.1326	0.1583	0.1542	0.1239	0.1517	0.1597	0.3148	0.184	0.1553	0.1393	0.1586	0.142	0.1658	0.1595	0.1341	0.1495	0.1638	0.1305	0.1395	0.1344	0.1522	0.1465	0.3156	0.2053	0.1297	0.2063	0.1903	0.3059	0.1623	0.1481	0.1267	0.1619	0.1485	0.3174	0.226	0.1674	0.2172	0.2208	0.3126	0.3208	0.1981	0.1426	0.2244	0.144	0.137	0.142	0.3289	0.3312	0.3085	0.3121	0.2075	0.3145	0.3127	0.3173	0.3271	0.156	0.1426	0.1606	0.1304	0.1431	0.1585	0.1489	0.1617	0.1566	0.1379	0.1568	0.1476	0.1562
KP0091_AC_SB10	0.3186	0.3114	0.1336	0.3275	0	0.3272	0.3095	0.3159	0.1424	0.1203	0.3359	0.1346	0.3052	0.1427	0.1304	0.2941	0.1487	0.126	0.1409	0.136	0.1496	0.332	0.3261	0.3252	0.31	0.3139	0.325	0.3333	0.3217	0.3137	0.3242	0.3211	0.3195	0.3285	0.3035	0.3268	0.3179	0.2951	0.2864	0.3187	0.3403	0.3195	0.3134	0.3232	0.3155	0.3226	0.3307	0.3069	0.3121	0.2951	0.1338	0.1414	0.1357	0.3174	0.3196	0.316	0.3188	0.3399	0.327	0.1216	0.3029	0.3114	0.3307	0.3138	0.3242	0.3203	0.3323	0.312	0.3258	0.3105	0.3278	0.3104	0.3149	0.3251	0.3288	0.1389	0.3027	0.3151	0.2999	0.3113	0.1297	0.3134	0.3198	0.3203	0.3191	0.3273	0.1318	0.3104	0.3112	0.3028	0.3053	0.135	0.1371	0.292	0.3221	0.3073	0.3037	0.32	0.3135	0.1324	0.145	0.1357	0.1542	0.3237	0.1271	0.1227	0.1397	0.1324	0.3237	0.3256	0.3107	0.3203	0.3307	0.3116	0.3332	0.331	0.3393	0.3112	0.3214	0.3352	0.3276
KP0093_AC_SB10	0.135	0.1507	0.3178	0.1202	0.3272	0	0.1315	0.1172	0.3124	0.3096	0.1204	0.3109	0.2353	0.3187	0.3004	0.2259	0.3189	0.3145	0.3174	0.3038	0.3196	0.1147	0.1333	0.1399	0.1418	0.1215	0.1166	0.1425	0.1348	0.1379	0.1079	0.1593	0.1335	0.1249	0.1177	0.1081	0.1337	0.2224	0.2275	0.1306	0.1395	0.1347	0.1397	0.1226	0.1314	0.1234	0.1385	0.2292	0.1209	0.2422	0.3158	0.3182	0.3068	0.134	0.1732	0.148	0.1146	0.1322	0.1388	0.3173	0.2205	0.1383	0.1234	0.133	0.1391	0.1655	0.1529	0.1014	0.1307	0.147	0.1332	0.1267	0.1223	0.139	0.1361	0.3173	0.2274	0.1449	0.223	0.2084	0.3079	0.1412	0.1323	0.1285	0.1472	0.1406	0.3191	0.2367	0.185	0.227	0.2471	0.308	0.3192	0.2181	0.123	0.236	0.1388	0.1347	0.1562	0.3262	0.3262	0.3135	0.3108	0.2066	0.3228	0.3122	0.3151	0.3216	0.1279	0.119	0.1332	0.1224	0.1187	0.1759	0.1281	0.1447	0.1195	0.133	0.1496	0.1434	0.0988
KP0099_AC_SB10	0.1405	0.1297	0.3108	0.1518	0.3095	0.1315	0	0.0816	0.3	0.293	0.0951	0.2972	0.2411	0.3031	0.2954	0.2276	0.3042	0.3043	0.3031	0.2991	0.3051	0.0976	0.0954	0.1128	0.1236	0.1229	0.1132	0.1162	0.1163	0.0978	0.125	0.1439	0.1124	0.0836	0.1298	0.1152	0.0996	0.2437	0.2295	0.1048	0.1181	0.1196	0.1081	0.0875	0.1476	0.0961	0.1251	0.246	0.1198	0.2493	0.3078	0.3097	0.3003	0.1673	0.1972	0.138	0.1417	0.1294	0.1135	0.3176	0.2299	0.1439	0.1256	0.1162	0.1242	0.1553	0.1362	0.1176	0.1267	0.1485	0.1753	0.1054	0.1193	0.1219	0.1195	0.3029	0.2434	0.1775	0.236	0.2411	0.3027	0.1219	0.1052	0.144	0.1338	0.1165	0.3096	0.2538	0.2171	0.2542	0.2567	0.3027	0.3173	0.2312	0.1335	0.2522	0.1283	0.1192	0.1887	0.3145	0.3226	0.3027	0.3009	0.2271	0.3093	0.2936	0.303	0.3114	0.1062	0.1216	0.0968	0.1383	0.1015	0.1513	0.098	0.1338	0.0998	0.1038	0.1215	0.113	0.1487
KP0111_AC_SB10	0.1356	0.1283	0.3132	0.137	0.3159	0.1172	0.0816	0	0.3042	0.2987	0.0929	0.3114	0.2504	0.316	0.3087	0.2226	0.3186	0.3131	0.3164	0.3132	0.3105	0.0711	0.0925	0.1262	0.1269	0.1231	0.1156	0.1225	0.113	0.0963	0.1282	0.1402	0.1093	0.0984	0.1329	0.0945	0.099	0.23	0.2306	0.0968	0.1253	0.1068	0.1245	0.0862	0.1459	0.0878	0.126	0.2434	0.106	0.2416	0.3184	0.3163	0.3107	0.1556	0.2024	0.1298	0.1306	0.1303	0.1207	0.3199	0.2368	0.1425	0.0995	0.1174	0.1129	0.1637	0.1223	0.1228	0.119	0.1501	0.1623	0.1113	0.11	0.1336	0.1251	0.3164	0.2367	0.1669	0.2316	0.2335	0.3015	0.1089	0.1194	0.1313	0.1278	0.1212	0.3177	0.2492	0.2136	0.2431	0.2428	0.3117	0.3247	0.2182	0.1299	0.2428	0.1235	0.1271	0.1929	0.3279	0.3307	0.3105	0.3065	0.2263	0.3199	0.3058	0.3082	0.3197	0.1002	0.1125	0.0937	0.1446	0.0967	0.1624	0.0943	0.1294	0.1024	0.1081	0.1235	0.1206	0.1297
KP0130_AC_SB05	0.3056	0.3089	0.1425	0.3087	0.1424	0.3124	0.3	0.3042	0	0.1268	0.3258	0.1351	0.2864	0.1402	0.1388	0.2762	0.1531	0.1278	0.1243	0.1315	0.136	0.3172	0.3143	0.3111	0.3046	0.306	0.3121	0.3174	0.3036	0.3079	0.3123	0.3	0.3067	0.3177	0.294	0.3084	0.3112	0.2894	0.2706	0.3061	0.3169	0.3062	0.3036	0.3111	0.3092	0.3104	0.3147	0.2838	0.3055	0.2669	0.1282	0.1439	0.1378	0.3093	0.2981	0.3169	0.3007	0.3168	0.3099	0.1361	0.2792	0.2998	0.3215	0.3155	0.318	0.2986	0.3182	0.3111	0.3063	0.3005	0.3057	0.3114	0.3093	0.3075	0.3129	0.1354	0.2801	0.2992	0.2719	0.301	0.1248	0.3005	0.3075	0.31	0.3089	0.3164	0.1399	0.2933	0.2974	0.2882	0.284	0.1333	0.1332	0.2729	0.3063	0.2903	0.3001	0.3032	0.3003	0.1246	0.142	0.126	0.1483	0.2981	0.1341	0.123	0.1349	0.1435	0.3193	0.3151	0.3086	0.3002	0.3149	0.2953	0.3159	0.3177	0.3305	0.3007	0.306	0.3201	0.3142
KP0132_HU_SB05	0.3057	0.2994	0.1219	0.3035	0.1203	0.3096	0.293	0.2987	0.1268	0	0.3041	0.1214	0.2783	0.1248	0.1197	0.2777	0.1385	0.1237	0.1184	0.1159	0.1249	0.3095	0.3129	0.3093	0.2928	0.3085	0.3062	0.3145	0.2982	0.3041	0.3012	0.2958	0.3029	0.3116	0.2887	0.31	0.3108	0.2843	0.2699	0.3007	0.3148	0.2915	0.2986	0.3074	0.2966	0.3002	0.3116	0.2823	0.2961	0.2663	0.1135	0.1199	0.1094	0.3107	0.2962	0.3038	0.2932	0.3259	0.3046	0.1114	0.2751	0.2967	0.3148	0.3179	0.3064	0.2923	0.3155	0.3034	0.3023	0.2938	0.3029	0.3003	0.2957	0.3107	0.302	0.1109	0.2859	0.2976	0.2861	0.3018	0.1168	0.2995	0.3032	0.3037	0.2998	0.3008	0.1148	0.2858	0.291	0.2783	0.283	0.1111	0.1207	0.2715	0.2924	0.2892	0.296	0.3041	0.3021	0.1108	0.1371	0.1105	0.1233	0.2986	0.1134	0.1122	0.1198	0.1077	0.3108	0.3081	0.3002	0.298	0.3099	0.2809	0.3112	0.312	0.3208	0.2879	0.3028	0.3152	0.3093
KP0134_HU_SB05	0.1288	0.0993	0.3248	0.1289	0.3359	0.1204	0.0951	0.0929	0.3258	0.3041	0	0.3188	0.2365	0.3154	0.3166	0.225	0.3369	0.3199	0.3335	0.3247	0.3252	0.1006	0.1054	0.112	0.1295	0.1305	0.1322	0.1399	0.1429	0.1356	0.1411	0.1556	0.1275	0.1172	0.1385	0.1214	0.1221	0.2336	0.2367	0.1212	0.1437	0.116	0.1319	0.0914	0.1496	0.0845	0.1305	0.2514	0.1075	0.2555	0.3319	0.3294	0.3173	0.1644	0.1939	0.1208	0.1396	0.1325	0.1325	0.3271	0.2387	0.1507	0.1038	0.1336	0.123	0.1638	0.1422	0.1263	0.1324	0.1553	0.1766	0.1106	0.1207	0.1376	0.1193	0.3206	0.2488	0.1712	0.2309	0.2331	0.3222	0.1349	0.1208	0.1392	0.127	0.1195	0.3284	0.2549	0.2174	0.2482	0.2515	0.3234	0.338	0.2406	0.1386	0.2482	0.1423	0.1335	0.1825	0.335	0.3388	0.3243	0.3137	0.2297	0.3324	0.3196	0.3295	0.3293	0.1247	0.1335	0.132	0.1525	0.1125	0.1724	0.0964	0.1456	0.12	0.1199	0.1159	0.1356	0.1477
KP0135_HU_SB05	0.3185	0.3076	0.1297	0.3051	0.1346	0.3109	0.2972	0.3114	0.1351	0.1214	0.3188	0	0.2967	0.1356	0.1137	0.2906	0.1389	0.1223	0.1185	0.1228	0.1303	0.3159	0.3144	0.3036	0.3045	0.3051	0.3051	0.3167	0.3067	0.3074	0.3001	0.3099	0.3159	0.3163	0.2871	0.3182	0.3068	0.301	0.2837	0.3056	0.3188	0.3032	0.2982	0.3064	0.3019	0.3085	0.3126	0.3014	0.3044	0.2921	0.1129	0.1284	0.1085	0.3062	0.2947	0.31	0.2985	0.3223	0.3122	0.1137	0.2977	0.2944	0.326	0.3142	0.3271	0.3054	0.3175	0.3052	0.3102	0.2933	0.3008	0.3028	0.2995	0.3058	0.3088	0.1083	0.2878	0.2985	0.2871	0.3029	0.1106	0.3015	0.3025	0.3053	0.3139	0.306	0.1413	0.3056	0.2947	0.2971	0.2981	0.1054	0.1142	0.2864	0.3068	0.3074	0.3038	0.2988	0.2947	0.1307	0.1399	0.1012	0.1292	0.3043	0.1154	0.1341	0.1304	0.1176	0.3151	0.3132	0.3084	0.296	0.3152	0.2969	0.314	0.3135	0.3182	0.2935	0.3075	0.3158	0.3112
KP0138_HU_SB05	0.2294	0.2249	0.302	0.2193	0.3052	0.2353	0.2411	0.2504	0.2864	0.2783	0.2365	0.2967	0	0.3138	0.2938	0.1676	0.297	0.2943	0.3033	0.3009	0.2953	0.2463	0.2314	0.2405	0.2341	0.2495	0.2474	0.2451	0.2433	0.2502	0.2449	0.2244	0.2576	0.245	0.2272	0.2313	0.2502	0.1722	0.1707	0.2517	0.2496	0.2372	0.2303	0.2453	0.2265	0.2496	0.2519	0.1725	0.235	0.1696	0.3104	0.3087	0.2946	0.2427	0.2053	0.251	0.2406	0.2419	0.2484	0.3074	0.1477	0.2142	0.2362	0.252	0.2407	0.2145	0.262	0.2407	0.2455	0.2177	0.22	0.2285	0.2459	0.2441	0.2323	0.3079	0.1596	0.2218	0.1785	0.1788	0.2878	0.2411	0.2425	0.2422	0.2435	0.2439	0.2968	0.1744	0.1887	0.1838	0.1676	0.3019	0.3117	0.1649	0.2363	0.1693	0.2344	0.2498	0.2131	0.2975	0.3006	0.3001	0.2945	0.2047	0.3113	0.2997	0.3088	0.3049	0.2568	0.2532	0.2447	0.2302	0.2481	0.2272	0.2415	0.2549	0.2474	0.2304	0.2372	0.2442	0.2436
KP0140_HU_SB05	0.3262	0.3139	0.1342	0.3202	0.1427	0.3187	0.3031	0.316	0.1402	0.1248	0.3154	0.1356	0.3138	0	0.1344	0.2917	0.1496	0.1279	0.1345	0.1343	0.1446	0.3252	0.3297	0.325	0.3158	0.3137	0.3202	0.3284	0.3166	0.3194	0.3151	0.3086	0.322	0.3224	0.3087	0.3237	0.3164	0.3136	0.2919	0.3181	0.3284	0.3099	0.3116	0.3199	0.3184	0.322	0.3221	0.2984	0.32	0.3014	0.1223	0.1275	0.1265	0.3181	0.3038	0.3283	0.3132	0.3332	0.3242	0.1211	0.3029	0.3135	0.3299	0.3201	0.3299	0.3098	0.3238	0.3162	0.3205	0.3057	0.3254	0.3145	0.3169	0.3296	0.3255	0.1287	0.2991	0.3147	0.3029	0.3201	0.1196	0.3177	0.3231	0.32	0.3178	0.3203	0.1281	0.3091	0.3103	0.3057	0.3073	0.1231	0.1174	0.2918	0.3122	0.3103	0.3111	0.314	0.3165	0.123	0.1435	0.1274	0.1311	0.3081	0.1239	0.1185	0.1196	0.1229	0.3229	0.3248	0.3231	0.3205	0.3241	0.3118	0.3239	0.3232	0.3302	0.3039	0.32	0.334	0.3257
KP0142_HU_SB05	0.3031	0.3093	0.1248	0.3044	0.1304	0.3004	0.2954	0.3087	0.1388	0.1197	0.3166	0.1137	0.2938	0.1344	0	0.2845	0.1432	0.1281	0.123	0.115	0.1309	0.3126	0.3163	0.307	0.3019	0.2899	0.296	0.3133	0.3026	0.2997	0.2957	0.3037	0.3118	0.3117	0.2842	0.3047	0.3027	0.2874	0.273	0.3034	0.3147	0.3007	0.2945	0.3059	0.2976	0.3005	0.3039	0.2907	0.3032	0.2857	0.1098	0.131	0.1123	0.2978	0.2873	0.3071	0.2895	0.3171	0.3066	0.1204	0.2854	0.2872	0.3124	0.3095	0.3193	0.2936	0.3114	0.3014	0.3069	0.2852	0.2964	0.3005	0.2967	0.3098	0.3056	0.1174	0.2845	0.2924	0.2844	0.2948	0.1172	0.2995	0.3011	0.2988	0.3058	0.3064	0.136	0.2952	0.2845	0.282	0.2977	0.1136	0.1121	0.2728	0.2978	0.2956	0.2975	0.3023	0.2939	0.1246	0.142	0.1145	0.1293	0.2938	0.1151	0.1323	0.1244	0.1283	0.3088	0.3043	0.3026	0.2914	0.3079	0.2917	0.3069	0.3148	0.316	0.2877	0.3059	0.3187	0.3057
KP0143_HU_SB05	0.2208	0.2039	0.2894	0.2105	0.2941	0.2259	0.2276	0.2226	0.2762	0.2777	0.225	0.2906	0.1676	0.2917	0.2845	0	0.2843	0.2791	0.2979	0.2883	0.3032	0.2363	0.2265	0.2239	0.2214	0.2221	0.2288	0.2339	0.2251	0.2231	0.2239	0.2096	0.228	0.2199	0.2118	0.232	0.2317	0.1642	0.1769	0.2335	0.2311	0.2247	0.2164	0.25	0.2253	0.2366	0.2419	0.1808	0.2203	0.1889	0.2968	0.2845	0.2888	0.2227	0.2024	0.2354	0.2198	0.2387	0.2514	0.2948	0.1641	0.2152	0.2237	0.241	0.2176	0.2088	0.2484	0.2401	0.2244	0.227	0.2059	0.2294	0.2331	0.2372	0.2266	0.3015	0.1764	0.2194	0.1756	0.184	0.2842	0.224	0.2314	0.231	0.2188	0.242	0.2966	0.1695	0.1886	0.1658	0.1715	0.2944	0.299	0.16	0.2332	0.1735	0.218	0.2384	0.2061	0.292	0.3039	0.2883	0.29	0.1953	0.3045	0.2818	0.2887	0.3001	0.227	0.2244	0.2282	0.2149	0.242	0.2078	0.2465	0.2328	0.2364	0.212	0.2408	0.2279	0.2206
KP0145_HU_SB05	0.3208	0.3202	0.1332	0.3194	0.1487	0.3189	0.3042	0.3186	0.1531	0.1385	0.3369	0.1389	0.297	0.1496	0.1432	0.2843	0	0.1385	0.1463	0.1505	0.1432	0.3208	0.3254	0.3133	0.314	0.3149	0.3071	0.3214	0.315	0.3052	0.3104	0.3171	0.3133	0.3196	0.2981	0.3229	0.3119	0.2956	0.289	0.3082	0.3295	0.304	0.308	0.3122	0.3129	0.3155	0.3208	0.3002	0.3061	0.2948	0.1462	0.1372	0.1404	0.3133	0.3072	0.3239	0.3039	0.3284	0.3174	0.1476	0.294	0.3049	0.319	0.3105	0.3251	0.3102	0.3169	0.315	0.317	0.3078	0.3162	0.3032	0.3117	0.3056	0.3072	0.1482	0.2939	0.3033	0.3017	0.314	0.145	0.3036	0.3091	0.3194	0.3072	0.3122	0.1562	0.3114	0.3058	0.2982	0.3089	0.1505	0.1454	0.2893	0.3056	0.3104	0.3074	0.3043	0.3139	0.1466	0.1506	0.1439	0.1417	0.3005	0.1411	0.1502	0.1456	0.1524	0.313	0.3183	0.3035	0.3092	0.318	0.3043	0.3189	0.319	0.3227	0.2979	0.3168	0.3275	0.3233
KP0146_HU_SB05	0.3126	0.3129	0.1285	0.3172	0.126	0.3145	0.3043	0.3131	0.1278	0.1237	0.3199	0.1223	0.2943	0.1279	0.1281	0.2791	0.1385	0	0.1388	0.1341	0.1298	0.3214	0.3219	0.3156	0.3064	0.314	0.3186	0.3218	0.3151	0.3136	0.3085	0.3183	0.3238	0.3257	0.2985	0.3211	0.3162	0.295	0.2861	0.3129	0.3249	0.3085	0.3009	0.3207	0.3116	0.3114	0.3147	0.2999	0.3121	0.2922	0.1289	0.1379	0.1298	0.3199	0.3042	0.3188	0.3084	0.33	0.324	0.1234	0.2954	0.3038	0.3219	0.3143	0.3308	0.3088	0.3202	0.313	0.3147	0.3021	0.3166	0.3163	0.3106	0.3145	0.3228	0.1246	0.2889	0.3062	0.2941	0.3114	0.1257	0.3063	0.3156	0.3166	0.3139	0.3188	0.1371	0.3095	0.307	0.2986	0.3015	0.1263	0.1294	0.2911	0.3089	0.3076	0.3117	0.3102	0.3095	0.1266	0.1452	0.1319	0.1269	0.304	0.1295	0.126	0.1327	0.1364	0.3254	0.322	0.3197	0.3099	0.3216	0.3042	0.3222	0.3191	0.3365	0.3027	0.3149	0.3307	0.3115
KP0147_HU_SB05	0.3153	0.3179	0.1434	0.3167	0.1409	0.3174	0.3031	0.3164	0.1243	0.1184	0.3335	0.1185	0.3033	0.1345	0.123	0.2979	0.1463	0.1388	0	0.0472	0.1334	0.321	0.3245	0.326	0.305	0.306	0.3177	0.3226	0.3111	0.3114	0.3023	0.3155	0.3098	0.3223	0.2946	0.3199	0.3094	0.294	0.2817	0.3129	0.3189	0.3129	0.3119	0.3161	0.3092	0.3172	0.3147	0.2998	0.3057	0.286	0.1246	0.1247	0.1126	0.3088	0.3021	0.318	0.3033	0.3306	0.3162	0.1171	0.2934	0.3038	0.3276	0.3156	0.3228	0.306	0.328	0.3071	0.3131	0.2989	0.3149	0.3013	0.3057	0.3086	0.3129	0.1187	0.2826	0.3076	0.2923	0.3088	0.1112	0.3011	0.3181	0.3115	0.3113	0.3142	0.1295	0.308	0.3003	0.2986	0.3046	0.1032	0.1157	0.2865	0.3159	0.3009	0.3048	0.3066	0.3049	0.1302	0.1267	0.1137	0.1376	0.3011	0.1165	0.1331	0.1291	0.127	0.316	0.3179	0.3113	0.3049	0.3203	0.3088	0.3219	0.3194	0.3224	0.3002	0.3095	0.324	0.3151
KP0148_HU_SB05	0.2938	0.3144	0.1384	0.3035	0.136	0.3038	0.2991	0.3132	0.1315	0.1159	0.3247	0.1228	0.3009	0.1343	0.115	0.2883	0.1505	0.1341	0.0472	0	0.1331	0.323	0.3219	0.3185	0.3041	0.3004	0.3081	0.3144	0.3017	0.3093	0.2892	0.3149	0.309	0.3162	0.2809	0.3022	0.3053	0.2854	0.2715	0.3067	0.308	0.3038	0.3052	0.3099	0.3058	0.3136	0.3127	0.2999	0.3031	0.2804	0.1332	0.123	0.1115	0.3003	0.2901	0.3085	0.2958	0.3184	0.309	0.1159	0.2916	0.2956	0.3174	0.3142	0.3133	0.3012	0.3117	0.2969	0.308	0.2944	0.3021	0.2936	0.3002	0.3052	0.306	0.1267	0.2784	0.3012	0.2831	0.2993	0.1145	0.2949	0.31	0.3044	0.3062	0.3087	0.1235	0.2956	0.2952	0.2871	0.2954	0.102	0.1074	0.2858	0.306	0.3002	0.3039	0.3082	0.2937	0.1302	0.1343	0.113	0.1363	0.29	0.1157	0.1284	0.1326	0.1252	0.3107	0.3085	0.3036	0.2928	0.3132	0.3065	0.3176	0.3146	0.3218	0.297	0.3055	0.3142	0.3121
KP0149_HU_SB05	0.3138	0.3123	0.1305	0.3201	0.1496	0.3196	0.3051	0.3105	0.136	0.1249	0.3252	0.1303	0.2953	0.1446	0.1309	0.3032	0.1432	0.1298	0.1334	0.1331	0	0.3152	0.3255	0.3173	0.3074	0.3127	0.3174	0.3164	0.3111	0.3093	0.3138	0.3141	0.3204	0.3183	0.2949	0.3111	0.3089	0.301	0.2902	0.3118	0.329	0.3073	0.3032	0.3091	0.3108	0.3159	0.3146	0.3007	0.306	0.2814	0.1359	0.1569	0.1325	0.3083	0.3021	0.3146	0.3068	0.3194	0.3158	0.1392	0.3045	0.3068	0.3201	0.3145	0.3178	0.3081	0.3221	0.3135	0.3204	0.3095	0.3152	0.307	0.3125	0.3181	0.3051	0.1359	0.2976	0.3037	0.2997	0.3144	0.1235	0.3062	0.3084	0.3141	0.3092	0.3113	0.1458	0.3026	0.3055	0.3043	0.3041	0.1373	0.1372	0.2846	0.3039	0.3039	0.3079	0.3029	0.3102	0.1383	0.1475	0.1278	0.1338	0.3058	0.1331	0.1506	0.1404	0.1438	0.315	0.3171	0.3111	0.3077	0.3187	0.3003	0.3188	0.3166	0.3241	0.2986	0.3088	0.3205	0.3169
KP0184_AC_SQ12	0.1387	0.1299	0.3258	0.1352	0.332	0.1147	0.0976	0.0711	0.3172	0.3095	0.1006	0.3159	0.2463	0.3252	0.3126	0.2363	0.3208	0.3214	0.321	0.323	0.3152	0	0.1033	0.1215	0.1196	0.1264	0.1181	0.1133	0.1202	0.1075	0.1238	0.1333	0.1132	0.0932	0.1398	0.0951	0.1005	0.2366	0.2442	0.0818	0.1257	0.1131	0.1254	0.0871	0.1388	0.0848	0.1105	0.2452	0.1019	0.2474	0.3278	0.3246	0.322	0.1631	0.1966	0.1275	0.1276	0.1099	0.1114	0.3303	0.2261	0.1388	0.1049	0.1123	0.1042	0.1552	0.1143	0.1237	0.1241	0.1369	0.1608	0.1093	0.1101	0.1181	0.1069	0.3273	0.2425	0.1679	0.2347	0.2292	0.3194	0.1111	0.1138	0.1343	0.125	0.1129	0.3272	0.2464	0.2117	0.2452	0.2502	0.3214	0.3365	0.2331	0.1302	0.2418	0.1243	0.1146	0.1931	0.3366	0.3431	0.3234	0.3207	0.2245	0.3292	0.3175	0.3211	0.332	0.1029	0.1133	0.0943	0.1383	0.0905	0.1584	0.0925	0.1133	0.0821	0.1058	0.1032	0.1103	0.1151
KP0211_AC_SQ12	0.1416	0.1343	0.328	0.145	0.3261	0.1333	0.0954	0.0925	0.3143	0.3129	0.1054	0.3144	0.2314	0.3297	0.3163	0.2265	0.3254	0.3219	0.3245	0.3219	0.3255	0.1033	0	0.1118	0.1294	0.1426	0.1282	0.1196	0.1326	0.1286	0.1376	0.1595	0.1302	0.1066	0.1493	0.1082	0.1227	0.2343	0.2332	0.1157	0.1355	0.132	0.1173	0.0978	0.1513	0.1096	0.1274	0.2434	0.1171	0.2505	0.3255	0.3288	0.3214	0.1713	0.2057	0.1429	0.1461	0.1311	0.1303	0.333	0.2289	0.1532	0.1211	0.1293	0.1222	0.1538	0.1453	0.1332	0.143	0.1565	0.1783	0.1083	0.1301	0.1327	0.1302	0.3262	0.2412	0.1792	0.2227	0.2246	0.3143	0.125	0.1139	0.1492	0.1306	0.1132	0.3265	0.2464	0.219	0.2454	0.2419	0.3167	0.3374	0.2165	0.1431	0.2413	0.1366	0.133	0.1785	0.337	0.333	0.3219	0.3154	0.2187	0.3319	0.3116	0.321	0.3364	0.136	0.1343	0.1284	0.1487	0.1156	0.1706	0.1014	0.1467	0.1158	0.1208	0.1298	0.1345	0.1481
KP0378_AC_WP20	0.1443	0.142	0.3145	0.1564	0.3252	0.1399	0.1128	0.1262	0.3111	0.3093	0.112	0.3036	0.2405	0.325	0.307	0.2239	0.3133	0.3156	0.326	0.3185	0.3173	0.1215	0.1118	0	0.1253	0.1519	0.1405	0.1345	0.1383	0.1335	0.1504	0.1623	0.1335	0.1149	0.1414	0.1253	0.1323	0.2373	0.2419	0.114	0.1408	0.0898	0.1245	0.1172	0.1228	0.122	0.1117	0.2486	0.1161	0.2541	0.319	0.3121	0.3145	0.1642	0.1983	0.0988	0.1426	0.1244	0.1132	0.3249	0.238	0.1392	0.1243	0.1084	0.132	0.1277	0.129	0.1323	0.129	0.1254	0.1746	0.1138	0.1083	0.1302	0.1122	0.3182	0.2492	0.1806	0.2404	0.2427	0.312	0.1162	0.1002	0.1442	0.13	0.1254	0.3195	0.2472	0.2211	0.2303	0.2525	0.311	0.3328	0.2184	0.1308	0.2424	0.1393	0.1329	0.1884	0.3262	0.3224	0.3118	0.3085	0.2217	0.3293	0.3202	0.3124	0.336	0.141	0.1484	0.1314	0.1589	0.1242	0.1855	0.1145	0.1389	0.1142	0.1201	0.1153	0.1317	0.1534
KP0410_HU_CA05	0.1383	0.1472	0.3114	0.1573	0.31	0.1418	0.1236	0.1269	0.3046	0.2928	0.1295	0.3045	0.2341	0.3158	0.3019	0.2214	0.314	0.3064	0.305	0.3041	0.3074	0.1196	0.1294	0.1253	0	0.1475	0.1371	0.1207	0.1534	0.1421	0.1306	0.1658	0.1398	0.124	0.151	0.1221	0.1341	0.2302	0.2306	0.1143	0.1436	0.1113	0.1208	0.1171	0.1398	0.1207	0.1238	0.2244	0.1068	0.2318	0.3093	0.3001	0.3003	0.162	0.1859	0.1365	0.1345	0.1263	0.1185	0.3175	0.2255	0.1454	0.113	0.1332	0.1136	0.1516	0.133	0.1189	0.121	0.1499	0.1581	0.114	0.1139	0.1218	0.1176	0.31	0.231	0.1644	0.223	0.2182	0.2997	0.123	0.1168	0.1356	0.1347	0.1189	0.3133	0.2344	0.1986	0.2228	0.2484	0.2966	0.3168	0.2216	0.1322	0.2378	0.1173	0.1226	0.1791	0.3196	0.322	0.3111	0.3044	0.2171	0.3144	0.303	0.3117	0.3126	0.1514	0.1491	0.1303	0.1532	0.1241	0.1592	0.1216	0.1404	0.1213	0.1266	0.1191	0.1257	0.1431
KP0413_HU_CA05	0.1462	0.1556	0.3126	0.1315	0.3139	0.1215	0.1229	0.1231	0.306	0.3085	0.1305	0.3051	0.2495	0.3137	0.2899	0.2221	0.3149	0.314	0.306	0.3004	0.3127	0.1264	0.1426	0.1519	0.1475	0	0.1146	0.1352	0.1129	0.1029	0.1011	0.1436	0.1186	0.125	0.1109	0.1348	0.115	0.2171	0.2139	0.136	0.1251	0.1345	0.1411	0.1279	0.1435	0.1389	0.15	0.2279	0.142	0.2231	0.3091	0.305	0.2993	0.1365	0.1706	0.144	0.1261	0.1401	0.1349	0.3118	0.2219	0.1484	0.1446	0.1419	0.1508	0.1571	0.1458	0.1249	0.1531	0.1561	0.1458	0.1363	0.1243	0.1368	0.1396	0.3056	0.2195	0.1427	0.2197	0.2023	0.299	0.1375	0.1456	0.1378	0.1458	0.1357	0.3062	0.2373	0.1764	0.2317	0.2369	0.3007	0.3155	0.2168	0.1265	0.2391	0.1368	0.1277	0.1733	0.318	0.316	0.308	0.3107	0.2231	0.3127	0.3086	0.303	0.314	0.1047	0.0992	0.1232	0.1164	0.125	0.147	0.136	0.1286	0.1293	0.1266	0.1267	0.1129	0.157
KP0414_HU_CA05	0.1525	0.1604	0.3112	0.1292	0.325	0.1166	0.1132	0.1156	0.3121	0.3062	0.1322	0.3051	0.2474	0.3202	0.296	0.2288	0.3071	0.3186	0.3177	0.3081	0.3174	0.1181	0.1282	0.1405	0.1371	0.1146	0	0.1306	0.1145	0.1071	0.1102	0.1424	0.1226	0.0845	0.1109	0.124	0.1049	0.2368	0.2349	0.1081	0.1274	0.122	0.1219	0.1203	0.1309	0.1288	0.1288	0.2386	0.1154	0.2441	0.3198	0.3132	0.3024	0.1382	0.1693	0.1443	0.116	0.1293	0.1214	0.3188	0.2308	0.1264	0.1288	0.1365	0.141	0.1397	0.1296	0.1044	0.1419	0.1447	0.1457	0.1093	0.1069	0.1337	0.1305	0.3142	0.2272	0.1362	0.229	0.2107	0.3113	0.1285	0.1214	0.1269	0.1341	0.131	0.3221	0.2482	0.1745	0.2387	0.2462	0.3042	0.3209	0.2273	0.122	0.2463	0.1272	0.1134	0.1625	0.3239	0.3288	0.3143	0.3105	0.221	0.3126	0.3102	0.3082	0.3176	0.1165	0.0913	0.1102	0.1141	0.1085	0.1458	0.1261	0.1298	0.1147	0.1065	0.1234	0.1107	0.1508
KP0417_HU_CA05	0.1405	0.1616	0.3227	0.1624	0.3333	0.1425	0.1162	0.1225	0.3174	0.3145	0.1399	0.3167	0.2451	0.3284	0.3133	0.2339	0.3214	0.3218	0.3226	0.3144	0.3164	0.1133	0.1196	0.1345	0.1207	0.1352	0.1306	0	0.1154	0.1327	0.1207	0.1636	0.1366	0.1005	0.1578	0.1038	0.1257	0.2416	0.2407	0.1038	0.0987	0.1163	0.1212	0.1018	0.1505	0.1237	0.1232	0.2414	0.1236	0.2516	0.3309	0.3215	0.324	0.1684	0.2036	0.1325	0.1465	0.1259	0.134	0.3316	0.2425	0.1444	0.1311	0.1407	0.124	0.1635	0.1341	0.1306	0.1167	0.1535	0.1671	0.1238	0.1309	0.1321	0.1215	0.328	0.2443	0.1709	0.2306	0.2273	0.3214	0.1294	0.1251	0.1458	0.1343	0.131	0.3193	0.243	0.2154	0.2432	0.2457	0.324	0.3362	0.2299	0.1324	0.2519	0.1311	0.125	0.1955	0.3265	0.338	0.323	0.3162	0.2275	0.3311	0.3197	0.3132	0.3269	0.1277	0.1357	0.1316	0.1365	0.1026	0.1597	0.1125	0.1311	0.1104	0.1321	0.1266	0.1259	0.1536
KP0418_HU_CA05	0.1531	0.1624	0.3123	0.1488	0.3217	0.1348	0.1163	0.113	0.3036	0.2982	0.1429	0.3067	0.2433	0.3166	0.3026	0.2251	0.315	0.3151	0.3111	0.3017	0.3111	0.1202	0.1326	0.1383	0.1534	0.1129	0.1145	0.1154	0	0.0711	0.1122	0.1151	0.1143	0.1103	0.1292	0.1249	0.1047	0.2315	0.2267	0.1209	0.1102	0.1279	0.1317	0.1244	0.1353	0.1383	0.1391	0.2394	0.1212	0.2371	0.3167	0.3166	0.3082	0.1708	0.1844	0.1428	0.1399	0.1377	0.143	0.3164	0.2345	0.1334	0.1403	0.146	0.1333	0.1517	0.1421	0.132	0.146	0.1432	0.1492	0.1251	0.1166	0.15	0.1464	0.3155	0.2282	0.1582	0.2292	0.2109	0.3083	0.1355	0.1323	0.1504	0.1401	0.1488	0.3149	0.2394	0.199	0.2318	0.2392	0.3044	0.3188	0.2088	0.1404	0.24	0.1434	0.1392	0.178	0.3196	0.3205	0.3104	0.3063	0.2217	0.3133	0.3073	0.3129	0.316	0.0915	0.0915	0.1085	0.13	0.11	0.156	0.1453	0.1391	0.1336	0.1011	0.149	0.1211	0.1535
KP0420_HU_CA05	0.1562	0.1591	0.3055	0.1622	0.3137	0.1379	0.0978	0.0963	0.3079	0.3041	0.1356	0.3074	0.2502	0.3194	0.2997	0.2231	0.3052	0.3136	0.3114	0.3093	0.3093	0.1075	0.1286	0.1335	0.1421	0.1029	0.1071	0.1327	0.0711	0	0.1154	0.0815	0.0776	0.08	0.1338	0.1274	0.0706	0.2327	0.2404	0.113	0.0876	0.1222	0.1256	0.1194	0.1565	0.1345	0.1352	0.2431	0.1294	0.2457	0.3173	0.3125	0.3079	0.171	0.2059	0.1396	0.1427	0.1403	0.1363	0.3173	0.2403	0.1485	0.1325	0.1332	0.1284	0.1695	0.1397	0.1395	0.1554	0.1529	0.1731	0.1234	0.1277	0.1341	0.1397	0.3134	0.2346	0.1772	0.2445	0.231	0.3044	0.1323	0.1309	0.1585	0.1357	0.136	0.3105	0.2511	0.2167	0.239	0.2486	0.3086	0.3218	0.2182	0.1464	0.2519	0.1384	0.1419	0.2017	0.3173	0.3231	0.3117	0.3034	0.2312	0.3205	0.3052	0.3072	0.3089	0.0434	0.0692	0.0709	0.1471	0.1032	0.1565	0.1362	0.1266	0.1231	0.085	0.148	0.1024	0.1464
KP0423_HU_CA05	0.148	0.1541	0.3101	0.1396	0.3242	0.1079	0.125	0.1282	0.3123	0.3012	0.1411	0.3001	0.2449	0.3151	0.2957	0.2239	0.3104	0.3085	0.3023	0.2892	0.3138	0.1238	0.1376	0.1504	0.1306	0.1011	0.1102	0.1207	0.1122	0.1154	0	0.1402	0.128	0.108	0.1197	0.1257	0.1094	0.2259	0.2286	0.1225	0.0737	0.1351	0.1367	0.1236	0.1313	0.1249	0.1268	0.2318	0.1173	0.239	0.3062	0.3096	0.3011	0.1486	0.1729	0.1469	0.1251	0.137	0.1417	0.3053	0.2291	0.1351	0.1314	0.1404	0.1286	0.1589	0.143	0.1053	0.131	0.1406	0.1402	0.125	0.1111	0.1261	0.1372	0.313	0.2282	0.1528	0.2255	0.2108	0.3024	0.1357	0.1281	0.1261	0.1389	0.1285	0.3084	0.2379	0.1914	0.2253	0.2428	0.2986	0.3117	0.2245	0.1357	0.2484	0.1256	0.1295	0.1687	0.315	0.3226	0.3066	0.3062	0.2162	0.3099	0.3065	0.3025	0.3117	0.11	0.0972	0.1265	0.1033	0.1091	0.1484	0.1342	0.1287	0.1297	0.1265	0.1416	0.1162	0.1484
KP0426_HU_CA05	0.1716	0.1757	0.3076	0.1642	0.3211	0.1593	0.1439	0.1402	0.3	0.2958	0.1556	0.3099	0.2244	0.3086	0.3037	0.2096	0.3171	0.3183	0.3155	0.3149	0.3141	0.1333	0.1595	0.1623	0.1658	0.1436	0.1424	0.1636	0.1151	0.0815	0.1402	0	0.1313	0.1182	0.1474	0.1524	0.1283	0.1949	0.2152	0.1493	0.124	0.1407	0.1501	0.1476	0.1577	0.1556	0.1562	0.2204	0.1543	0.2184	0.3126	0.3081	0.3114	0.1807	0.199	0.1603	0.1644	0.1653	0.1642	0.3146	0.2145	0.1623	0.1612	0.1598	0.1519	0.1706	0.1646	0.1612	0.1773	0.1606	0.1786	0.1546	0.1534	0.1608	0.1649	0.3163	0.2147	0.1851	0.2131	0.2156	0.3094	0.1613	0.1588	0.169	0.1589	0.1645	0.309	0.2257	0.201	0.2064	0.2255	0.3051	0.3243	0.1944	0.1661	0.2209	0.1515	0.1707	0.1947	0.3147	0.3236	0.3118	0.309	0.232	0.3211	0.3112	0.3063	0.319	0.1147	0.1177	0.1229	0.1571	0.1274	0.1799	0.1629	0.1585	0.1568	0.1197	0.1691	0.145	0.1711
KP0427_HU_CA05	0.148	0.1501	0.3182	0.1589	0.3195	0.1335	0.1124	0.1093	0.3067	0.3029	0.1275	0.3159	0.2576	0.322	0.3118	0.228	0.3133	0.3238	0.3098	0.309	0.3204	0.1132	0.1302	0.1335	0.1398	0.1186	0.1226	0.1366	0.1143	0.0776	0.128	0.1313	0	0.1118	0.1418	0.1373	0.1165	0.2301	0.2409	0.1134	0.1262	0.1262	0.1325	0.1233	0.1538	0.1292	0.1377	0.2479	0.1148	0.257	0.3203	0.3193	0.3122	0.1682	0.2118	0.1347	0.1463	0.1451	0.1307	0.3228	0.243	0.1597	0.1196	0.1342	0.1144	0.1671	0.1511	0.133	0.1448	0.167	0.1725	0.1201	0.1335	0.1307	0.1348	0.3205	0.2474	0.1795	0.2453	0.2422	0.3103	0.1242	0.1281	0.156	0.1432	0.1233	0.3203	0.2686	0.2229	0.2511	0.257	0.3105	0.3294	0.2333	0.1476	0.2585	0.1354	0.129	0.1941	0.3206	0.3292	0.3187	0.3123	0.2282	0.3215	0.3108	0.32	0.3209	0.0899	0.0933	0.095	0.1502	0.1232	0.1673	0.1352	0.1206	0.1247	0.1036	0.1336	0.1211	0.146
KP0429_HU_CA05	0.1362	0.1494	0.3197	0.1478	0.3285	0.1249	0.0836	0.0984	0.3177	0.3116	0.1172	0.3163	0.245	0.3224	0.3117	0.2199	0.3196	0.3257	0.3223	0.3162	0.3183	0.0932	0.1066	0.1149	0.124	0.125	0.0845	0.1005	0.1103	0.08	0.108	0.1182	0.1118	0	0.136	0.1078	0.0909	0.2376	0.2324	0.0812	0.1032	0.1096	0.109	0.0874	0.1394	0.1126	0.1114	0.2417	0.1076	0.2452	0.3222	0.3227	0.3137	0.1665	0.1932	0.124	0.1377	0.1128	0.1146	0.3318	0.2266	0.1351	0.1167	0.1202	0.1214	0.1552	0.1145	0.1227	0.1283	0.1491	0.1659	0.1001	0.118	0.1151	0.1111	0.3242	0.237	0.1709	0.2415	0.2287	0.3186	0.125	0.1077	0.144	0.1244	0.1184	0.3305	0.238	0.2093	0.2394	0.2507	0.3174	0.3316	0.2142	0.1258	0.244	0.1358	0.1278	0.1939	0.3297	0.3352	0.3214	0.3203	0.2215	0.3292	0.3183	0.3176	0.326	0.0949	0.1078	0.1052	0.1333	0.0826	0.149	0.0965	0.1219	0.0962	0.1011	0.1259	0.1142	0.1342
KP0432_HU_CA05	0.1617	0.1661	0.3007	0.1378	0.3035	0.1177	0.1298	0.1329	0.294	0.2887	0.1385	0.2871	0.2272	0.3087	0.2842	0.2118	0.2981	0.2985	0.2946	0.2809	0.2949	0.1398	0.1493	0.1414	0.151	0.1109	0.1109	0.1578	0.1292	0.1338	0.1197	0.1474	0.1418	0.136	0	0.1394	0.1361	0.2093	0.2141	0.1405	0.1486	0.1375	0.1466	0.1427	0.14	0.1357	0.1504	0.2179	0.1358	0.2218	0.2959	0.2981	0.2926	0.1385	0.168	0.144	0.1275	0.1613	0.1519	0.2992	0.2161	0.1425	0.1458	0.1386	0.1544	0.1639	0.1575	0.1153	0.1612	0.1487	0.1359	0.1265	0.1259	0.1505	0.1497	0.2945	0.2133	0.1471	0.2118	0.195	0.2862	0.1374	0.1316	0.12	0.1536	0.1525	0.2976	0.2269	0.1645	0.2191	0.2282	0.292	0.3044	0.2075	0.1342	0.2262	0.14	0.1385	0.1558	0.3042	0.3055	0.2945	0.2926	0.2083	0.2975	0.2963	0.2967	0.3034	0.1398	0.1334	0.1342	0.1247	0.131	0.152	0.1439	0.1444	0.1399	0.1268	0.1371	0.1278	0.1588
KP0434_HU_CA05	0.1319	0.146	0.323	0.1365	0.3268	0.1081	0.1152	0.0945	0.3084	0.31	0.1214	0.3182	0.2313	0.3237	0.3047	0.232	0.3229	0.3211	0.3199	0.3022	0.3111	0.0951	0.1082	0.1253	0.1221	0.1348	0.124	0.1038	0.1249	0.1274	0.1257	0.1524	0.1373	0.1078	0.1394	0	0.1079	0.2245	0.2237	0.0979	0.1171	0.1196	0.1142	0.1079	0.1369	0.0975	0.1102	0.2372	0.11	0.233	0.3299	0.329	0.3178	0.1505	0.1866	0.132	0.1308	0.1074	0.1119	0.3269	0.2161	0.1306	0.1088	0.119	0.1227	0.1514	0.115	0.1068	0.1197	0.1451	0.1548	0.1129	0.1149	0.1146	0.1187	0.3264	0.2285	0.1595	0.228	0.2219	0.3108	0.1102	0.1115	0.1402	0.1319	0.1215	0.3198	0.2298	0.2057	0.2221	0.2413	0.3117	0.3307	0.2081	0.124	0.2213	0.1157	0.1259	0.1817	0.3216	0.332	0.3153	0.3148	0.2128	0.3312	0.3175	0.3164	0.3253	0.1248	0.1281	0.1143	0.1409	0.1094	0.1688	0.1125	0.1326	0.1066	0.1156	0.1243	0.1317	0.1204
KP0435_HU_CA05	0.1455	0.1618	0.3166	0.1568	0.3179	0.1337	0.0996	0.099	0.3112	0.3108	0.1221	0.3068	0.2502	0.3164	0.3027	0.2317	0.3119	0.3162	0.3094	0.3053	0.3089	0.1005	0.1227	0.1323	0.1341	0.115	0.1049	0.1257	0.1047	0.0706	0.1094	0.1283	0.1165	0.0909	0.1361	0.1079	0	0.2401	0.2385	0.1092	0.0998	0.124	0.1213	0.1122	0.1434	0.1083	0.0909	0.2422	0.1199	0.2498	0.316	0.3147	0.309	0.1619	0.1905	0.1313	0.1302	0.1211	0.1221	0.3145	0.2403	0.1368	0.126	0.1159	0.1245	0.1597	0.13	0.1265	0.1227	0.1408	0.1705	0.0987	0.1202	0.103	0.1233	0.3172	0.2352	0.171	0.2435	0.2234	0.3089	0.1241	0.1159	0.1464	0.1212	0.1276	0.3127	0.2422	0.2141	0.2424	0.2496	0.3098	0.3248	0.2243	0.1293	0.2516	0.1318	0.125	0.1941	0.3209	0.3292	0.3116	0.3056	0.2266	0.3167	0.3109	0.3061	0.3128	0.071	0.0959	0.1032	0.1316	0.1011	0.1588	0.1252	0.1129	0.1078	0.1095	0.1266	0.1173	0.1303
KP0436_HU_CA05	0.2204	0.2135	0.3067	0.2154	0.2951	0.2224	0.2437	0.23	0.2894	0.2843	0.2336	0.301	0.1722	0.3136	0.2874	0.1642	0.2956	0.295	0.294	0.2854	0.301	0.2366	0.2343	0.2373	0.2302	0.2171	0.2368	0.2416	0.2315	0.2327	0.2259	0.1949	0.2301	0.2376	0.2093	0.2245	0.2401	0	0.1263	0.2413	0.2397	0.2177	0.2212	0.2412	0.2072	0.2405	0.2379	0.1652	0.2233	0.1412	0.3079	0.3006	0.2986	0.2109	0.1763	0.2336	0.2193	0.2264	0.2388	0.3092	0.1518	0.2035	0.2271	0.2363	0.2272	0.2036	0.2407	0.2242	0.2242	0.2107	0.2033	0.2214	0.2347	0.2396	0.2314	0.3037	0.137	0.1882	0.1682	0.1431	0.2909	0.2206	0.2372	0.2205	0.2148	0.2414	0.2988	0.1451	0.1718	0.119	0.1475	0.2911	0.3158	0.1372	0.2242	0.141	0.2076	0.2385	0.203	0.3001	0.3122	0.3033	0.3036	0.2038	0.3059	0.2959	0.3051	0.3063	0.2294	0.2319	0.2444	0.2173	0.2347	0.2171	0.2379	0.2424	0.2403	0.2282	0.2427	0.2428	0.221
KP0437_HU_CA05	0.2325	0.2046	0.2831	0.2151	0.2864	0.2275	0.2295	0.2306	0.2706	0.2699	0.2367	0.2837	0.1707	0.2919	0.273	0.1769	0.289	0.2861	0.2817	0.2715	0.2902	0.2442	0.2332	0.2419	0.2306	0.2139	0.2349	0.2407	0.2267	0.2404	0.2286	0.2152	0.2409	0.2324	0.2141	0.2237	0.2385	0.1263	0	0.2398	0.2416	0.2239	0.2208	0.2394	0.2115	0.242	0.2319	0.1491	0.2307	0.1312	0.2727	0.2831	0.2682	0.2175	0.173	0.2281	0.2225	0.231	0.227	0.2817	0.1505	0.2116	0.2233	0.2417	0.2398	0.2058	0.2535	0.2303	0.2353	0.2081	0.215	0.2312	0.2413	0.2289	0.2379	0.2905	0.1316	0.1967	0.153	0.1459	0.269	0.2253	0.2385	0.2211	0.2209	0.2327	0.2748	0.1437	0.1647	0.1392	0.1381	0.2732	0.2937	0.1345	0.2182	0.1422	0.2194	0.2477	0.1953	0.2869	0.2868	0.2811	0.2772	0.2043	0.2846	0.2664	0.2736	0.2846	0.2407	0.2341	0.2326	0.2046	0.2445	0.207	0.234	0.2468	0.2511	0.2286	0.2272	0.2407	0.2297
KP0438_HU_CA05	0.1448	0.1619	0.3084	0.1563	0.3187	0.1306	0.1048	0.0968	0.3061	0.3007	0.1212	0.3056	0.2517	0.3181	0.3034	0.2335	0.3082	0.3129	0.3129	0.3067	0.3118	0.0818	0.1157	0.114	0.1143	0.136	0.1081	0.1038	0.1209	0.113	0.1225	0.1493	0.1134	0.0812	0.1405	0.0979	0.1092	0.2413	0.2398	0	0.1265	0.1132	0.1237	0.0957	0.1323	0.0958	0.1116	0.242	0.1108	0.2489	0.3175	0.3105	0.3068	0.1626	0.1949	0.125	0.1354	0.1232	0.1177	0.3216	0.237	0.1511	0.1171	0.1214	0.13	0.1644	0.1269	0.1193	0.1289	0.1537	0.1634	0.1096	0.1143	0.1185	0.1177	0.3129	0.2477	0.1696	0.231	0.2378	0.3113	0.1072	0.1014	0.1324	0.1289	0.1161	0.3166	0.2517	0.2143	0.2459	0.252	0.306	0.3238	0.2248	0.1246	0.2486	0.1266	0.123	0.1901	0.3282	0.3211	0.3151	0.3068	0.2212	0.3214	0.3104	0.3101	0.3183	0.1044	0.1218	0.0975	0.1365	0.1021	0.1627	0.0959	0.1101	0.0903	0.0957	0.0944	0.1133	0.1259
KP0439_HU_CA05	0.161	0.162	0.3296	0.1678	0.3403	0.1395	0.1181	0.1253	0.3169	0.3148	0.1437	0.3188	0.2496	0.3284	0.3147	0.2311	0.3295	0.3249	0.3189	0.308	0.329	0.1257	0.1355	0.1408	0.1436	0.1251	0.1274	0.0987	0.1102	0.0876	0.0737	0.124	0.1262	0.1032	0.1486	0.1171	0.0998	0.2397	0.2416	0.1265	0	0.1265	0.1323	0.122	0.1499	0.1286	0.1236	0.2415	0.1369	0.2519	0.3236	0.3199	0.3174	0.1775	0.1993	0.1431	0.1546	0.1332	0.1371	0.3282	0.247	0.1515	0.1434	0.1421	0.1431	0.1681	0.1483	0.1429	0.131	0.1582	0.1793	0.1322	0.1319	0.1353	0.1442	0.3331	0.2398	0.1886	0.24	0.2334	0.3187	0.1402	0.1356	0.1583	0.1422	0.1423	0.3239	0.2411	0.2237	0.2335	0.2562	0.3162	0.3343	0.2226	0.1482	0.2526	0.1472	0.1381	0.2014	0.3249	0.3345	0.3194	0.3172	0.2277	0.3314	0.3189	0.3147	0.3251	0.099	0.1087	0.1083	0.136	0.1087	0.1649	0.1359	0.1379	0.1303	0.123	0.1532	0.1303	0.1523
KP0474_AC_WP20	0.123	0.1429	0.3018	0.1472	0.3195	0.1347	0.1196	0.1068	0.3062	0.2915	0.116	0.3032	0.2372	0.3099	0.3007	0.2247	0.304	0.3085	0.3129	0.3038	0.3073	0.1131	0.132	0.0898	0.1113	0.1345	0.122	0.1163	0.1279	0.1222	0.1351	0.1407	0.1262	0.1096	0.1375	0.1196	0.124	0.2177	0.2239	0.1132	0.1265	0	0.1071	0.1093	0.1026	0.1152	0.1048	0.2288	0.083	0.2317	0.3069	0.2982	0.2997	0.1449	0.1716	0.0612	0.1129	0.1056	0.1162	0.314	0.2312	0.1096	0.0785	0.1175	0.0811	0.1411	0.1051	0.1146	0.1051	0.1156	0.1454	0.0947	0.1076	0.1266	0.1003	0.3103	0.2219	0.1523	0.2247	0.2117	0.3018	0.0792	0.0823	0.1328	0.0913	0.1205	0.3067	0.2385	0.2049	0.2281	0.2401	0.3005	0.3208	0.2147	0.0831	0.2315	0.1169	0.1125	0.1822	0.3102	0.3138	0.3104	0.301	0.2077	0.3148	0.3076	0.3044	0.315	0.1302	0.1299	0.1173	0.1503	0.1114	0.1678	0.1123	0.115	0.1069	0.1115	0.1119	0.1104	0.1458
KP0540_AC_WP20	0.1447	0.1493	0.3068	0.1557	0.3134	0.1397	0.1081	0.1245	0.3036	0.2986	0.1319	0.2982	0.2303	0.3116	0.2945	0.2164	0.308	0.3009	0.3119	0.3052	0.3032	0.1254	0.1173	0.1245	0.1208	0.1411	0.1219	0.1212	0.1317	0.1256	0.1367	0.1501	0.1325	0.109	0.1466	0.1142	0.1213	0.2212	0.2208	0.1237	0.1323	0.1071	0	0.1145	0.1321	0.1294	0.1125	0.2294	0.1078	0.2327	0.3169	0.3048	0.302	0.1535	0.1815	0.1267	0.1214	0.0986	0.1031	0.3167	0.2243	0.1465	0.1157	0.1134	0.122	0.146	0.1348	0.12	0.1166	0.1468	0.1608	0.0994	0.1107	0.112	0.1088	0.3137	0.2326	0.169	0.2217	0.2228	0.304	0.1174	0.1145	0.1354	0.128	0.1138	0.3091	0.2415	0.208	0.2293	0.2436	0.3011	0.3176	0.2079	0.1241	0.231	0.125	0.1177	0.1748	0.3117	0.3229	0.308	0.3051	0.2123	0.3142	0.3056	0.3024	0.3117	0.1328	0.1365	0.1222	0.1431	0.1201	0.1578	0.1113	0.1275	0.1276	0.1164	0.1078	0.1276	0.1443
KP0552_AC_WP20	0.1376	0.1292	0.3203	0.1508	0.3232	0.1226	0.0875	0.0862	0.3111	0.3074	0.0914	0.3064	0.2453	0.3199	0.3059	0.25	0.3122	0.3207	0.3161	0.3099	0.3091	0.0871	0.0978	0.1172	0.1171	0.1279	0.1203	0.1018	0.1244	0.1194	0.1236	0.1476	0.1233	0.0874	0.1427	0.1079	0.1122	0.2412	0.2394	0.0957	0.122	0.1093	0.1145	0	0.1396	0.0894	0.1192	0.2535	0.0939	0.2563	0.3204	0.3094	0.312	0.1617	0.1931	0.1146	0.1158	0.1154	0.115	0.3217	0.2494	0.1372	0.0984	0.1227	0.113	0.1616	0.1207	0.1167	0.1067	0.1437	0.1681	0.0918	0.1138	0.1253	0.1116	0.318	0.253	0.172	0.2418	0.2395	0.312	0.1243	0.1025	0.1381	0.1303	0.1032	0.3156	0.2547	0.2217	0.2484	0.2638	0.3089	0.3306	0.2314	0.1126	0.2514	0.1279	0.1137	0.1933	0.3272	0.3268	0.316	0.3093	0.2244	0.3202	0.3122	0.3126	0.3217	0.1103	0.1191	0.0996	0.1353	0.0439	0.1751	0.0402	0.1363	0.0856	0.1099	0.1131	0.1168	0.1267
KP0582_AC_WP20	0.1441	0.1717	0.3171	0.1421	0.3155	0.1314	0.1476	0.1459	0.3092	0.2966	0.1496	0.3019	0.2265	0.3184	0.2976	0.2253	0.3129	0.3116	0.3092	0.3058	0.3108	0.1388	0.1513	0.1228	0.1398	0.1435	0.1309	0.1505	0.1353	0.1565	0.1313	0.1577	0.1538	0.1394	0.14	0.1369	0.1434	0.2072	0.2115	0.1323	0.1499	0.1026	0.1321	0.1396	0	0.1441	0.1218	0.212	0.1007	0.2179	0.3088	0.3107	0.2986	0.1481	0.1683	0.1098	0.1363	0.1362	0.1349	0.3147	0.2221	0.1219	0.1237	0.132	0.1286	0.1423	0.1389	0.1252	0.13	0.1246	0.135	0.1126	0.1139	0.1376	0.1217	0.3093	0.2088	0.1395	0.2117	0.1901	0.3071	0.1168	0.1205	0.1352	0.1338	0.1447	0.3095	0.2253	0.1744	0.2178	0.2298	0.2958	0.3233	0.1995	0.1135	0.2172	0.1291	0.1364	0.1497	0.3109	0.32	0.3061	0.307	0.204	0.3124	0.3091	0.3064	0.3146	0.1563	0.1421	0.138	0.1336	0.1298	0.1712	0.1407	0.1518	0.1378	0.1369	0.141	0.1346	0.1664
