0.800955 0.000010 0.000010 0.199025
0.000010 0.999970 0.000010 0.000010
0.000010 0.000010 0.495856 0.504124
0.283572 0.000010 0.716408 0.000010
0.546730 0.000010 0.070371 0.382889
0.000010 0.000010 0.999970 0.000010
0.000010 0.000010 0.000010 0.999970
0.422723 0.000010 0.577257 0.000010
0.257400 0.000010 0.207291 0.535299
0.000010 0.999970 0.000010 0.000010
0.653476 0.000013 0.346501 0.000010
0.000010 0.999970 0.000010 0.000010
0.000010 0.000010 0.999970 0.000010
0.491599 0.000010 0.508381 0.000010
0.999970 0.000010 0.000010 0.000010
0.557522 0.000010 0.442458 0.000010
0.000010 0.999970 0.000010 0.000010
0.000010 0.999970 0.000010 0.000010
0.999970 0.000010 0.000010 0.000010
0.999970 0.000010 0.000010 0.000010
0.766841 0.000010 0.000010 0.233139
0.000010 0.000010 0.000010 0.999970
0.107835 0.892145 0.000010 0.000010
0.000010 0.000010 0.999970 0.000010
0.000010 0.982743 0.017237 0.000010
0.257834 0.000010 0.482960 0.259197
0.000010 0.999970 0.000010 0.000010
0.400162 0.000010 0.599818 0.000010
0.000010 0.999970 0.000010 0.000010
0.000010 0.999970 0.000010 0.000010
0.000010 0.000010 0.746012 0.253968
0.690397 0.000010 0.309583 0.000010
0.999970 0.000010 0.000010 0.000010
0.000010 0.000010 0.999970 0.000010
0.000010 0.999970 0.000010 0.000010
0.000010 0.000010 0.821667 0.178313
0.884513 0.000010 0.000010 0.115467
0.000010 0.000010 0.999970 0.000010
0.999970 0.000010 0.000010 0.000010
0.000010 0.000010 0.999970 0.000010
0.000010 0.000010 0.000010 0.999970
0.999970 0.000010 0.000010 0.000010
0.000010 0.919885 0.000010 0.080095
0.999970 0.000010 0.000010 0.000010
0.999970 0.000010 0.000010 0.000010
0.000010 0.000010 0.000010 0.999970
0.999970 0.000010 0.000010 0.000010
0.631469 0.000010 0.000010 0.368511
0.999970 0.000010 0.000010 0.000010
0.000010 0.999970 0.000010 0.000010
0.000010 0.999970 0.000010 0.000010
0.417553 0.582427 0.000010 0.000010
0.189061 0.019079 0.641248 0.150612
0.000010 0.999970 0.000010 0.000010
0.000010 0.000010 0.999970 0.000010
0.424750 0.000010 0.575230 0.000010
0.570192 0.000010 0.429788 0.000010
0.999970 0.000010 0.000010 0.000010
0.000010 0.000010 0.999970 0.000010
0.000010 0.000010 0.000010 0.999970
0.000010 0.999970 0.000010 0.000010
0.000010 0.000010 0.000010 0.999970
0.000010 0.000010 0.000010 0.999970
0.000010 0.999970 0.000010 0.000010
0.000010 0.000010 0.999970 0.000010
0.410763 0.000010 0.589217 0.000010
0.392140 0.000010 0.607840 0.000010
0.000010 0.999970 0.000010 0.000010
0.015208 0.984772 0.000010 0.000010
0.853309 0.000010 0.146671 0.000010
0.000010 0.982975 0.009071 0.007944
0.144040 0.000010 0.564611 0.291339
0.000010 0.999970 0.000010 0.000010
0.000010 0.999970 0.000010 0.000010
0.000010 0.999970 0.000010 0.000010
0.000010 0.999970 0.000010 0.000010
0.999970 0.000010 0.000010 0.000010
0.000010 0.999970 0.000010 0.000010
0.000010 0.000010 0.000010 0.999970
0.999970 0.000010 0.000010 0.000010
0.000010 0.000010 0.999970 0.000010
0.000010 0.991710 0.008270 0.000010
0.000010 0.000010 0.999970 0.000010
0.000010 0.999970 0.000010 0.000010
0.999970 0.000010 0.000010 0.000010
0.479404 0.000010 0.520576 0.000010
0.000010 0.000010 0.999970 0.000010
0.000010 0.000010 0.000010 0.999970
0.999970 0.000010 0.000010 0.000010
0.000010 0.999970 0.000010 0.000010
0.024344 0.975636 0.000010 0.000010
0.000010 0.000010 0.999970 0.000010
