0.000010 0.651372 0.293053 0.000010 0.000010 0.000010 0.055535
0.000010 0.889966 0.095690 0.000010 0.014304 0.000010 0.000010
0.000010 0.991386 0.000010 0.008564 0.000010 0.000010 0.000010
0.000010 0.963425 0.036525 0.000010 0.000010 0.000010 0.000010
0.159928 0.840022 0.000010 0.000010 0.000010 0.000010 0.000010
0.058849 0.941101 0.000010 0.000010 0.000010 0.000010 0.000010
0.000010 0.999940 0.000010 0.000010 0.000010 0.000010 0.000010
0.082462 0.917488 0.000010 0.000010 0.000010 0.000010 0.000010
0.000010 0.899457 0.000010 0.000010 0.000010 0.000010 0.100493
0.000010 0.000010 0.000010 0.000010 0.000010 0.999940 0.000010
0.000010 0.007761 0.000010 0.000010 0.000010 0.992189 0.000010
0.000010 0.834748 0.165202 0.000010 0.000010 0.000010 0.000010
0.000010 0.768734 0.152366 0.000010 0.000010 0.000010 0.078860
0.008679 0.900939 0.090343 0.000010 0.000010 0.000010 0.000010
0.000010 0.999940 0.000010 0.000010 0.000010 0.000010 0.000010
0.026268 0.973682 0.000010 0.000010 0.000010 0.000010 0.000010
0.000010 0.999940 0.000010 0.000010 0.000010 0.000010 0.000010
0.000010 0.786023 0.198577 0.000010 0.015360 0.000010 0.000010
0.000010 0.903743 0.096207 0.000010 0.000010 0.000010 0.000010
0.000010 0.848346 0.151596 0.000010 0.000018 0.000010 0.000010
0.000010 0.942560 0.057390 0.000010 0.000010 0.000010 0.000010
0.000010 0.937105 0.062845 0.000010 0.000010 0.000010 0.000010
0.026772 0.951823 0.000010 0.000010 0.000010 0.021365 0.000010
0.000010 0.892473 0.023656 0.000010 0.000010 0.083831 0.000010
0.000010 0.899549 0.100401 0.000010 0.000010 0.000010 0.000010
0.000010 0.999940 0.000010 0.000010 0.000010 0.000010 0.000010
0.000010 0.793770 0.206180 0.000010 0.000010 0.000010 0.000010
0.578775 0.035356 0.068083 0.000010 0.000010 0.000010 0.317757
0.000010 0.922815 0.000010 0.000010 0.000010 0.000010 0.077135
0.012497 0.810686 0.091823 0.000010 0.000010 0.084965 0.000010
0.000010 0.000010 0.000010 0.000010 0.000010 0.999940 0.000010
0.000010 0.860408 0.000010 0.010830 0.000010 0.000010 0.128722
0.000010 0.831873 0.089963 0.000010 0.000010 0.078124 0.000010
0.000010 0.018080 0.076508 0.000010 0.000010 0.814320 0.091061
0.000010 0.000010 0.000010 0.000010 0.000010 0.999940 0.000010
0.051918 0.000010 0.000010 0.000010 0.000010 0.948032 0.000010
0.000285 0.982697 0.000010 0.000010 0.016979 0.000010 0.000010
0.000010 0.000010 0.000010 0.000010 0.000010 0.999940 0.000010
0.000010 0.567101 0.187737 0.000010 0.000010 0.245122 0.000010
0.000010 0.751058 0.000010 0.000010 0.000010 0.000010 0.248892
0.000010 0.893746 0.000010 0.019951 0.000010 0.000010 0.086263
0.032151 0.671018 0.107132 0.000010 0.000010 0.101187 0.088492
0.000010 0.857909 0.000010 0.000010 0.000010 0.015166 0.126886
0.000010 0.850844 0.149106 0.000010 0.000010 0.000010 0.000010
0.000010 0.000010 0.000010 0.000010 0.999940 0.000010 0.000010
0.000010 0.842277 0.000010 0.000010 0.000010 0.066428 0.091255
0.000010 0.621108 0.130891 0.000010 0.013697 0.173818 0.060465
0.000010 0.591078 0.322403 0.000010 0.000010 0.073131 0.013358
0.106840 0.268644 0.258826 0.000010 0.000010 0.365660 0.000010
0.000010 0.000010 0.000010 0.000010 0.999940 0.000010 0.000010
0.000010 0.506417 0.002327 0.000010 0.000010 0.316246 0.174980
0.131031 0.472157 0.264842 0.000010 0.000010 0.131940 0.000010
0.000010 0.000010 0.000010 0.102257 0.897693 0.000010 0.000010
0.339062 0.343115 0.000010 0.027402 0.000010 0.290391 0.000010
0.000010 0.000010 0.000010 0.000010 0.999940 0.000010 0.000010
0.000010 0.000010 0.000010 0.000010 0.999940 0.000010 0.000010
0.000010 0.811768 0.088729 0.000010 0.000010 0.000010 0.099462
0.000010 0.000010 0.000010 0.000010 0.999940 0.000010 0.000010
0.000010 0.000010 0.000010 0.000010 0.000010 0.999940 0.000010
0.000010 0.000010 0.000010 0.000010 0.999940 0.000010 0.000010
0.000010 0.000010 0.000010 0.000010 0.000010 0.999940 0.000010
0.000010 0.515796 0.000010 0.000010 0.000010 0.330653 0.153511
0.087237 0.652770 0.166532 0.000010 0.000010 0.063153 0.030288
0.152791 0.728385 0.118784 0.000010 0.000010 0.000010 0.000010
0.000010 0.540978 0.345786 0.000010 0.000010 0.113197 0.000010
0.497595 0.000010 0.056177 0.000010 0.000010 0.000010 0.446188
0.947885 0.000010 0.000010 0.000010 0.000010 0.000010 0.052065
0.782718 0.000010 0.000010 0.000010 0.000010 0.000010 0.217232
0.630067 0.000010 0.129528 0.000010 0.000010 0.000010 0.240365
0.687129 0.000010 0.000010 0.000010 0.000010 0.000010 0.312821
0.838687 0.000010 0.092789 0.002567 0.000010 0.000010 0.065927
0.628522 0.000010 0.000010 0.000010 0.000010 0.000010 0.371428
0.999940 0.000010 0.000010 0.000010 0.000010 0.000010 0.000010
0.000010 0.000010 0.000010 0.860714 0.139236 0.000010 0.000010
0.999940 0.000010 0.000010 0.000010 0.000010 0.000010 0.000010
0.713101 0.030087 0.101680 0.000010 0.000010 0.000010 0.155101
0.667954 0.035192 0.000010 0.000010 0.000010 0.000010 0.296814
0.709864 0.000010 0.044419 0.000010 0.000010 0.000010 0.245677
0.829283 0.000010 0.000010 0.000010 0.000010 0.000010 0.170667
0.480432 0.000010 0.000010 0.000010 0.000010 0.000010 0.519518
0.987131 0.000010 0.000010 0.000010 0.000010 0.000010 0.012819
0.252831 0.747119 0.000010 0.000010 0.000010 0.000010 0.000010
0.694192 0.230469 0.000010 0.000010 0.000010 0.000010 0.075299
0.000010 0.000010 0.000010 0.878245 0.121705 0.000010 0.000010
0.492787 0.000010 0.000010 0.000010 0.000010 0.000010 0.507163
0.576490 0.000010 0.000010 0.010349 0.000010 0.000010 0.413121
0.718363 0.000010 0.000010 0.000010 0.000010 0.000010 0.281587
0.575968 0.000010 0.000010 0.000010 0.000010 0.000010 0.423982
0.838650 0.053877 0.107432 0.000010 0.000010 0.000010 0.000010
0.000010 0.000010 0.000010 0.999940 0.000010 0.000010 0.000010
0.575096 0.000010 0.000010 0.000010 0.000010 0.000010 0.424854
0.644278 0.000010 0.000010 0.000010 0.000010 0.000010 0.355672
0.000010 0.000010 0.000010 0.999940 0.000010 0.000010 0.000010
0.383600 0.000010 0.000010 0.000010 0.000010 0.000010 0.616350
0.000010 0.000010 0.000010 0.999940 0.000010 0.000010 0.000010
0.000010 0.000010 0.000010 0.999940 0.000010 0.000010 0.000010
0.000010 0.000010 0.000010 0.917015 0.082935 0.000010 0.000010
0.598224 0.000010 0.105624 0.000010 0.000010 0.000010 0.296112
0.868213 0.000010 0.000010 0.000010 0.000010 0.000010 0.131737
0.065251 0.058357 0.756155 0.000010 0.000010 0.059977 0.060239
0.091241 0.008880 0.899840 0.000010 0.000010 0.000010 0.000010
0.000010 0.076788 0.737405 0.000010 0.000010 0.000010 0.185767
0.000010 0.000010 0.999940 0.000010 0.000010 0.000010 0.000010
0.000010 0.000010 0.646258 0.011486 0.000010 0.000010 0.342217
0.139080 0.000010 0.860870 0.000010 0.000010 0.000010 0.000010
0.870171 0.000010 0.000010 0.000010 0.000010 0.000010 0.129779
0.000010 0.000010 0.000010 0.999940 0.000010 0.000010 0.000010
0.691667 0.000010 0.000010 0.000010 0.000010 0.000010 0.308283
0.651506 0.000010 0.000010 0.000010 0.000010 0.000010 0.348444
0.999940 0.000010 0.000010 0.000010 0.000010 0.000010 0.000010
0.000010 0.000010 0.000010 0.999940 0.000010 0.000010 0.000010
0.690254 0.000010 0.000010 0.000010 0.000010 0.000010 0.309696
0.902873 0.000010 0.000010 0.000010 0.000010 0.000010 0.097077
0.720804 0.057654 0.017098 0.000010 0.016053 0.000010 0.188371
0.891226 0.000010 0.000010 0.000010 0.000010 0.000010 0.108724
0.627930 0.000010 0.121176 0.000010 0.000010 0.000010 0.250854
0.870179 0.000010 0.000010 0.000010 0.000010 0.000010 0.129771
0.476787 0.000010 0.065630 0.000010 0.000010 0.000010 0.457544
0.539331 0.000010 0.000010 0.000010 0.000010 0.000010 0.460619
0.629964 0.056527 0.018974 0.000010 0.000010 0.000010 0.294505
0.000010 0.000010 0.000010 0.999940 0.000010 0.000010 0.000010
0.000010 0.000010 0.000010 0.000010 0.000010 0.000010 0.999940
0.737879 0.058398 0.000010 0.000010 0.000010 0.000010 0.203683
0.996113 0.000010 0.000010 0.000010 0.000010 0.000010 0.003837
0.000010 0.000010 0.000010 0.000010 0.000010 0.000010 0.999940
0.999940 0.000010 0.000010 0.000010 0.000010 0.000010 0.000010
0.779396 0.104965 0.000010 0.000010 0.000010 0.000010 0.115599
0.999940 0.000010 0.000010 0.000010 0.000010 0.000010 0.000010
0.625489 0.000010 0.111779 0.000010 0.000010 0.000010 0.262692
0.755399 0.067745 0.000010 0.000010 0.000010 0.000010 0.176816
0.999940 0.000010 0.000010 0.000010 0.000010 0.000010 0.000010
0.741392 0.000010 0.000010 0.000010 0.000010 0.000010 0.258558
0.397544 0.000010 0.010168 0.000010 0.000010 0.000010 0.592248
0.000010 0.000010 0.000010 0.000010 0.000010 0.000010 0.999940
0.769269 0.047184 0.000010 0.000010 0.000010 0.000010 0.183508
0.911876 0.000010 0.000010 0.000010 0.000010 0.000010 0.088074
0.726328 0.000010 0.000010 0.000010 0.000010 0.000010 0.273622
0.000010 0.000010 0.000010 0.000010 0.000010 0.000010 0.999940
0.459643 0.000010 0.058224 0.000010 0.023804 0.000010 0.458299
0.221621 0.000010 0.138006 0.000010 0.000010 0.000010 0.640333
0.790533 0.000010 0.001245 0.000010 0.000010 0.000010 0.208182
0.000010 0.000010 0.000010 0.999940 0.000010 0.000010 0.000010
0.000010 0.000010 0.000010 0.999940 0.000010 0.000010 0.000010
0.598857 0.013838 0.055939 0.000010 0.000010 0.000010 0.331336
0.000010 0.000010 0.000010 0.999940 0.000010 0.000010 0.000010
0.819293 0.000010 0.000010 0.000010 0.000010 0.000010 0.180657
0.999940 0.000010 0.000010 0.000010 0.000010 0.000010 0.000010
0.000010 0.000010 0.000010 0.999940 0.000010 0.000010 0.000010
0.000010 0.000010 0.000010 0.999940 0.000010 0.000010 0.000010
0.897656 0.000010 0.000010 0.000010 0.001560 0.000010 0.100744
0.000010 0.000010 0.000010 0.999940 0.000010 0.000010 0.000010
0.000010 0.000010 0.000010 0.905944 0.094006 0.000010 0.000010
0.000010 0.000010 0.000010 0.999940 0.000010 0.000010 0.000010
0.000010 0.956384 0.043566 0.000010 0.000010 0.000010 0.000010
0.000010 0.883687 0.116263 0.000010 0.000010 0.000010 0.000010
0.000010 0.999940 0.000010 0.000010 0.000010 0.000010 0.000010
0.000010 0.999940 0.000010 0.000010 0.000010 0.000010 0.000010
0.000010 0.000010 0.000010 0.000010 0.999940 0.000010 0.000010
0.738051 0.000010 0.000010 0.000010 0.000010 0.000010 0.261899
0.083961 0.915989 0.000010 0.000010 0.000010 0.000010 0.000010
0.000010 0.757339 0.140247 0.000010 0.000010 0.000010 0.102374
0.173244 0.726310 0.100401 0.000010 0.000015 0.000010 0.000010
0.121349 0.856843 0.000010 0.000010 0.000010 0.000010 0.021768
0.032489 0.805277 0.162194 0.000010 0.000010 0.000010 0.000010
0.041673 0.958277 0.000010 0.000010 0.000010 0.000010 0.000010
0.043775 0.932064 0.000010 0.000010 0.000010 0.000010 0.024121
0.073788 0.739919 0.000010 0.000010 0.000010 0.186252 0.000010
0.000010 0.938824 0.000010 0.000010 0.000010 0.000010 0.061126
0.000010 0.928856 0.067887 0.000010 0.003217 0.000010 0.000010
0.104778 0.778836 0.116346 0.000010 0.000010 0.000010 0.000010
0.000010 0.827266 0.069276 0.000010 0.000010 0.000010 0.103418
0.000010 0.932157 0.000010 0.000010 0.000010 0.000010 0.067793
0.000010 0.916953 0.000010 0.000010 0.000010 0.000010 0.082997
0.000010 0.999940 0.000010 0.000010 0.000010 0.000010 0.000010
0.085630 0.914320 0.000010 0.000010 0.000010 0.000010 0.000010
0.025459 0.858757 0.000010 0.000010 0.000010 0.097929 0.017825
0.153901 0.778596 0.026570 0.000010 0.000010 0.027687 0.013225
0.000010 0.867587 0.132363 0.000010 0.000010 0.000010 0.000010
0.000010 0.999940 0.000010 0.000010 0.000010 0.000010 0.000010
0.044564 0.955386 0.000010 0.000010 0.000010 0.000010 0.000010
0.000010 0.000010 0.000010 0.000010 0.999940 0.000010 0.000010
0.000010 0.923285 0.000010 0.000010 0.000010 0.000010 0.076665
0.000010 0.823782 0.151639 0.000010 0.000010 0.000010 0.024540
0.000010 0.999940 0.000010 0.000010 0.000010 0.000010 0.000010
0.000010 0.000010 0.000010 0.000010 0.999940 0.000010 0.000010
0.000010 0.999940 0.000010 0.000010 0.000010 0.000010 0.000010
0.000010 0.000010 0.000010 0.000010 0.999940 0.000010 0.000010
0.000010 0.999940 0.000010 0.000010 0.000010 0.000010 0.000010
0.000010 0.999940 0.000010 0.000010 0.000010 0.000010 0.000010
0.000010 0.857896 0.089930 0.000010 0.000010 0.000010 0.052134
0.058265 0.941685 0.000010 0.000010 0.000010 0.000010 0.000010
0.000010 0.928683 0.050451 0.000010 0.000010 0.000010 0.020826
0.000010 0.913443 0.000010 0.000010 0.000010 0.000010 0.086507
0.000010 0.916446 0.083504 0.000010 0.000010 0.000010 0.000010
0.174286 0.788484 0.000010 0.000010 0.000010 0.037190 0.000010
0.000010 0.868477 0.000010 0.000010 0.000010 0.000010 0.131473
0.211113 0.788837 0.000010 0.000010 0.000010 0.000010 0.000010
0.000010 0.916035 0.083915 0.000010 0.000010 0.000010 0.000010
0.028511 0.735639 0.235810 0.000010 0.000010 0.000010 0.000010
0.000010 0.999931 0.000010 0.000010 0.000019 0.000010 0.000010
0.429738 0.000010 0.000010 0.000010 0.000010 0.000010 0.570212
0.764915 0.000010 0.133752 0.000010 0.000010 0.000010 0.101293
0.432128 0.000010 0.000010 0.000010 0.000010 0.000010 0.567822
0.822831 0.000010 0.000010 0.000010 0.000010 0.116963 0.060166
0.857832 0.000010 0.000010 0.000010 0.000010 0.000010 0.142118
0.895424 0.000010 0.000010 0.000010 0.000010 0.000010 0.104526
0.651273 0.000010 0.097850 0.000010 0.000010 0.017508 0.233339
0.610330 0.000010 0.000010 0.000010 0.000010 0.024200 0.365429
0.965073 0.000010 0.000010 0.000010 0.000010 0.000010 0.034877
0.750030 0.057825 0.043663 0.000010 0.000010 0.000010 0.148453
0.956886 0.000010 0.000010 0.000010 0.000010 0.000010 0.043064
0.546401 0.000010 0.011361 0.000010 0.000010 0.000010 0.442198
0.000010 0.000010 0.000010 0.248120 0.751830 0.000010 0.000010
0.794661 0.000010 0.000010 0.000010 0.000010 0.061632 0.143667
0.756091 0.062060 0.000010 0.000010 0.000010 0.000010 0.181810
0.781769 0.000010 0.000010 0.000010 0.000010 0.000010 0.218181
0.844694 0.000010 0.155256 0.000010 0.000010 0.000010 0.000010
0.830130 0.000010 0.169820 0.000010 0.000010 0.000010 0.000010
0.804388 0.000010 0.000010 0.000010 0.000010 0.000010 0.195562
0.930171 0.000010 0.045338 0.000010 0.000010 0.000010 0.024452
0.999940 0.000010 0.000010 0.000010 0.000010 0.000010 0.000010
0.982625 0.017325 0.000010 0.000010 0.000010 0.000010 0.000010
0.999940 0.000010 0.000010 0.000010 0.000010 0.000010 0.000010
0.999940 0.000010 0.000010 0.000010 0.000010 0.000010 0.000010
0.999940 0.000010 0.000010 0.000010 0.000010 0.000010 0.000010
0.857675 0.000010 0.000010 0.000010 0.000010 0.000010 0.142275
0.957903 0.000010 0.000010 0.000010 0.000010 0.000010 0.042047
0.594337 0.000010 0.000010 0.000010 0.000010 0.000010 0.405613
0.784851 0.000010 0.000010 0.000010 0.000010 0.000010 0.215099
0.677068 0.074985 0.063486 0.000010 0.000010 0.000010 0.184431
0.835664 0.000781 0.000010 0.000010 0.017754 0.000010 0.145772
0.570510 0.110136 0.166636 0.000010 0.000010 0.000010 0.152688
0.672543 0.000010 0.000010 0.000010 0.000010 0.000010 0.327407
0.000010 0.982255 0.000010 0.000215 0.000010 0.000010 0.017490
0.773252 0.000010 0.029919 0.000010 0.000010 0.000010 0.196789
0.803436 0.000010 0.001204 0.000337 0.000010 0.000010 0.194993
0.876643 0.000010 0.123307 0.000010 0.000010 0.000010 0.000010
0.999940 0.000010 0.000010 0.000010 0.000010 0.000010 0.000010
0.999940 0.000010 0.000010 0.000010 0.000010 0.000010 0.000010
0.754646 0.000010 0.000010 0.000010 0.000010 0.000010 0.245304
0.999940 0.000010 0.000010 0.000010 0.000010 0.000010 0.000010
0.681367 0.000010 0.077688 0.000010 0.000010 0.000010 0.240906
0.999940 0.000010 0.000010 0.000010 0.000010 0.000010 0.000010
0.765641 0.000010 0.000010 0.000010 0.000010 0.000010 0.234309
0.857658 0.000010 0.042294 0.000010 0.000010 0.000010 0.100009
0.980853 0.000010 0.000010 0.000010 0.000010 0.000010 0.019097
0.999940 0.000010 0.000010 0.000010 0.000010 0.000010 0.000010
0.835431 0.000010 0.000010 0.000010 0.000010 0.000010 0.164519
0.942340 0.057610 0.000010 0.000010 0.000010 0.000010 0.000010
0.618272 0.000010 0.000010 0.000010 0.000372 0.000010 0.381316
0.999940 0.000010 0.000010 0.000010 0.000010 0.000010 0.000010
0.485716 0.000010 0.114580 0.000010 0.000010 0.000010 0.399664
0.877793 0.000010 0.000010 0.000010 0.000010 0.000010 0.122157
0.999809 0.000010 0.000141 0.000010 0.000010 0.000010 0.000010
0.904719 0.000010 0.000010 0.000010 0.000010 0.000010 0.095231
0.893073 0.000010 0.000010 0.000010 0.000010 0.000010 0.106877
0.755002 0.000010 0.000010 0.000010 0.000010 0.000010 0.244948
0.853308 0.004509 0.000010 0.000010 0.000010 0.000010 0.142142
0.999940 0.000010 0.000010 0.000010 0.000010 0.000010 0.000010
0.908047 0.000010 0.000010 0.000010 0.000010 0.000010 0.091903
0.806271 0.000010 0.061437 0.000010 0.000010 0.132251 0.000010
0.999940 0.000010 0.000010 0.000010 0.000010 0.000010 0.000010
0.760006 0.064735 0.000010 0.000010 0.000010 0.000010 0.175220
0.793697 0.032101 0.000010 0.000010 0.000010 0.000010 0.174162
0.809009 0.140488 0.000010 0.000010 0.000010 0.000010 0.050463
0.999940 0.000010 0.000010 0.000010 0.000010 0.000010 0.000010
0.000010 0.000010 0.000010 0.999940 0.000010 0.000010 0.000010
0.999940 0.000010 0.000010 0.000010 0.000010 0.000010 0.000010
0.999940 0.000010 0.000010 0.000010 0.000010 0.000010 0.000010
0.865713 0.000010 0.000010 0.000010 0.000010 0.000010 0.134237
0.836288 0.000010 0.025188 0.003597 0.000010 0.000010 0.134897
0.788911 0.030186 0.047624 0.000010 0.000010 0.034252 0.099006
0.896599 0.000010 0.000010 0.000010 0.000010 0.000010 0.103351
0.684024 0.002343 0.000010 0.000010 0.000010 0.000010 0.313592
0.000010 0.000010 0.000010 0.000010 0.000010 0.000010 0.999940
0.000010 0.000010 0.000010 0.000010 0.000010 0.000010 0.999940
0.689516 0.000010 0.000010 0.000010 0.000010 0.000010 0.310434
0.830351 0.110052 0.000010 0.000010 0.000010 0.000010 0.059558
0.902600 0.000010 0.023444 0.000010 0.000010 0.000010 0.073916
0.713144 0.000010 0.033102 0.000010 0.000010 0.000010 0.253714
0.512260 0.000010 0.116299 0.000010 0.000010 0.000010 0.371401
0.979357 0.000010 0.000010 0.000010 0.000010 0.000010 0.020593
0.000010 0.000010 0.911530 0.000010 0.000010 0.000010 0.088420
0.044509 0.000010 0.917538 0.000010 0.037914 0.000010 0.000010
0.000010 0.072533 0.903878 0.023548 0.000010 0.000010 0.000010
0.000010 0.367113 0.600474 0.000010 0.000010 0.000010 0.032372
0.000010 0.000010 0.934121 0.000010 0.000010 0.000010 0.065829
0.000010 0.000010 0.999940 0.000010 0.000010 0.000010 0.000010
0.000010 0.002560 0.985489 0.000010 0.011910 0.000010 0.000010
0.000010 0.000010 0.834620 0.000010 0.000010 0.000010 0.165330
0.000010 0.071882 0.839889 0.000010 0.000010 0.000010 0.088189
0.039789 0.000010 0.960161 0.000010 0.000010 0.000010 0.000010
0.000010 0.000010 0.999940 0.000010 0.000010 0.000010 0.000010
0.072186 0.000010 0.927764 0.000010 0.000010 0.000010 0.000010
0.154217 0.130626 0.715117 0.000010 0.000010 0.000010 0.000010
0.000010 0.000010 0.977572 0.000010 0.000010 0.000010 0.022378
0.000010 0.000010 0.999940 0.000010 0.000010 0.000010 0.000010
0.000010 0.000010 0.000010 0.094553 0.905397 0.000010 0.000010
0.206628 0.059561 0.733101 0.000010 0.000680 0.000010 0.000010
0.109762 0.000010 0.890188 0.000010 0.000010 0.000010 0.000010
0.303642 0.000010 0.696308 0.000010 0.000010 0.000010 0.000010
0.000010 0.000010 0.999940 0.000010 0.000010 0.000010 0.000010
0.240208 0.273969 0.476902 0.000010 0.008891 0.000010 0.000010
0.005553 0.000010 0.994397 0.000010 0.000010 0.000010 0.000010
0.000010 0.000010 0.977357 0.000010 0.022593 0.000010 0.000010
0.118544 0.000010 0.881406 0.000010 0.000010 0.000010 0.000010
0.000010 0.000010 0.989455 0.010495 0.000010 0.000010 0.000010
0.000010 0.044902 0.782513 0.000010 0.020377 0.000010 0.152177
0.000010 0.000010 0.999940 0.000010 0.000010 0.000010 0.000010
0.000010 0.000010 0.970122 0.029828 0.000010 0.000010 0.000010
0.000010 0.000010 0.894646 0.000010 0.000010 0.000010 0.105304
0.000010 0.000010 0.999940 0.000010 0.000010 0.000010 0.000010
0.000010 0.000010 0.999940 0.000010 0.000010 0.000010 0.000010
0.000010 0.000010 0.950624 0.000010 0.000010 0.000010 0.049326
0.000010 0.000010 0.999940 0.000010 0.000010 0.000010 0.000010
0.000010 0.168126 0.717239 0.000010 0.000010 0.000010 0.114594
0.000010 0.000010 0.999940 0.000010 0.000010 0.000010 0.000010
0.000010 0.000010 0.000010 0.227849 0.772101 0.000010 0.000010
0.000010 0.000010 0.951204 0.000010 0.000010 0.000010 0.048746
0.000010 0.000010 0.999940 0.000010 0.000010 0.000010 0.000010
0.000010 0.000010 0.000010 0.300973 0.698977 0.000010 0.000010
0.000010 0.075041 0.924909 0.000010 0.000010 0.000010 0.000010
0.000010 0.000010 0.963171 0.000010 0.000010 0.000010 0.036779
0.115351 0.000010 0.884599 0.000010 0.000010 0.000010 0.000010
0.000010 0.000010 0.950131 0.000010 0.000010 0.000010 0.049819
0.000010 0.000010 0.999940 0.000010 0.000010 0.000010 0.000010
0.000010 0.066985 0.932965 0.000010 0.000010 0.000010 0.000010
0.000010 0.000010 0.981595 0.000010 0.000010 0.000010 0.018355
0.000010 0.000010 0.000010 0.142312 0.857638 0.000010 0.000010
0.000010 0.000010 0.999940 0.000010 0.000010 0.000010 0.000010
0.000010 0.000010 0.999940 0.000010 0.000010 0.000010 0.000010
0.000010 0.000010 0.999940 0.000010 0.000010 0.000010 0.000010
0.000010 0.000010 0.981856 0.000010 0.000010 0.000010 0.018094
0.013458 0.000010 0.986492 0.000010 0.000010 0.000010 0.000010
0.919743 0.080207 0.000010 0.000010 0.000010 0.000010 0.000010
