0.293971 0.000010 0.623298 0.000010 0.000010 0.082701
0.107253 0.000010 0.877144 0.000010 0.015573 0.000010
0.000010 0.000010 0.999950 0.000010 0.000010 0.000010
0.061330 0.000010 0.938630 0.000010 0.000010 0.000010
0.000010 0.000010 0.841429 0.000010 0.000010 0.158531
0.000010 0.000010 0.932880 0.000010 0.000010 0.067080
0.000010 0.000010 0.999950 0.000010 0.000010 0.000010
0.000010 0.000010 0.905300 0.077845 0.000010 0.016824
0.000010 0.000010 0.911307 0.056866 0.000010 0.031797
0.000010 0.999950 0.000010 0.000010 0.000010 0.000010
0.000010 0.999950 0.000010 0.000010 0.000010 0.000010
0.159664 0.000010 0.840296 0.000010 0.000010 0.000010
0.141073 0.000010 0.779574 0.079323 0.000010 0.000010
0.065117 0.000010 0.874248 0.000010 0.000010 0.060605
0.000010 0.000010 0.999950 0.000010 0.000010 0.000010
0.000010 0.000010 0.936596 0.000010 0.000010 0.063364
0.000010 0.000010 0.999950 0.000010 0.000010 0.000010
0.205658 0.000010 0.782547 0.000010 0.011765 0.000010
0.112073 0.000010 0.887887 0.000010 0.000010 0.000010
0.174112 0.000010 0.825848 0.000010 0.000010 0.000010
0.025143 0.000010 0.974817 0.000010 0.000010 0.000010
0.059772 0.000010 0.940188 0.000010 0.000010 0.000010
0.000010 0.000010 0.966379 0.000010 0.000010 0.033581
0.000010 0.000010 0.999950 0.000010 0.000010 0.000010
0.127980 0.000010 0.871980 0.000010 0.000010 0.000010
0.000384 0.000010 0.999576 0.000010 0.000010 0.000010
0.216450 0.000010 0.783510 0.000010 0.000010 0.000010
0.077079 0.000010 0.022703 0.409525 0.000010 0.490674
0.000010 0.000010 0.963870 0.027865 0.000010 0.008235
0.070029 0.000010 0.898179 0.000010 0.000010 0.031762
0.000010 0.000010 0.812278 0.187682 0.000010 0.000010
0.000010 0.000010 0.900709 0.099251 0.000010 0.000010
0.077307 0.000010 0.922653 0.000010 0.000010 0.000010
0.000010 0.000010 0.901529 0.088253 0.010188 0.000010
0.000010 0.999950 0.000010 0.000010 0.000010 0.000010
0.000010 0.742028 0.194176 0.063766 0.000010 0.000010
0.000010 0.000010 0.916454 0.000010 0.000010 0.083506
0.000010 0.000010 0.816808 0.183152 0.000010 0.000010
0.150100 0.090505 0.759365 0.000010 0.000010 0.000010
0.000012 0.000010 0.767324 0.232635 0.000010 0.000010
0.000010 0.000010 0.900797 0.099163 0.000010 0.000010
0.096849 0.000010 0.756909 0.146212 0.000010 0.000010
0.000010 0.000010 0.855355 0.144605 0.000010 0.000010
0.150927 0.000010 0.849033 0.000010 0.000010 0.000010
0.000010 0.000010 0.000010 0.000010 0.999950 0.000010
0.000010 0.000010 0.914322 0.085638 0.000010 0.000010
0.130615 0.004866 0.814399 0.048498 0.001613 0.000010
0.308880 0.000010 0.683729 0.000010 0.000010 0.007361
0.155674 0.042520 0.757289 0.000010 0.000010 0.044497
0.000010 0.000010 0.000010 0.000010 0.999950 0.000010
0.134694 0.000010 0.707500 0.157776 0.000010 0.000010
0.236661 0.000010 0.642018 0.121291 0.000010 0.000010
0.000010 0.000010 0.000010 0.000010 0.999950 0.000010
0.000010 0.000010 0.665232 0.054077 0.016754 0.263917
0.000010 0.000010 0.000010 0.000010 0.999950 0.000010
0.000010 0.000010 0.000010 0.000010 0.999950 0.000010
0.094517 0.000010 0.834097 0.071356 0.000010 0.000010
0.000010 0.000010 0.000010 0.000010 0.999950 0.000010
0.000010 0.999950 0.000010 0.000010 0.000010 0.000010
0.000010 0.000010 0.000010 0.000010 0.999950 0.000010
0.000010 0.999950 0.000010 0.000010 0.000010 0.000010
0.000010 0.000010 0.847377 0.152583 0.000010 0.000010
0.155840 0.000010 0.736397 0.000010 0.000010 0.107733
0.105725 0.000010 0.721779 0.000010 0.000010 0.172465
0.301412 0.000010 0.698548 0.000010 0.000010 0.000010
0.066491 0.000010 0.000010 0.509891 0.000010 0.423588
0.000010 0.000010 0.000010 0.159052 0.000010 0.840908
0.000010 0.000010 0.000010 0.241149 0.000010 0.758811
0.093830 0.000010 0.000010 0.475016 0.000010 0.431124
0.000010 0.000010 0.000010 0.296818 0.000010 0.703142
0.111462 0.000010 0.000010 0.000010 0.000010 0.888498
0.000010 0.000010 0.000010 0.361323 0.000010 0.638637
0.000010 0.000010 0.000010 0.237421 0.000010 0.762539
0.000010 0.000010 0.000010 0.000010 0.999950 0.000010
0.000010 0.000010 0.000010 0.339136 0.000010 0.660824
0.107708 0.000010 0.010339 0.434146 0.000010 0.447788
0.000010 0.000010 0.000010 0.494071 0.000010 0.505889
0.039135 0.000010 0.000010 0.487232 0.000010 0.473602
0.000010 0.000010 0.000010 0.063289 0.000010 0.936671
0.000010 0.000010 0.000010 0.635640 0.000010 0.364320
0.000010 0.000010 0.000010 0.448231 0.000010 0.551729
0.000010 0.000010 0.720579 0.000010 0.000010 0.279381
0.000010 0.000010 0.237204 0.031200 0.000010 0.731566
0.000010 0.000010 0.000010 0.000010 0.999950 0.000010
0.000010 0.000010 0.000010 0.555655 0.000010 0.444305
0.000010 0.000010 0.000010 0.340194 0.007403 0.652373
0.000010 0.000010 0.000010 0.197306 0.000010 0.802654
0.000010 0.000010 0.000010 0.532777 0.000010 0.467183
0.088440 0.000010 0.044631 0.105418 0.000010 0.761491
0.000010 0.000010 0.000010 0.000010 0.999950 0.000010
0.000010 0.000010 0.000010 0.449241 0.000010 0.550719
0.000010 0.000010 0.000010 0.283303 0.000010 0.716657
0.000010 0.000010 0.000010 0.000010 0.999950 0.000010
0.000010 0.000010 0.000010 0.617417 0.000010 0.382543
0.000010 0.000010 0.000010 0.000010 0.999950 0.000010
0.000010 0.000010 0.000010 0.000010 0.999950 0.000010
0.000010 0.000010 0.000010 0.000010 0.999950 0.000010
0.166700 0.000010 0.000010 0.038861 0.000010 0.794409
0.000010 0.000010 0.000010 0.270594 0.000010 0.729366
0.750211 0.037134 0.096182 0.115629 0.000010 0.000834
0.885198 0.000010 0.000010 0.000010 0.000010 0.114762
0.681707 0.000010 0.115923 0.124498 0.000010 0.077852
0.999950 0.000010 0.000010 0.000010 0.000010 0.000010
0.607351 0.000010 0.077510 0.246951 0.011237 0.056942
0.872082 0.000010 0.000010 0.000010 0.000010 0.127878
0.000010 0.000010 0.000010 0.269462 0.000010 0.730498
0.000010 0.000010 0.000010 0.000010 0.999950 0.000010
0.000010 0.000010 0.000010 0.261913 0.000010 0.738047
0.000010 0.000010 0.000010 0.419125 0.000010 0.580835
0.000010 0.000010 0.000010 0.000010 0.000010 0.999950
0.000010 0.000010 0.000010 0.000010 0.999950 0.000010
0.000010 0.000010 0.000010 0.477601 0.000010 0.522359
0.000010 0.000010 0.000010 0.000010 0.000010 0.999950
0.012388 0.000010 0.027521 0.251727 0.000010 0.708345
0.000010 0.000010 0.000010 0.000010 0.000010 0.999950
0.144352 0.000010 0.000010 0.190360 0.000010 0.665258
0.000010 0.000017 0.000010 0.134588 0.000010 0.865364
0.035962 0.000010 0.000010 0.496922 0.000010 0.467086
0.000010 0.000010 0.000010 0.541577 0.000010 0.458383
0.040447 0.000010 0.039923 0.511549 0.000010 0.408062
0.000010 0.000010 0.000014 0.000010 0.999946 0.000010
0.000010 0.000010 0.000010 0.999950 0.000010 0.000010
0.000010 0.000010 0.000010 0.454115 0.000010 0.545845
0.000010 0.000010 0.000010 0.266424 0.000010 0.733536
0.000010 0.000010 0.000010 0.999950 0.000010 0.000010
0.000010 0.000010 0.000010 0.000010 0.000010 0.999950
0.000010 0.001405 0.105734 0.157236 0.000010 0.735605
0.000010 0.000010 0.000010 0.000010 0.000010 0.999950
0.115459 0.000010 0.000010 0.389110 0.000010 0.495402
0.000010 0.000010 0.068869 0.204135 0.000010 0.726967
0.000010 0.000010 0.000010 0.000010 0.000010 0.999950
0.000010 0.000010 0.000010 0.234489 0.000010 0.765471
0.095343 0.000010 0.000010 0.629222 0.000010 0.275405
0.000010 0.000010 0.000010 0.999950 0.000010 0.000010
0.000010 0.000010 0.048185 0.306619 0.000010 0.645166
0.000010 0.000010 0.000010 0.212937 0.000010 0.787023
0.000010 0.000010 0.000010 0.406655 0.000010 0.593305
0.000010 0.000010 0.000010 0.999950 0.000010 0.000010
0.141328 0.000010 0.000010 0.293262 0.015946 0.549444
0.185809 0.000010 0.000010 0.614418 0.000010 0.199743
0.000010 0.000010 0.000010 0.370434 0.000010 0.629526
0.000010 0.000010 0.000010 0.000010 0.999950 0.000010
0.000010 0.000010 0.000010 0.000010 0.999950 0.000010
0.000010 0.000010 0.044125 0.462181 0.000010 0.493665
0.000010 0.000010 0.000010 0.000010 0.999950 0.000010
0.000010 0.000010 0.000010 0.194264 0.000010 0.805696
0.000010 0.000010 0.000010 0.000010 0.000010 0.999950
0.000010 0.000010 0.000010 0.000010 0.999950 0.000010
0.000010 0.000010 0.000010 0.000010 0.999950 0.000010
0.000010 0.000010 0.000010 0.140482 0.001067 0.858421
0.000010 0.000010 0.000010 0.000010 0.999950 0.000010
0.000010 0.000010 0.000010 0.000010 0.999950 0.000010
0.000010 0.000010 0.000010 0.000010 0.999950 0.000010
0.000010 0.000010 0.995600 0.000010 0.000010 0.004360
0.134475 0.000010 0.848368 0.000010 0.000010 0.017128
0.029493 0.000010 0.970467 0.000010 0.000010 0.000010
0.000010 0.000010 0.999950 0.000010 0.000010 0.000010
0.000010 0.000010 0.000016 0.000010 0.999944 0.000010
0.000010 0.000010 0.000010 0.365645 0.000010 0.634315
0.000010 0.000010 0.898684 0.000010 0.000010 0.101276
0.140876 0.000010 0.753137 0.105957 0.000010 0.000010
0.066413 0.000010 0.775587 0.000010 0.000010 0.157970
0.000010 0.000010 0.826124 0.037678 0.000010 0.136168
0.157770 0.000010 0.820712 0.000010 0.000010 0.021488
0.000010 0.000010 0.943457 0.000010 0.000010 0.056503
0.000010 0.000010 0.916849 0.034724 0.000010 0.048397
0.000010 0.000010 0.903105 0.000010 0.000010 0.096855
0.000010 0.000010 0.974671 0.025289 0.000010 0.000010
0.042249 0.000010 0.957711 0.000010 0.000010 0.000010
0.138364 0.000010 0.765422 0.000010 0.000010 0.096184
0.078469 0.000010 0.868361 0.053140 0.000010 0.000010
0.029844 0.000010 0.946555 0.023572 0.000010 0.000010
0.000010 0.000010 0.917390 0.082570 0.000010 0.000010
0.000010 0.000010 0.999950 0.000010 0.000010 0.000010
0.000010 0.000010 0.902133 0.000010 0.000010 0.097827
0.000010 0.000010 0.889964 0.109996 0.000010 0.000010
0.000477 0.000010 0.829216 0.000010 0.000010 0.170277
0.136554 0.000010 0.863406 0.000010 0.000010 0.000010
0.000010 0.000010 0.999950 0.000010 0.000010 0.000010
0.000010 0.000010 0.965892 0.000010 0.000010 0.034068
0.000010 0.000010 0.000010 0.000010 0.999950 0.000010
0.000010 0.000010 0.944313 0.000010 0.000010 0.055647
0.143197 0.000010 0.856763 0.000010 0.000010 0.000010
0.000010 0.000010 0.999950 0.000010 0.000010 0.000010
0.000010 0.000010 0.000010 0.000010 0.999950 0.000010
0.000010 0.000010 0.990925 0.000010 0.000010 0.009035
0.000010 0.000010 0.000010 0.000010 0.999950 0.000010
0.000010 0.000010 0.999950 0.000010 0.000010 0.000010
0.000010 0.000010 0.999950 0.000010 0.000010 0.000010
0.094646 0.000010 0.829095 0.076228 0.000010 0.000010
0.000010 0.000010 0.943692 0.000010 0.000010 0.056268
0.038419 0.019123 0.942427 0.000010 0.000010 0.000010
0.010322 0.000010 0.888251 0.000010 0.000010 0.101397
0.109817 0.000010 0.890143 0.000010 0.000010 0.000010
0.000010 0.000010 0.873965 0.000010 0.000010 0.125995
0.000010 0.000010 0.907908 0.000010 0.000010 0.092052
0.011644 0.000010 0.781439 0.000010 0.000010 0.206888
0.146542 0.000010 0.853418 0.000010 0.000010 0.000010
0.228950 0.000010 0.705257 0.000010 0.000010 0.065763
0.000010 0.000010 0.999950 0.000010 0.000010 0.000010
0.000010 0.000010 0.000010 0.455663 0.000010 0.544297
0.139275 0.000010 0.000010 0.180123 0.000010 0.680572
0.000010 0.000010 0.000010 0.448537 0.000010 0.551423
0.000010 0.000010 0.053680 0.183445 0.000010 0.762845
0.000010 0.000010 0.000010 0.357886 0.000010 0.642074
0.000010 0.000010 0.000010 0.166818 0.000010 0.833142
0.099639 0.000013 0.000010 0.433959 0.000010 0.466369
0.000010 0.000010 0.000010 0.454724 0.000010 0.545236
0.000010 0.000010 0.000010 0.030808 0.000010 0.969152
0.055728 0.000010 0.069375 0.126774 0.000010 0.748103
0.000010 0.000010 0.000010 0.000010 0.000010 0.999950
0.006974 0.000010 0.000010 0.481294 0.000010 0.511703
0.000010 0.000010 0.000010 0.000010 0.999950 0.000010
0.000010 0.000010 0.000010 0.296090 0.000010 0.703870
0.000010 0.000010 0.068723 0.177587 0.000010 0.753661
0.000010 0.000010 0.000010 0.451738 0.000010 0.548222
0.160400 0.000010 0.000010 0.000010 0.000010 0.839560
0.156433 0.000010 0.000010 0.000010 0.000010 0.843527
0.000010 0.000010 0.000010 0.187181 0.000010 0.812779
0.033517 0.000010 0.000010 0.182159 0.000010 0.784294
0.000010 0.000010 0.000010 0.000010 0.000010 0.999950
0.000010 0.000010 0.000010 0.193679 0.000010 0.806281
0.000010 0.000010 0.000010 0.000010 0.000010 0.999950
0.000010 0.000010 0.000010 0.173014 0.000010 0.826946
0.000010 0.000010 0.000010 0.000010 0.000010 0.999950
0.000010 0.000010 0.000010 0.283193 0.000010 0.716767
0.000010 0.000010 0.000010 0.000010 0.000010 0.999950
0.000010 0.000010 0.000010 0.574369 0.000010 0.425591
0.000010 0.000010 0.000010 0.161559 0.000010 0.838401
0.057819 0.000010 0.118627 0.079486 0.000010 0.744048
0.000010 0.000010 0.008540 0.116384 0.015237 0.859819
0.210045 0.000010 0.060458 0.096011 0.000010 0.633466
0.000010 0.000010 0.000010 0.586647 0.000010 0.413313
0.000010 0.000010 0.961727 0.038233 0.000010 0.000010
0.000011 0.000010 0.000010 0.404625 0.000010 0.595335
0.000010 0.000010 0.000010 0.415460 0.002469 0.582041
0.085325 0.000010 0.000010 0.186183 0.000010 0.728463
0.000010 0.000010 0.000010 0.000010 0.000010 0.999950
0.000010 0.000010 0.000010 0.000010 0.000010 0.999950
0.000010 0.000010 0.000010 0.195639 0.000010 0.804321
0.000010 0.000010 0.000010 0.000010 0.000010 0.999950
0.074406 0.000010 0.000010 0.393417 0.000010 0.532147
0.000010 0.000010 0.000010 0.000010 0.000010 0.999950
0.000010 0.000010 0.000010 0.347709 0.000010 0.652251
0.035236 0.000010 0.000010 0.125687 0.000010 0.839047
0.000010 0.000010 0.000010 0.000010 0.000010 0.999950
0.000010 0.000010 0.000010 0.267956 0.000010 0.732004
0.000010 0.000010 0.000010 0.219096 0.000010 0.780864
0.000010 0.000010 0.000010 0.559911 0.000010 0.440049
0.000010 0.000010 0.000010 0.397492 0.000010 0.602468
0.000010 0.000010 0.000010 0.000010 0.000010 0.999950
0.108873 0.000010 0.000010 0.387249 0.000010 0.503848
0.000010 0.000010 0.000010 0.130680 0.000010 0.869280
0.000010 0.000010 0.000010 0.246068 0.000010 0.753892
0.000010 0.000010 0.000010 0.000010 0.000010 0.999950
0.000010 0.000010 0.000010 0.122774 0.000010 0.877186
0.000010 0.000010 0.000010 0.397839 0.000010 0.602121
0.000010 0.000010 0.000010 0.300862 0.000010 0.699098
0.000010 0.000010 0.000010 0.000010 0.000010 0.999950
0.000010 0.000010 0.000010 0.000010 0.000010 0.999950
0.022550 0.136010 0.000012 0.000010 0.000010 0.841408
0.000010 0.000010 0.000010 0.000010 0.000010 0.999950
0.000010 0.000010 0.000010 0.450837 0.000010 0.549123
0.000010 0.000010 0.012355 0.119908 0.000010 0.867708
0.000010 0.000010 0.150690 0.095858 0.000010 0.753421
0.000010 0.000010 0.000010 0.000010 0.000010 0.999950
0.000010 0.000010 0.000010 0.000010 0.999950 0.000010
0.000010 0.000010 0.000010 0.000010 0.000010 0.999950
0.000010 0.000010 0.000010 0.000010 0.000010 0.999950
0.000010 0.000010 0.000010 0.111590 0.000010 0.888370
0.024100 0.000010 0.000010 0.243593 0.006843 0.725444
0.021993 0.063022 0.033683 0.330761 0.000010 0.550530
0.000010 0.000010 0.000010 0.000010 0.000010 0.999950
0.000010 0.000010 0.019223 0.491211 0.000010 0.489536
0.000010 0.000010 0.000010 0.999950 0.000010 0.000010
0.000010 0.000010 0.000010 0.999950 0.000010 0.000010
0.000010 0.000010 0.000010 0.387469 0.000010 0.612491
0.000014 0.000010 0.116890 0.092402 0.000010 0.790674
0.029785 0.000010 0.000010 0.340098 0.000010 0.630087
0.029544 0.000010 0.000010 0.333580 0.000010 0.636846
0.127508 0.000010 0.000016 0.448060 0.000010 0.424397
0.000010 0.000010 0.000010 0.231165 0.000010 0.768795
0.906183 0.000010 0.000010 0.093777 0.000010 0.000010
0.905966 0.000010 0.000010 0.000010 0.038328 0.055676
0.893605 0.000010 0.078593 0.000010 0.022893 0.004889
0.606916 0.000010 0.329020 0.064034 0.000010 0.000010
0.943424 0.000010 0.000010 0.056536 0.000010 0.000010
0.999950 0.000010 0.000010 0.000010 0.000010 0.000010
0.987574 0.000010 0.000010 0.000010 0.012386 0.000010
0.822806 0.000010 0.000010 0.177154 0.000010 0.000010
0.802037 0.000010 0.088768 0.109165 0.000010 0.000010
0.977298 0.000010 0.000010 0.000010 0.000010 0.022662
0.964198 0.000010 0.000010 0.035762 0.000010 0.000010
0.911896 0.000010 0.000010 0.000010 0.000010 0.088064
0.711275 0.000010 0.150888 0.000010 0.000010 0.137807
0.935424 0.000010 0.000010 0.064536 0.000010 0.000010
0.999950 0.000010 0.000010 0.000010 0.000010 0.000010
0.000011 0.000010 0.000010 0.000010 0.999949 0.000010
0.725447 0.000010 0.056204 0.000010 0.000010 0.218319
0.883497 0.000010 0.000010 0.000010 0.000010 0.116463
0.701171 0.000010 0.000010 0.086003 0.000010 0.212796
0.999950 0.000010 0.000010 0.000010 0.000010 0.000010
0.497592 0.000010 0.281500 0.016581 0.000010 0.204306
0.999950 0.000010 0.000010 0.000010 0.000010 0.000010
0.983011 0.000010 0.000010 0.000010 0.016949 0.000010
0.881311 0.000010 0.000010 0.000010 0.000010 0.118649
0.971550 0.000010 0.000010 0.028410 0.000010 0.000010
0.759852 0.000010 0.084385 0.142486 0.013257 0.000010
0.998335 0.000010 0.000010 0.001625 0.000010 0.000010
0.969983 0.000010 0.000010 0.000010 0.029977 0.000010
0.864466 0.000010 0.000010 0.135494 0.000010 0.000010
0.908415 0.000010 0.000010 0.091545 0.000010 0.000010
0.999950 0.000010 0.000010 0.000010 0.000010 0.000010
0.999950 0.000010 0.000010 0.000010 0.000010 0.000010
0.999950 0.000010 0.000010 0.000010 0.000010 0.000010
0.713393 0.000010 0.160899 0.125679 0.000010 0.000010
0.999950 0.000010 0.000010 0.000010 0.000010 0.000010
0.000010 0.000010 0.000010 0.000010 0.999950 0.000010
0.999950 0.000010 0.000010 0.000010 0.000010 0.000010
0.999950 0.000010 0.000010 0.000010 0.000010 0.000010
0.000010 0.000010 0.000010 0.000010 0.999950 0.000010
0.926366 0.000010 0.073594 0.000010 0.000010 0.000010
0.986344 0.000010 0.000010 0.013616 0.000010 0.000010
0.866899 0.000010 0.000010 0.000010 0.000010 0.133061
0.937401 0.000010 0.000010 0.062559 0.000010 0.000010
0.999950 0.000010 0.000010 0.000010 0.000010 0.000010
0.958547 0.000010 0.041413 0.000010 0.000010 0.000010
0.999950 0.000010 0.000010 0.000010 0.000010 0.000010
0.000010 0.000010 0.000010 0.000010 0.999950 0.000010
0.999950 0.000010 0.000010 0.000010 0.000010 0.000010
0.999950 0.000010 0.000010 0.000010 0.000010 0.000010
0.999950 0.000010 0.000010 0.000010 0.000010 0.000010
0.999950 0.000010 0.000010 0.000010 0.000010 0.000010
0.978765 0.000010 0.000010 0.000010 0.000010 0.021195
0.000010 0.000010 0.082780 0.314126 0.000010 0.603064
