0.000010 0.308795 0.458646 0.000010 0.130650 0.101849 0.000010 0.000010 0.000010 0.000010
0.000010 0.232809 0.000010 0.750696 0.000010 0.000010 0.016425 0.000010 0.000010 0.000010
0.000010 0.000010 0.999910 0.000010 0.000010 0.000010 0.000010 0.000010 0.000010 0.000010
0.000010 0.000010 0.996100 0.000010 0.000010 0.000010 0.000010 0.000010 0.000010 0.003820
0.000010 0.091148 0.172328 0.519014 0.000010 0.000010 0.000010 0.217450 0.000010 0.000010
0.000010 0.000010 0.506244 0.383650 0.000010 0.000010 0.000010 0.000010 0.000010 0.110036
0.000010 0.000010 0.999910 0.000010 0.000010 0.000010 0.000010 0.000010 0.000010 0.000010
0.000010 0.000010 0.140176 0.755698 0.000010 0.000010 0.000010 0.089497 0.000010 0.014568
0.000010 0.000010 0.916596 0.000010 0.000010 0.015530 0.000010 0.000010 0.000010 0.067804
0.000010 0.000010 0.000010 0.000010 0.000010 0.000010 0.000010 0.000010 0.999910 0.000010
0.000010 0.000010 0.000010 0.000010 0.000010 0.000010 0.000010 0.000010 0.999910 0.000010
0.000010 0.000010 0.000010 0.884594 0.115326 0.000010 0.000010 0.000010 0.000010 0.000010
0.000010 0.000010 0.962660 0.000010 0.037260 0.000010 0.000010 0.000010 0.000010 0.000010
0.000010 0.302403 0.428431 0.238528 0.000010 0.000010 0.000010 0.030579 0.000010 0.000010
0.000010 0.000010 0.915704 0.084216 0.000010 0.000010 0.000010 0.000010 0.000010 0.000010
0.000010 0.000010 0.000010 0.955182 0.000010 0.000010 0.000010 0.044738 0.000010 0.000010
0.014972 0.000010 0.984948 0.000010 0.000010 0.000010 0.000010 0.000010 0.000010 0.000010
0.024334 0.084060 0.000010 0.715479 0.176067 0.000010 0.000010 0.000010 0.000010 0.000010
0.000010 0.000010 0.408295 0.540682 0.050952 0.000010 0.000010 0.000010 0.000010 0.000010
0.000010 0.000010 0.000010 0.999910 0.000010 0.000010 0.000010 0.000010 0.000010 0.000010
0.000010 0.176573 0.702250 0.111667 0.000010 0.000010 0.000010 0.000010 0.000010 0.009451
0.000010 0.273438 0.316170 0.364765 0.045567 0.000010 0.000010 0.000010 0.000010 0.000010
0.000010 0.166913 0.000010 0.833007 0.000010 0.000010 0.000010 0.000010 0.000010 0.000010
0.000010 0.343685 0.656235 0.000010 0.000010 0.000010 0.000010 0.000010 0.000011 0.000010
0.000010 0.000010 0.308835 0.590776 0.008219 0.000010 0.000010 0.000010 0.000010 0.092110
0.000010 0.000010 0.216495 0.765875 0.000010 0.000010 0.000010 0.000010 0.000010 0.017560
0.000010 0.000010 0.341317 0.460348 0.198264 0.000010 0.000010 0.000010 0.000010 0.000010
0.000010 0.018466 0.000010 0.095828 0.000484 0.284945 0.000010 0.198897 0.000010 0.401341
0.000010 0.557523 0.442397 0.000010 0.000010 0.000010 0.000010 0.000010 0.000010 0.000010
0.000010 0.589290 0.000010 0.408045 0.002595 0.000010 0.000010 0.000010 0.000010 0.000010
0.000010 0.000010 0.000010 0.000010 0.000010 0.000010 0.000010 0.000010 0.999910 0.000010
0.000010 0.593411 0.000010 0.255110 0.000010 0.151409 0.000010 0.000010 0.000010 0.000010
0.000010 0.817089 0.000010 0.043430 0.078570 0.000010 0.000010 0.000010 0.060851 0.000010
0.000010 0.000010 0.000010 0.000010 0.000010 0.000010 0.000010 0.000010 0.999910 0.000010
0.000010 0.000010 0.000010 0.000010 0.000010 0.000010 0.000010 0.000010 0.999910 0.000010
0.000010 0.000010 0.000010 0.000010 0.000010 0.000010 0.000010 0.000010 0.999910 0.000010
0.000010 0.575882 0.424038 0.000010 0.000010 0.000010 0.000010 0.000010 0.000010 0.000010
0.000010 0.000010 0.000010 0.000010 0.000010 0.000010 0.000010 0.000010 0.999910 0.000010
0.000010 0.514798 0.304428 0.138612 0.042103 0.000010 0.000010 0.000010 0.000010 0.000010
0.000010 0.615428 0.000010 0.264807 0.000010 0.119695 0.000010 0.000010 0.000010 0.000010
0.000010 0.754885 0.000010 0.245035 0.000010 0.000010 0.000010 0.000010 0.000010 0.000010
0.000010 0.815001 0.000010 0.000010 0.000010 0.000010 0.000010 0.000010 0.000010 0.184919
0.000010 0.588514 0.000010 0.355113 0.000010 0.000010 0.000010 0.000010 0.000010 0.056304
0.000010 0.999910 0.000010 0.000010 0.000010 0.000010 0.000010 0.000010 0.000010 0.000010
0.999910 0.000010 0.000010 0.000010 0.000010 0.000010 0.000010 0.000010 0.000010 0.000010
0.000010 0.757894 0.170639 0.000010 0.000010 0.000010 0.000010 0.000010 0.000010 0.071397
0.008398 0.422745 0.159121 0.295428 0.091143 0.000010 0.000010 0.000010 0.023125 0.000010
0.000010 0.498778 0.000010 0.211883 0.244633 0.011706 0.000010 0.032950 0.000010 0.000010
0.000010 0.519468 0.000010 0.000010 0.178074 0.000010 0.000010 0.097938 0.204460 0.000010
0.999910 0.000010 0.000010 0.000010 0.000010 0.000010 0.000010 0.000010 0.000010 0.000010
0.000010 0.999910 0.000010 0.000010 0.000010 0.000010 0.000010 0.000010 0.000010 0.000010
0.000010 0.450853 0.229175 0.000010 0.120701 0.000010 0.000010 0.000010 0.000010 0.199211
0.881166 0.000010 0.000010 0.000010 0.000010 0.000010 0.118754 0.000010 0.000010 0.000010
0.000010 0.637688 0.000010 0.042714 0.000010 0.000010 0.000010 0.319528 0.000010 0.000010
0.999910 0.000010 0.000010 0.000010 0.000010 0.000010 0.000010 0.000010 0.000010 0.000010
0.999910 0.000010 0.000010 0.000010 0.000010 0.000010 0.000010 0.000010 0.000010 0.000010
0.000010 0.262353 0.000010 0.714425 0.000010 0.000010 0.000010 0.000010 0.000010 0.023152
0.999910 0.000010 0.000010 0.000010 0.000010 0.000010 0.000010 0.000010 0.000010 0.000010
0.000010 0.999910 0.000010 0.000010 0.000010 0.000010 0.000010 0.000010 0.000010 0.000010
0.999910 0.000010 0.000010 0.000010 0.000010 0.000010 0.000010 0.000010 0.000010 0.000010
0.000010 0.999910 0.000010 0.000010 0.000010 0.000010 0.000010 0.000010 0.000010 0.000010
0.000010 0.836787 0.000010 0.000010 0.000010 0.000010 0.000010 0.000010 0.000010 0.163133
0.000010 0.557525 0.000010 0.275259 0.032707 0.000010 0.000010 0.134449 0.000010 0.000010
0.000010 0.704938 0.000010 0.000010 0.121719 0.000010 0.000010 0.110397 0.000010 0.062887
0.000010 0.462556 0.085706 0.191951 0.259727 0.000010 0.000010 0.000010 0.000010 0.000010
0.000010 0.000010 0.000010 0.000010 0.012358 0.699968 0.000010 0.000010 0.000010 0.287604
0.000010 0.000010 0.000010 0.011212 0.000010 0.035793 0.000010 0.538859 0.000010 0.414076
0.000010 0.000010 0.000010 0.000010 0.000010 0.338043 0.000010 0.661877 0.000010 0.000010
0.000010 0.000010 0.039236 0.000010 0.041065 0.424424 0.000010 0.000010 0.000010 0.495215
0.000010 0.000010 0.000010 0.000010 0.000010 0.580002 0.000010 0.161612 0.000010 0.258316
0.000010 0.000010 0.000010 0.000010 0.148538 0.577165 0.000666 0.273572 0.000010 0.000010
0.000010 0.000010 0.000010 0.000010 0.000010 0.999910 0.000010 0.000010 0.000010 0.000010
0.000010 0.000010 0.000010 0.000010 0.000010 0.000010 0.000010 0.678230 0.002044 0.319656
0.140897 0.000010 0.000010 0.000010 0.000010 0.000010 0.859023 0.000010 0.000010 0.000010
0.000010 0.000010 0.000010 0.000010 0.000010 0.000010 0.000010 0.161005 0.000010 0.838915
0.000010 0.000010 0.000010 0.058968 0.045049 0.304119 0.000010 0.000010 0.000010 0.591804
0.000010 0.000010 0.001642 0.016980 0.000010 0.323096 0.000010 0.158040 0.000010 0.500192
0.000010 0.000010 0.000010 0.000010 0.000010 0.000010 0.000010 0.000010 0.000010 0.999910
0.000010 0.000010 0.000010 0.000010 0.000010 0.266877 0.000010 0.733043 0.000010 0.000010
0.000010 0.000010 0.000010 0.000010 0.000010 0.569282 0.000010 0.000010 0.000010 0.430638
0.000010 0.000010 0.000010 0.000010 0.000010 0.000010 0.000010 0.000010 0.000010 0.999910
0.000010 0.000010 0.000010 0.810511 0.000010 0.000010 0.000010 0.175517 0.000010 0.013902
0.000010 0.086016 0.043640 0.118898 0.000010 0.135804 0.000010 0.600771 0.000010 0.014830
0.126336 0.000010 0.000010 0.000010 0.000010 0.000010 0.873584 0.000010 0.000010 0.000010
0.000010 0.029532 0.000010 0.000010 0.000010 0.458143 0.000010 0.432405 0.000010 0.079860
0.000010 0.000010 0.000010 0.000010 0.000010 0.496130 0.006213 0.497587 0.000010 0.000010
0.000010 0.000010 0.000010 0.000010 0.000010 0.480872 0.000010 0.519048 0.000010 0.000010
0.000010 0.000010 0.000010 0.000010 0.000010 0.284035 0.000010 0.163819 0.000010 0.552076
0.000010 0.000010 0.038412 0.053571 0.063575 0.000010 0.000010 0.420369 0.000010 0.424024
0.000010 0.000010 0.000010 0.000010 0.000010 0.000010 0.999910 0.000010 0.000010 0.000010
0.000010 0.000010 0.012912 0.000010 0.000010 0.390819 0.000010 0.340970 0.000010 0.255239
0.000010 0.000010 0.000010 0.000010 0.000010 0.677069 0.000010 0.000010 0.000010 0.322851
0.000010 0.000010 0.000010 0.000010 0.000010 0.000010 0.999910 0.000010 0.000010 0.000010
0.000010 0.000010 0.000010 0.000010 0.000010 0.757655 0.000010 0.000010 0.000010 0.242265
0.000010 0.000010 0.000010 0.000010 0.000010 0.000010 0.999910 0.000010 0.000010 0.000010
0.000010 0.000010 0.000010 0.000010 0.000010 0.000010 0.999910 0.000010 0.000010 0.000010
0.095149 0.000010 0.000010 0.000010 0.000010 0.000010 0.904771 0.000010 0.000010 0.000010
0.000010 0.000010 0.000010 0.000010 0.093063 0.406857 0.000010 0.500010 0.000010 0.000010
0.000010 0.000010 0.000010 0.023017 0.000010 0.000010 0.000010 0.515461 0.000010 0.461452
0.000010 0.094162 0.000010 0.071249 0.660898 0.087921 0.000010 0.000010 0.000010 0.085719
0.000010 0.000010 0.117512 0.000010 0.827049 0.000010 0.000010 0.055369 0.000010 0.000010
0.000010 0.000010 0.000010 0.159123 0.613405 0.227402 0.000010 0.000010 0.000010 0.000010
0.000010 0.099008 0.000010 0.000010 0.900912 0.000010 0.000010 0.000010 0.000010 0.000010
0.000010 0.000010 0.026599 0.000010 0.596664 0.265359 0.011383 0.073714 0.026241 0.000010
0.000010 0.000010 0.053609 0.000010 0.747970 0.000010 0.000010 0.000010 0.000010 0.198351
0.000010 0.000010 0.000010 0.000010 0.000010 0.000010 0.000010 0.558415 0.000010 0.441505
0.000010 0.000010 0.000010 0.000010 0.000010 0.000010 0.999910 0.000010 0.000010 0.000010
0.000010 0.000010 0.000010 0.072453 0.000010 0.265699 0.000010 0.661778 0.000010 0.000010
0.000010 0.000010 0.000010 0.000010 0.000010 0.319967 0.000010 0.246856 0.000010 0.433106
0.000010 0.000010 0.000010 0.000010 0.000010 0.000010 0.000010 0.999910 0.000010 0.000010
0.000010 0.000010 0.000010 0.000010 0.000010 0.000010 0.999910 0.000010 0.000010 0.000010
0.000010 0.000010 0.000010 0.000010 0.000010 0.176653 0.000010 0.332672 0.000010 0.490605
0.000010 0.000010 0.000010 0.000010 0.000010 0.739278 0.000010 0.000010 0.000010 0.260642
0.000010 0.000010 0.000010 0.071222 0.000010 0.283667 0.000010 0.645041 0.000010 0.000010
0.000010 0.127404 0.000010 0.000010 0.000010 0.734439 0.000010 0.138087 0.000010 0.000010
0.000010 0.000010 0.133311 0.000010 0.077174 0.353230 0.000010 0.436224 0.000010 0.000010
0.000010 0.000010 0.000010 0.000010 0.000010 0.375229 0.000010 0.612830 0.000010 0.011871
0.000010 0.000010 0.000010 0.000010 0.032629 0.506423 0.000010 0.224984 0.000010 0.235904
0.000010 0.000010 0.000010 0.000010 0.000010 0.421874 0.000010 0.186242 0.000010 0.391814
0.000010 0.000010 0.000010 0.000010 0.000010 0.172279 0.000010 0.000010 0.000010 0.827641
0.000010 0.000010 0.000010 0.000010 0.000010 0.000010 0.999910 0.000010 0.000010 0.000010
0.000010 0.000010 0.000010 0.000010 0.000010 0.999910 0.000010 0.000010 0.000010 0.000010
0.000010 0.000010 0.000010 0.000010 0.000010 0.000010 0.000010 0.269614 0.000010 0.730306
0.000010 0.000010 0.000010 0.037442 0.000010 0.000010 0.000010 0.335816 0.000010 0.626673
0.000010 0.000010 0.000010 0.000010 0.000010 0.999910 0.000010 0.000010 0.000010 0.000010
0.000010 0.000010 0.000010 0.000010 0.000010 0.000010 0.000010 0.999910 0.000010 0.000010
0.000010 0.137030 0.000010 0.000010 0.000010 0.101910 0.000010 0.425119 0.000010 0.335881
0.000010 0.000010 0.000010 0.000010 0.000010 0.162300 0.000010 0.837620 0.000010 0.000010
0.000010 0.000010 0.000010 0.000010 0.116692 0.138951 0.000010 0.373913 0.000010 0.370384
0.000010 0.000010 0.069060 0.000010 0.000010 0.474871 0.000010 0.219187 0.000010 0.236822
0.000010 0.000010 0.000010 0.000010 0.000010 0.240628 0.000010 0.759292 0.000010 0.000010
0.000010 0.000010 0.028218 0.000010 0.000010 0.453918 0.000010 0.517794 0.000010 0.000010
0.000010 0.000010 0.000010 0.000010 0.000010 0.618543 0.000010 0.000010 0.000010 0.381377
0.000010 0.000010 0.000010 0.000010 0.000010 0.999910 0.000010 0.000010 0.000010 0.000010
0.000010 0.048896 0.000010 0.000010 0.000010 0.000010 0.000010 0.505501 0.000010 0.445533
0.000010 0.000010 0.000010 0.053618 0.000010 0.073653 0.000010 0.459832 0.000010 0.412836
0.000010 0.000010 0.000010 0.000010 0.000010 0.000010 0.000010 0.370344 0.000010 0.629576
0.000010 0.000010 0.000010 0.000010 0.000010 0.967420 0.000010 0.000010 0.000010 0.032500
0.021303 0.000010 0.000010 0.000010 0.112625 0.605346 0.000010 0.169600 0.000010 0.091076
0.000010 0.106697 0.000010 0.000010 0.000010 0.837685 0.000010 0.000010 0.000010 0.055548
0.000010 0.000010 0.000010 0.000010 0.000010 0.183848 0.000010 0.166036 0.000010 0.650046
0.000010 0.000010 0.000010 0.000010 0.000010 0.000010 0.999910 0.000010 0.000010 0.000010
0.000010 0.000010 0.000010 0.000010 0.000010 0.000010 0.999910 0.000010 0.000010 0.000010
0.000010 0.000010 0.000010 0.099338 0.000010 0.338036 0.000010 0.209258 0.000010 0.353307
0.000010 0.000010 0.000010 0.000010 0.000010 0.000010 0.999910 0.000010 0.000010 0.000010
0.000010 0.000010 0.000010 0.000010 0.000010 0.225528 0.000010 0.694967 0.000010 0.079436
0.000010 0.000010 0.000010 0.000010 0.000010 0.000010 0.000010 0.999910 0.000010 0.000010
0.000010 0.000010 0.000010 0.000010 0.000010 0.000010 0.999910 0.000010 0.000010 0.000010
0.000010 0.000010 0.000010 0.000010 0.000010 0.000010 0.999910 0.000010 0.000010 0.000010
0.003106 0.000010 0.000010 0.000010 0.000010 0.132995 0.000010 0.625794 0.000010 0.238046
0.000010 0.000010 0.000010 0.000010 0.000010 0.000010 0.999910 0.000010 0.000010 0.000010
0.107315 0.000010 0.000010 0.000010 0.000010 0.000010 0.892605 0.000010 0.000010 0.000010
0.000010 0.000010 0.000010 0.000010 0.000010 0.000010 0.999910 0.000010 0.000010 0.000010
0.000010 0.019226 0.909465 0.000010 0.063782 0.000010 0.007467 0.000010 0.000010 0.000010
0.000010 0.194228 0.777535 0.000010 0.028167 0.000010 0.000010 0.000010 0.000010 0.000010
0.000010 0.000010 0.472367 0.527553 0.000010 0.000010 0.000010 0.000010 0.000010 0.000010
0.000010 0.000010 0.999910 0.000010 0.000010 0.000010 0.000010 0.000010 0.000010 0.000010
0.999910 0.000010 0.000010 0.000010 0.000010 0.000010 0.000010 0.000010 0.000010 0.000010
0.000010 0.000010 0.000010 0.081278 0.000010 0.275001 0.000010 0.350724 0.000010 0.292936
0.000010 0.192423 0.426945 0.289928 0.000010 0.000010 0.000010 0.090644 0.000010 0.000010
0.000010 0.000010 0.237713 0.478439 0.189624 0.000010 0.000010 0.000010 0.000010 0.094164
0.000010 0.072433 0.263101 0.423882 0.049557 0.000010 0.000010 0.034513 0.000010 0.156472
0.000010 0.000010 0.308673 0.550082 0.000010 0.008181 0.000010 0.121361 0.000010 0.011652
0.000010 0.334320 0.625913 0.000010 0.000010 0.000010 0.000010 0.000010 0.000010 0.039698
0.000010 0.000010 0.042098 0.804490 0.000010 0.000010 0.000010 0.153342 0.000010 0.000010
0.000010 0.110149 0.769041 0.000010 0.000010 0.000010 0.000010 0.066162 0.000010 0.054588
0.000010 0.213321 0.134784 0.501541 0.000010 0.000010 0.000010 0.069972 0.080332 0.000010
0.000010 0.000010 0.999910 0.000010 0.000010 0.000010 0.000010 0.000010 0.000010 0.000010
0.000010 0.000010 0.000010 0.999910 0.000010 0.000010 0.000010 0.000010 0.000010 0.000010
0.000010 0.110233 0.682963 0.062092 0.000010 0.000010 0.000010 0.000010 0.000010 0.144652
0.000010 0.000010 0.646276 0.288314 0.050679 0.000010 0.000010 0.000010 0.014671 0.000010
0.000010 0.082939 0.651748 0.197921 0.000010 0.067332 0.000010 0.000010 0.000010 0.000010
0.000010 0.000010 0.999910 0.000010 0.000010 0.000010 0.000010 0.000010 0.000010 0.000010
0.000010 0.000010 0.999910 0.000010 0.000010 0.000010 0.000010 0.000010 0.000010 0.000010
0.000010 0.244777 0.638740 0.056204 0.000010 0.060219 0.000010 0.000010 0.000010 0.000010
0.000010 0.095510 0.184132 0.481496 0.000010 0.000010 0.000010 0.000010 0.057037 0.181776
0.000010 0.000010 0.591595 0.241777 0.000010 0.000010 0.000010 0.166558 0.000010 0.000010
0.000010 0.000010 0.979994 0.000010 0.000010 0.000010 0.000010 0.019926 0.000010 0.000010
0.000010 0.000010 0.357062 0.642858 0.000010 0.000010 0.000010 0.000010 0.000010 0.000010
0.000010 0.358505 0.349701 0.291724 0.000010 0.000010 0.000010 0.000010 0.000010 0.000010
0.999910 0.000010 0.000010 0.000010 0.000010 0.000010 0.000010 0.000010 0.000010 0.000010
0.000010 0.000010 0.630287 0.320333 0.000010 0.049310 0.000010 0.000010 0.000010 0.000010
0.000010 0.000010 0.168247 0.701293 0.105365 0.025035 0.000010 0.000010 0.000010 0.000010
0.000010 0.000010 0.000010 0.999910 0.000010 0.000010 0.000010 0.000010 0.000010 0.000010
0.999910 0.000010 0.000010 0.000010 0.000010 0.000010 0.000010 0.000010 0.000010 0.000010
0.000010 0.000010 0.995343 0.004577 0.000010 0.000010 0.000010 0.000010 0.000010 0.000010
0.999910 0.000010 0.000010 0.000010 0.000010 0.000010 0.000010 0.000010 0.000010 0.000010
0.000010 0.000010 0.000010 0.999910 0.000010 0.000010 0.000010 0.000010 0.000010 0.000010
0.000010 0.000010 0.610982 0.388938 0.000010 0.000010 0.000010 0.000010 0.000010 0.000010
0.000010 0.000010 0.000010 0.884819 0.000010 0.115101 0.000010 0.000010 0.000010 0.000010
0.000010 0.000010 0.468762 0.482227 0.000010 0.000010 0.000010 0.000010 0.000010 0.048941
0.000010 0.076627 0.357911 0.511978 0.000010 0.037797 0.000010 0.000010 0.015637 0.000010
0.000010 0.000010 0.999910 0.000010 0.000010 0.000010 0.000010 0.000010 0.000010 0.000010
0.000010 0.000010 0.000010 0.999910 0.000010 0.000010 0.000010 0.000010 0.000010 0.000010
0.000010 0.000010 0.859706 0.000010 0.000010 0.000010 0.000010 0.136784 0.000010 0.003440
0.000010 0.000010 0.130053 0.685593 0.000010 0.079275 0.000010 0.105018 0.000010 0.000010
0.000010 0.000010 0.305437 0.489336 0.000010 0.000010 0.000010 0.000010 0.000010 0.205157
0.000010 0.000010 0.774046 0.225874 0.000010 0.000010 0.000010 0.000010 0.000010 0.000010
0.000010 0.000010 0.996878 0.000010 0.000010 0.003042 0.000010 0.000010 0.000010 0.000010
0.000010 0.000010 0.371930 0.627990 0.000010 0.000010 0.000010 0.000010 0.000010 0.000010
0.000010 0.000010 0.000010 0.000010 0.000010 0.810719 0.000010 0.189201 0.000010 0.000010
0.000010 0.000010 0.000010 0.000010 0.124428 0.208581 0.000010 0.577862 0.000010 0.089070
0.000010 0.000010 0.000010 0.000010 0.000010 0.675366 0.000010 0.324554 0.000010 0.000010
0.000010 0.000010 0.000010 0.000010 0.000010 0.086926 0.000010 0.772158 0.118447 0.022408
0.000010 0.000010 0.000010 0.000010 0.000010 0.000010 0.000010 0.355153 0.000010 0.644767
0.000010 0.000010 0.000010 0.000010 0.000010 0.102696 0.000010 0.504613 0.000010 0.392621
0.000010 0.115631 0.000010 0.017990 0.000010 0.000010 0.000010 0.150723 0.000010 0.715596
0.000010 0.000010 0.000010 0.000010 0.041941 0.127634 0.000010 0.287845 0.000010 0.542520
0.000010 0.000010 0.000010 0.106589 0.000010 0.063664 0.000010 0.592779 0.000010 0.236909
0.000010 0.000010 0.000010 0.151743 0.000010 0.113284 0.000010 0.548873 0.000010 0.186040
0.000010 0.000010 0.000010 0.000010 0.000010 0.147658 0.000010 0.718994 0.000010 0.133278
0.000010 0.000010 0.000010 0.000010 0.000010 0.369813 0.000010 0.423379 0.009920 0.196827
0.754615 0.000010 0.000010 0.000010 0.000010 0.000010 0.245305 0.000010 0.000010 0.000010
0.000010 0.000010 0.008002 0.000010 0.000010 0.045792 0.000010 0.637742 0.059818 0.248595
0.000010 0.041912 0.016898 0.000010 0.000010 0.255724 0.000010 0.448212 0.000010 0.237205
0.000010 0.000010 0.000010 0.000010 0.000010 0.104965 0.000010 0.426778 0.000010 0.468187
0.000010 0.000010 0.000010 0.000010 0.195238 0.000010 0.000010 0.804682 0.000010 0.000010
0.000010 0.000010 0.000010 0.000010 0.144712 0.164302 0.000010 0.564826 0.000010 0.126100
0.000010 0.000010 0.000010 0.000010 0.000010 0.429282 0.000010 0.469426 0.000010 0.101222
0.000010 0.000010 0.000010 0.000010 0.040951 0.000010 0.000010 0.642407 0.000010 0.316572
0.000010 0.000010 0.000010 0.000010 0.000010 0.000010 0.000010 0.999910 0.000010 0.000010
0.000010 0.000010 0.076155 0.000010 0.000010 0.000010 0.000010 0.588280 0.000010 0.335496
0.000010 0.000010 0.000010 0.000010 0.000010 0.000010 0.000010 0.999910 0.000010 0.000010
0.000010 0.000010 0.000010 0.034066 0.000010 0.060220 0.000010 0.320173 0.000010 0.585481
0.000010 0.000010 0.000010 0.000010 0.000010 0.106429 0.000010 0.556214 0.000010 0.337287
0.000010 0.000010 0.000010 0.000010 0.000010 0.028924 0.000010 0.465891 0.000010 0.505115
0.000010 0.000010 0.000010 0.000010 0.000010 0.000010 0.000010 0.999910 0.000010 0.000010
0.000010 0.000010 0.048661 0.000010 0.000010 0.000010 0.000010 0.335520 0.000010 0.615749
0.000010 0.000010 0.000010 0.000010 0.000010 0.316089 0.000010 0.683831 0.000010 0.000010
0.000010 0.000010 0.000010 0.112609 0.060119 0.329634 0.000010 0.497578 0.000010 0.000010
0.000010 0.000010 0.000010 0.000010 0.000010 0.155792 0.022910 0.821227 0.000010 0.000010
0.000010 0.000010 0.154696 0.000010 0.144264 0.224143 0.000010 0.374156 0.000010 0.102691
0.000010 0.000010 0.000010 0.000010 0.000010 0.000010 0.000010 0.000010 0.000010 0.999910
0.000010 0.000010 0.745444 0.210931 0.000010 0.017822 0.011702 0.000010 0.000010 0.014051
0.000010 0.000010 0.000010 0.000010 0.000010 0.000010 0.000010 0.000010 0.000010 0.999910
0.000010 0.000010 0.000010 0.000010 0.000010 0.000010 0.000010 0.225898 0.000010 0.774022
0.000010 0.000010 0.000010 0.000010 0.000010 0.000010 0.000010 0.445166 0.000010 0.554754
0.000010 0.000010 0.000010 0.000010 0.000010 0.000010 0.000010 0.759123 0.000010 0.240797
0.000010 0.000010 0.000010 0.000010 0.000010 0.090644 0.000010 0.746975 0.000010 0.162311
0.000010 0.000010 0.000010 0.000010 0.000010 0.344068 0.000010 0.613713 0.000010 0.042149
0.000010 0.000010 0.000010 0.000010 0.000010 0.000010 0.000010 0.999910 0.000010 0.000010
0.000010 0.000010 0.000010 0.033890 0.052273 0.265649 0.000010 0.109722 0.000010 0.538416
0.000010 0.000010 0.000010 0.000010 0.000010 0.000010 0.000010 0.999910 0.000010 0.000010
0.000010 0.000010 0.000010 0.000010 0.000010 0.000010 0.000010 0.372270 0.000010 0.627650
0.000010 0.000010 0.000010 0.000010 0.034126 0.079304 0.000010 0.614870 0.000010 0.271641
0.000010 0.000010 0.000010 0.000010 0.006251 0.019476 0.000010 0.810742 0.000010 0.163470
0.000010 0.000010 0.000010 0.000010 0.000010 0.000010 0.000010 0.406491 0.000010 0.593429
0.000010 0.000010 0.000010 0.000010 0.000010 0.083147 0.000010 0.470637 0.000010 0.446146
0.000010 0.000010 0.000010 0.000010 0.000010 0.000010 0.000010 0.000010 0.000010 0.999910
0.000010 0.000010 0.000010 0.000010 0.000010 0.309191 0.000010 0.690729 0.000010 0.000010
0.000010 0.000010 0.000010 0.000010 0.000010 0.000010 0.000010 0.999910 0.000010 0.000010
0.000010 0.000010 0.000010 0.000010 0.114057 0.506005 0.000010 0.371686 0.008191 0.000010
0.000010 0.000010 0.000010 0.000010 0.000010 0.248317 0.000010 0.751603 0.000010 0.000010
0.000010 0.000010 0.000010 0.057255 0.000010 0.000010 0.000010 0.326668 0.000010 0.616007
0.000010 0.000010 0.000010 0.000010 0.000010 0.067937 0.000010 0.931983 0.000010 0.000010
0.000010 0.000010 0.000010 0.000010 0.000010 0.185618 0.000010 0.581394 0.000010 0.232919
0.000010 0.000010 0.000010 0.051868 0.000010 0.206460 0.000010 0.312940 0.000010 0.428672
0.000010 0.000010 0.000010 0.010616 0.000010 0.000010 0.000010 0.444842 0.000010 0.544472
0.000010 0.000010 0.000010 0.000010 0.000010 0.000010 0.000010 0.745965 0.000010 0.253955
0.000010 0.000010 0.000010 0.000010 0.000010 0.000010 0.000010 0.999910 0.000010 0.000010
0.000010 0.000010 0.000010 0.000010 0.111766 0.000010 0.000010 0.809635 0.078529 0.000010
0.000010 0.000010 0.000010 0.000010 0.000010 0.000010 0.000010 0.999910 0.000010 0.000010
0.000010 0.000010 0.000010 0.000010 0.000010 0.000010 0.000010 0.304058 0.000010 0.695862
0.000010 0.000010 0.000010 0.036427 0.000010 0.324865 0.000010 0.568128 0.000010 0.070520
0.000010 0.000010 0.133074 0.000010 0.000010 0.000010 0.000010 0.464362 0.000010 0.402494
0.000010 0.000010 0.000010 0.076201 0.000010 0.000010 0.000010 0.773021 0.000010 0.150708
0.000010 0.000010 0.000010 0.000010 0.000010 0.000010 0.999910 0.000010 0.000010 0.000010
0.000010 0.000010 0.000010 0.019728 0.000010 0.000010 0.000010 0.980192 0.000010 0.000010
0.000010 0.000010 0.000010 0.000010 0.000010 0.000010 0.000010 0.999910 0.000010 0.000010
0.000010 0.000010 0.000010 0.005546 0.000010 0.184562 0.000010 0.470313 0.000010 0.339518
0.000010 0.000010 0.000010 0.000010 0.032899 0.146584 0.003531 0.474772 0.000010 0.342165
0.000010 0.004981 0.000010 0.127503 0.042885 0.086939 0.000010 0.201594 0.000010 0.536058
0.000010 0.000010 0.000010 0.000010 0.000010 0.292983 0.000010 0.706937 0.000010 0.000010
0.000010 0.000010 0.085475 0.000010 0.000010 0.259184 0.000010 0.000010 0.000010 0.655271
0.000010 0.000010 0.000010 0.028344 0.000010 0.971576 0.000010 0.000010 0.000010 0.000010
0.000010 0.000010 0.000010 0.000010 0.000010 0.999910 0.000010 0.000010 0.000010 0.000010
0.000010 0.000010 0.000010 0.000010 0.000010 0.141166 0.000010 0.346828 0.000010 0.511936
0.000010 0.000010 0.052459 0.108638 0.000010 0.010039 0.000010 0.623877 0.000010 0.204937
0.000010 0.000010 0.000010 0.000010 0.000010 0.068445 0.000010 0.363369 0.000010 0.568116
0.000010 0.000010 0.000010 0.073140 0.019113 0.350684 0.000010 0.290095 0.000010 0.266918
0.000010 0.000014 0.000010 0.000010 0.095726 0.414982 0.000010 0.146816 0.000010 0.342412
0.000010 0.000010 0.000010 0.000010 0.000010 0.183605 0.000010 0.421860 0.000010 0.394465
0.000010 0.000010 0.099765 0.000010 0.792729 0.000010 0.000010 0.000010 0.000010 0.107436
0.005526 0.000010 0.000010 0.064274 0.827041 0.000010 0.031302 0.071807 0.000010 0.000010
0.000010 0.136352 0.043435 0.025223 0.755585 0.019517 0.019847 0.000010 0.000010 0.000010
0.000010 0.203256 0.298100 0.000010 0.470387 0.028197 0.000010 0.000010 0.000010 0.000010
0.000010 0.000010 0.000010 0.000010 0.999910 0.000010 0.000010 0.000010 0.000010 0.000010
0.000010 0.000010 0.000010 0.000010 0.999910 0.000010 0.000010 0.000010 0.000010 0.000010
0.000010 0.000010 0.000010 0.183540 0.791975 0.007273 0.000010 0.000010 0.000010 0.017152
0.000010 0.000010 0.000010 0.000010 0.835699 0.062845 0.000010 0.000010 0.000010 0.101386
0.000010 0.026382 0.061602 0.026017 0.708805 0.000010 0.000010 0.000010 0.000010 0.177144
0.000010 0.000010 0.000010 0.000010 0.877119 0.000010 0.000010 0.000010 0.000010 0.122801
0.000010 0.000010 0.000010 0.192992 0.806928 0.000010 0.000010 0.000010 0.000010 0.000010
0.002989 0.124603 0.000010 0.000010 0.762941 0.000010 0.000010 0.109407 0.000010 0.000010
0.000010 0.000010 0.318044 0.000010 0.556516 0.000010 0.000010 0.000010 0.000010 0.125370
0.000010 0.000010 0.000010 0.000010 0.932815 0.000010 0.000010 0.000010 0.000010 0.067105
0.000010 0.000010 0.000010 0.021350 0.969620 0.000010 0.000010 0.008959 0.000010 0.000010
0.907163 0.000010 0.000010 0.000010 0.000010 0.000010 0.092757 0.000010 0.000010 0.000010
0.000010 0.117406 0.000010 0.000010 0.675805 0.000010 0.000010 0.206719 0.000010 0.000010
0.000010 0.000010 0.219486 0.000010 0.716800 0.000010 0.000010 0.063644 0.000010 0.000010
0.000010 0.000010 0.035096 0.000010 0.649527 0.000010 0.000010 0.198070 0.000010 0.117246
0.000010 0.120421 0.000010 0.000010 0.879499 0.000010 0.000010 0.000010 0.000010 0.000010
0.000041 0.000010 0.000010 0.374175 0.379619 0.000010 0.000010 0.092267 0.000010 0.153848
0.000010 0.000010 0.000010 0.131259 0.844884 0.000010 0.000010 0.023787 0.000010 0.000010
0.025340 0.012189 0.000010 0.000010 0.962401 0.000010 0.000010 0.000010 0.000010 0.000010
0.000010 0.000010 0.000010 0.000010 0.874302 0.000010 0.000010 0.125618 0.000010 0.000010
0.000010 0.133330 0.000010 0.000010 0.857049 0.000010 0.002554 0.000010 0.000010 0.007007
0.006562 0.000010 0.230642 0.000010 0.650186 0.026139 0.000010 0.086421 0.000010 0.000010
0.000010 0.066307 0.000010 0.000010 0.844913 0.000010 0.000010 0.000010 0.000010 0.088710
0.000010 0.000010 0.000010 0.041543 0.933820 0.000010 0.024568 0.000010 0.000010 0.000010
0.000010 0.000010 0.000010 0.156248 0.790073 0.000010 0.000010 0.000010 0.000010 0.053609
0.000010 0.000010 0.000010 0.000010 0.860863 0.000010 0.000010 0.000010 0.000010 0.139057
0.000010 0.000010 0.000010 0.000010 0.999910 0.000010 0.000010 0.000010 0.000010 0.000010
0.000010 0.000010 0.000010 0.000010 0.938345 0.061575 0.000010 0.000010 0.000010 0.000010
0.000010 0.000010 0.000010 0.000010 0.999910 0.000010 0.000010 0.000010 0.000010 0.000010
0.000010 0.000010 0.000010 0.160951 0.725941 0.089188 0.000010 0.000010 0.000010 0.023861
0.000010 0.000010 0.000010 0.114772 0.816279 0.000010 0.000010 0.068879 0.000010 0.000010
0.772622 0.000010 0.000010 0.000010 0.000010 0.000010 0.227298 0.000010 0.000010 0.000010
0.000010 0.000010 0.000010 0.000010 0.987223 0.012697 0.000010 0.000010 0.000010 0.000010
0.000010 0.000010 0.000010 0.000010 0.999910 0.000010 0.000010 0.000010 0.000010 0.000010
0.700620 0.000010 0.000010 0.000010 0.000010 0.000010 0.299300 0.000010 0.000010 0.000010
0.000010 0.111416 0.060268 0.000010 0.828246 0.000010 0.000010 0.000010 0.000010 0.000010
0.000010 0.000010 0.000010 0.000010 0.923421 0.000010 0.000010 0.076499 0.000010 0.000010
0.000010 0.000010 0.000010 0.044421 0.808372 0.000010 0.000010 0.147137 0.000010 0.000010
0.000010 0.000010 0.000010 0.000010 0.926547 0.007717 0.000010 0.000010 0.000010 0.065666
0.000010 0.103692 0.000010 0.000010 0.896228 0.000010 0.000010 0.000010 0.000010 0.000010
0.000010 0.000010 0.169044 0.000010 0.830876 0.000010 0.000010 0.000010 0.000010 0.000010
0.000010 0.038585 0.000010 0.026429 0.934916 0.000010 0.000010 0.000010 0.000010 0.000010
0.857609 0.000010 0.000010 0.000010 0.000010 0.000010 0.142311 0.000010 0.000010 0.000010
0.000010 0.000010 0.000010 0.000010 0.999910 0.000010 0.000010 0.000010 0.000010 0.000010
0.000010 0.000010 0.000010 0.000010 0.870658 0.000010 0.000010 0.129262 0.000010 0.000010
0.000010 0.000010 0.000010 0.000010 0.999910 0.000010 0.000010 0.000010 0.000010 0.000010
0.000010 0.122040 0.000010 0.000010 0.877880 0.000010 0.000010 0.000010 0.000010 0.000010
0.000010 0.000010 0.065612 0.000010 0.881689 0.000010 0.000010 0.052629 0.000010 0.000010
0.000010 0.000010 0.149973 0.000010 0.000010 0.000010 0.000010 0.000010 0.000010 0.849947
