0.000010 0.179024 0.517269 0.066612 0.215771 0.021274 0.000010 0.000010 0.000010 0.000010
0.000010 0.247586 0.666491 0.000010 0.021113 0.000010 0.000010 0.064750 0.000010 0.000010
0.000010 0.000010 0.999910 0.000010 0.000010 0.000010 0.000010 0.000010 0.000010 0.000010
0.000010 0.000010 0.500391 0.499529 0.000010 0.000010 0.000010 0.000010 0.000010 0.000010
0.000010 0.082394 0.592488 0.244674 0.000010 0.000010 0.000010 0.000010 0.000010 0.080384
0.000010 0.000010 0.728003 0.000010 0.000010 0.000010 0.000010 0.000010 0.000010 0.271917
0.000010 0.000010 0.234433 0.765487 0.000010 0.000010 0.000010 0.000010 0.000010 0.000010
0.000010 0.000010 0.834177 0.000010 0.156690 0.009063 0.000010 0.000010 0.000010 0.000010
0.000010 0.000010 0.335155 0.664765 0.000010 0.000010 0.000010 0.000010 0.000010 0.000010
0.000010 0.000010 0.000010 0.000010 0.000010 0.000010 0.000010 0.000010 0.999910 0.000010
0.000010 0.000010 0.000010 0.000010 0.000010 0.000010 0.000010 0.000010 0.999910 0.000010
0.000010 0.000010 0.832462 0.073217 0.059889 0.000010 0.000010 0.034372 0.000010 0.000010
0.000010 0.000010 0.766287 0.211042 0.022601 0.000010 0.000010 0.000010 0.000010 0.000010
0.000010 0.121946 0.877974 0.000010 0.000010 0.000010 0.000010 0.000010 0.000010 0.000010
0.000010 0.000010 0.403318 0.596602 0.000010 0.000010 0.000010 0.000010 0.000010 0.000010
0.000010 0.000010 0.821434 0.000010 0.000010 0.000010 0.000010 0.000010 0.000010 0.178486
0.000010 0.000010 0.597075 0.402845 0.000010 0.000010 0.000010 0.000010 0.000010 0.000010
0.000010 0.000010 0.649696 0.000010 0.294921 0.000010 0.000010 0.000010 0.000010 0.055313
0.000010 0.000010 0.733731 0.109437 0.000010 0.000010 0.000010 0.156762 0.000010 0.000010
0.000010 0.014766 0.853895 0.032088 0.099183 0.000019 0.000010 0.000010 0.000010 0.000010
0.000010 0.000010 0.668753 0.000010 0.156554 0.000010 0.000010 0.000010 0.000010 0.174623
0.006068 0.000010 0.560099 0.428074 0.000010 0.005698 0.000010 0.000010 0.000010 0.000010
0.000010 0.262602 0.737318 0.000010 0.000010 0.000010 0.000010 0.000010 0.000010 0.000010
0.000010 0.129827 0.428259 0.416628 0.000010 0.000010 0.000010 0.025226 0.000010 0.000010
0.000010 0.000010 0.605810 0.394110 0.000010 0.000010 0.000010 0.000010 0.000010 0.000010
0.000010 0.000010 0.891373 0.000010 0.108547 0.000010 0.000010 0.000010 0.000010 0.000010
0.000010 0.000010 0.592442 0.122193 0.230759 0.000010 0.000010 0.054546 0.000010 0.000010
0.000010 0.000010 0.000010 0.157683 0.018048 0.192112 0.000010 0.246191 0.000010 0.385916
0.000010 0.620645 0.299313 0.000010 0.000010 0.000010 0.000010 0.079971 0.000010 0.000010
0.000010 0.328774 0.373236 0.188304 0.062392 0.022483 0.000010 0.024770 0.000010 0.000010
0.000010 0.000010 0.000010 0.999910 0.000010 0.000010 0.000010 0.000010 0.000010 0.000010
0.000010 0.624922 0.000010 0.034687 0.082097 0.000010 0.000010 0.257278 0.000010 0.000967
0.000010 0.514998 0.000010 0.407846 0.000010 0.000010 0.000010 0.077086 0.000010 0.000010
0.000010 0.000010 0.000010 0.999910 0.000010 0.000010 0.000010 0.000010 0.000010 0.000010
0.000010 0.000010 0.000010 0.000010 0.000010 0.000010 0.000010 0.000010 0.999910 0.000010
0.000010 0.000010 0.000010 0.085363 0.000010 0.000010 0.000010 0.000010 0.914557 0.000010
0.000010 0.507511 0.000010 0.492409 0.000010 0.000010 0.000010 0.000010 0.000010 0.000010
0.000010 0.000010 0.000010 0.999910 0.000010 0.000010 0.000010 0.000010 0.000010 0.000010
0.000010 0.257749 0.000010 0.742171 0.000010 0.000010 0.000010 0.000010 0.000010 0.000010
0.000010 0.263012 0.000010 0.693169 0.000010 0.000010 0.000010 0.043749 0.000010 0.000010
0.000010 0.196610 0.000010 0.504553 0.073190 0.000010 0.000010 0.000010 0.225586 0.000010
0.000010 0.440544 0.000010 0.471049 0.088337 0.000010 0.000010 0.000010 0.000010 0.000010
0.000010 0.436714 0.000010 0.377328 0.000010 0.000010 0.000010 0.009313 0.000010 0.176585
0.000010 0.746733 0.000010 0.054238 0.000010 0.000010 0.000010 0.000010 0.000010 0.198959
0.999910 0.000010 0.000010 0.000010 0.000010 0.000010 0.000010 0.000010 0.000010 0.000010
0.000010 0.424326 0.201618 0.258762 0.000010 0.000010 0.000010 0.112554 0.000010 0.002689
0.000010 0.000010 0.000010 0.143197 0.172293 0.000010 0.000010 0.268084 0.337188 0.079188
0.000010 0.066334 0.000010 0.817318 0.000010 0.000010 0.000010 0.116278 0.000010 0.000010
0.000010 0.102239 0.000010 0.623525 0.100037 0.000010 0.000010 0.099100 0.075049 0.000010
0.999910 0.000010 0.000010 0.000010 0.000010 0.000010 0.000010 0.000010 0.000010 0.000010
0.000010 0.322279 0.000010 0.677641 0.000010 0.000010 0.000010 0.000010 0.000010 0.000010
0.000010 0.254773 0.000010 0.433679 0.224565 0.010304 0.000010 0.028541 0.000010 0.048098
0.999910 0.000010 0.000010 0.000010 0.000010 0.000010 0.000010 0.000010 0.000010 0.000010
0.000010 0.274648 0.171680 0.548156 0.000010 0.005456 0.000010 0.000010 0.000010 0.000010
0.999910 0.000010 0.000010 0.000010 0.000010 0.000010 0.000010 0.000010 0.000010 0.000010
0.999910 0.000010 0.000010 0.000010 0.000010 0.000010 0.000010 0.000010 0.000010 0.000010
0.000010 0.329563 0.348152 0.121434 0.087542 0.000010 0.000010 0.113259 0.000010 0.000010
0.999910 0.000010 0.000010 0.000010 0.000010 0.000010 0.000010 0.000010 0.000010 0.000010
0.000010 0.999910 0.000010 0.000010 0.000010 0.000010 0.000010 0.000010 0.000010 0.000010
0.999910 0.000010 0.000010 0.000010 0.000010 0.000010 0.000010 0.000010 0.000010 0.000010
0.000010 0.999910 0.000010 0.000010 0.000010 0.000010 0.000010 0.000010 0.000010 0.000010
0.000010 0.665697 0.000010 0.255301 0.000010 0.000010 0.000010 0.000010 0.000010 0.078933
0.000010 0.374419 0.000010 0.625501 0.000010 0.000010 0.000010 0.000010 0.000010 0.000010
0.000010 0.495281 0.000010 0.395956 0.000010 0.000010 0.000010 0.000010 0.000010 0.108692
0.000010 0.344776 0.000010 0.465218 0.189935 0.000010 0.000010 0.000010 0.000010 0.000010
0.000010 0.000010 0.000010 0.000010 0.000010 0.414611 0.000010 0.480238 0.000010 0.105081
0.000010 0.000010 0.000010 0.000010 0.000010 0.493314 0.000010 0.064871 0.000010 0.441744
0.000010 0.044490 0.000010 0.000010 0.000010 0.610591 0.000010 0.226929 0.000010 0.117930
0.000010 0.000010 0.000010 0.000010 0.096402 0.903518 0.000010 0.000010 0.000010 0.000010
0.000010 0.000010 0.000010 0.000010 0.000010 0.000010 0.000010 0.999910 0.000010 0.000010
0.000010 0.000010 0.000010 0.000010 0.000010 0.724220 0.000010 0.275700 0.000010 0.000010
0.000010 0.000010 0.000010 0.000010 0.000010 0.999910 0.000010 0.000010 0.000010 0.000010
0.000010 0.000010 0.000010 0.000010 0.000010 0.402117 0.000010 0.373497 0.000010 0.224316
0.000010 0.000010 0.000010 0.000010 0.000010 0.000010 0.999910 0.000010 0.000010 0.000010
0.000010 0.049150 0.000010 0.000010 0.001768 0.623872 0.000010 0.000010 0.000010 0.325149
0.000010 0.000010 0.000010 0.000010 0.000010 0.999910 0.000010 0.000010 0.000010 0.000010
0.000010 0.000010 0.042427 0.000010 0.000010 0.353455 0.000010 0.350535 0.000010 0.253523
0.000010 0.000010 0.000010 0.000010 0.000010 0.000010 0.000010 0.218999 0.000010 0.780921
0.000010 0.000010 0.000010 0.000010 0.000010 0.542207 0.000010 0.457713 0.000010 0.000010
0.000010 0.000010 0.000010 0.001589 0.000010 0.547075 0.000010 0.359586 0.000010 0.091690
0.000010 0.000010 0.000010 0.022163 0.000010 0.427716 0.000010 0.218067 0.000010 0.331994
0.000010 0.000010 0.386238 0.286579 0.051698 0.000010 0.000010 0.000010 0.027003 0.248432
0.000010 0.129518 0.000010 0.000010 0.002398 0.000010 0.000010 0.197186 0.000010 0.670839
0.000010 0.000010 0.000010 0.000010 0.000010 0.000010 0.999910 0.000010 0.000010 0.000010
0.000010 0.000010 0.000010 0.000010 0.000010 0.000010 0.000010 0.999910 0.000010 0.000010
0.000010 0.000010 0.000010 0.000010 0.000010 0.000010 0.000010 0.999910 0.000010 0.000010
0.000010 0.000010 0.000010 0.000010 0.000010 0.000010 0.000010 0.999910 0.000010 0.000010
0.000010 0.000010 0.000010 0.000010 0.000010 0.000010 0.005990 0.589977 0.000010 0.403963
0.000010 0.056725 0.000010 0.000010 0.000010 0.136290 0.000010 0.000010 0.000010 0.806915
0.000010 0.000010 0.000010 0.000010 0.000010 0.000010 0.999910 0.000010 0.000010 0.000010
0.000010 0.000010 0.000010 0.000010 0.000010 0.000010 0.000010 0.868995 0.000010 0.130925
0.000010 0.000010 0.000010 0.000010 0.038000 0.367223 0.000010 0.506808 0.000010 0.087908
0.000010 0.000010 0.000010 0.000010 0.000010 0.000010 0.999910 0.000010 0.000010 0.000010
0.000010 0.000010 0.000010 0.022014 0.000010 0.000010 0.000010 0.782004 0.000010 0.195912
0.000010 0.000010 0.000010 0.000010 0.000010 0.000010 0.999910 0.000010 0.000010 0.000010
0.000010 0.000010 0.000010 0.000010 0.000010 0.000010 0.999910 0.000010 0.000010 0.000010
0.000010 0.000010 0.000010 0.000010 0.000010 0.000010 0.999910 0.000010 0.000010 0.000010
0.000010 0.000010 0.000010 0.056724 0.000010 0.472432 0.000010 0.470774 0.000010 0.000010
0.000010 0.000010 0.088894 0.000010 0.000010 0.000010 0.000010 0.359186 0.000010 0.551850
0.000010 0.000010 0.043403 0.000010 0.746268 0.000010 0.000010 0.130595 0.079675 0.000010
0.000010 0.012929 0.000010 0.043545 0.796352 0.074368 0.030374 0.042392 0.000010 0.000010
0.000010 0.083257 0.156585 0.000010 0.605499 0.154599 0.000010 0.000010 0.000010 0.000010
0.000010 0.000010 0.000010 0.146607 0.853313 0.000010 0.000010 0.000010 0.000010 0.000010
0.000010 0.000010 0.000010 0.046333 0.723318 0.000010 0.000010 0.230279 0.000010 0.000010
0.000010 0.028108 0.151376 0.000010 0.724941 0.095516 0.000010 0.000010 0.000010 0.000010
0.000010 0.000010 0.000010 0.000010 0.000010 0.032228 0.000010 0.293186 0.000010 0.674516
0.000010 0.000010 0.000010 0.000010 0.000010 0.000010 0.999910 0.000010 0.000010 0.000010
0.000010 0.000010 0.000010 0.130740 0.000010 0.260391 0.000010 0.194149 0.000010 0.414660
0.000010 0.000010 0.000010 0.000010 0.000010 0.000010 0.000010 0.862040 0.000010 0.137880
0.000010 0.027293 0.000010 0.095470 0.000010 0.724031 0.000010 0.000010 0.000010 0.153145
0.000010 0.000010 0.000010 0.000010 0.000010 0.000010 0.999910 0.000010 0.000010 0.000010
0.000010 0.000010 0.000010 0.114275 0.000010 0.581137 0.000010 0.058533 0.000010 0.245996
0.000010 0.000010 0.000010 0.106353 0.000010 0.893567 0.000010 0.000010 0.000010 0.000010
0.000010 0.002656 0.000010 0.192555 0.082713 0.505602 0.000010 0.132282 0.000010 0.084152
0.000010 0.000010 0.000010 0.117376 0.000010 0.760686 0.004473 0.117405 0.000010 0.000010
0.000010 0.000010 0.000010 0.139001 0.043696 0.665826 0.000010 0.000010 0.000010 0.151418
0.000010 0.000010 0.000010 0.000010 0.000010 0.666203 0.000010 0.000010 0.000010 0.333717
0.000010 0.000010 0.000010 0.000010 0.000010 0.364793 0.000010 0.337351 0.000010 0.297786
0.000010 0.000010 0.000010 0.109856 0.000010 0.271415 0.000010 0.000010 0.000010 0.618659
0.000010 0.000010 0.096612 0.048265 0.000010 0.220829 0.000010 0.161781 0.000010 0.472462
0.000010 0.000010 0.000010 0.000010 0.000010 0.000010 0.999910 0.000010 0.000010 0.000010
0.000010 0.000010 0.000010 0.000010 0.000010 0.000010 0.000010 0.999910 0.000010 0.000010
0.000010 0.000010 0.000010 0.000010 0.050805 0.000010 0.000010 0.000010 0.000010 0.949115
0.000010 0.000010 0.000010 0.000010 0.000010 0.158128 0.000010 0.091444 0.000010 0.750359
0.017532 0.000010 0.000010 0.000010 0.000010 0.000010 0.000010 0.982388 0.000010 0.000010
0.000010 0.000010 0.000010 0.000010 0.000010 0.999910 0.000010 0.000010 0.000010 0.000010
0.000010 0.046036 0.000010 0.003767 0.000010 0.392258 0.000010 0.540007 0.000010 0.017882
0.000010 0.000010 0.000010 0.000010 0.000010 0.999910 0.000010 0.000010 0.000010 0.000010
0.000010 0.000010 0.000010 0.011463 0.000010 0.167686 0.000010 0.401770 0.000010 0.419021
0.000010 0.000010 0.000010 0.052824 0.000010 0.517109 0.000010 0.120320 0.000010 0.309687
0.000010 0.000010 0.000010 0.000010 0.000010 0.999910 0.000010 0.000010 0.000010 0.000010
0.000010 0.000010 0.000010 0.122039 0.000010 0.278267 0.000010 0.318713 0.000010 0.280921
0.000010 0.000010 0.000010 0.215270 0.000010 0.507769 0.000010 0.276891 0.000010 0.000010
0.000010 0.000010 0.000010 0.000010 0.000010 0.000010 0.000010 0.999910 0.000010 0.000010
0.000010 0.000010 0.000010 0.063013 0.000010 0.505603 0.000010 0.431313 0.000010 0.000010
0.000010 0.090397 0.000010 0.000010 0.000010 0.000010 0.014202 0.490816 0.000010 0.404525
0.000010 0.000010 0.000010 0.000010 0.000010 0.476669 0.000010 0.068178 0.000010 0.455082
0.000010 0.000010 0.000010 0.000010 0.000010 0.000010 0.000010 0.999910 0.000010 0.000010
0.000010 0.058654 0.000010 0.000010 0.000010 0.256919 0.000010 0.684358 0.000010 0.000010
0.000010 0.000010 0.000010 0.206694 0.000010 0.643738 0.000010 0.149498 0.000010 0.000010
0.000010 0.000010 0.000010 0.038745 0.000010 0.000010 0.000010 0.403886 0.000010 0.557299
0.000010 0.000010 0.000010 0.000010 0.000010 0.000010 0.999910 0.000010 0.000010 0.000010
0.000010 0.000010 0.000010 0.000010 0.000010 0.000010 0.999910 0.000010 0.000010 0.000010
0.000010 0.000010 0.000010 0.093551 0.000010 0.351372 0.000010 0.331351 0.019704 0.203972
0.000010 0.000010 0.000010 0.000010 0.000010 0.000010 0.999910 0.000010 0.000010 0.000010
0.000010 0.000010 0.000010 0.101879 0.000010 0.898041 0.000010 0.000010 0.000010 0.000010
0.000010 0.000010 0.000010 0.033968 0.000010 0.409285 0.000010 0.362446 0.000010 0.194241
0.000010 0.000010 0.000010 0.000010 0.000010 0.000010 0.999910 0.000010 0.000010 0.000010
0.000010 0.000010 0.000010 0.000010 0.000010 0.000010 0.999910 0.000010 0.000010 0.000010
0.000010 0.000010 0.000010 0.000010 0.000010 0.000010 0.000010 0.000010 0.000010 0.999910
0.000010 0.000010 0.000010 0.000010 0.000010 0.000010 0.999910 0.000010 0.000010 0.000010
0.000010 0.000010 0.000010 0.000010 0.000010 0.000010 0.999910 0.000010 0.000010 0.000010
0.000010 0.000010 0.000010 0.000010 0.000010 0.000010 0.999910 0.000010 0.000010 0.000010
0.000010 0.000010 0.627468 0.317556 0.000010 0.040138 0.000010 0.014778 0.000010 0.000010
0.000010 0.000010 0.729676 0.000010 0.091134 0.000010 0.000010 0.112463 0.000010 0.066667
0.000010 0.000010 0.689470 0.308292 0.000010 0.000010 0.000010 0.002167 0.000010 0.000010
0.000010 0.000010 0.623856 0.206452 0.000010 0.000010 0.000010 0.135122 0.000010 0.034511
0.999910 0.000010 0.000010 0.000010 0.000010 0.000010 0.000010 0.000010 0.000010 0.000010
0.000010 0.000010 0.000010 0.005041 0.000010 0.350921 0.000010 0.189871 0.000010 0.454107
0.000010 0.000010 0.746185 0.123600 0.000010 0.000010 0.000010 0.000010 0.000010 0.130145
0.000842 0.000010 0.877684 0.121405 0.000010 0.000010 0.000010 0.000010 0.000010 0.000010
0.000010 0.000010 0.426129 0.439020 0.104312 0.000010 0.000010 0.012430 0.018058 0.000010
0.034029 0.061122 0.674141 0.217573 0.000010 0.013085 0.000010 0.000010 0.000010 0.000010
0.000010 0.000010 0.375985 0.509857 0.000010 0.000010 0.037485 0.000010 0.000010 0.076613
0.000010 0.218608 0.457500 0.266078 0.000010 0.000010 0.000010 0.057754 0.000010 0.000010
0.000010 0.062143 0.481293 0.414047 0.000010 0.042457 0.000010 0.000010 0.000010 0.000010
0.000010 0.000010 0.413411 0.575893 0.000010 0.000010 0.000010 0.010626 0.000010 0.000010
0.000010 0.000010 0.456574 0.543346 0.000010 0.000010 0.000010 0.000010 0.000010 0.000010
0.000736 0.000010 0.952416 0.000010 0.000010 0.000010 0.000010 0.046778 0.000010 0.000010
0.000010 0.000010 0.638170 0.312181 0.000010 0.049579 0.000010 0.000010 0.000010 0.000010
0.010769 0.000010 0.395944 0.384877 0.139380 0.000010 0.000010 0.007615 0.000010 0.061374
0.000010 0.000010 0.752251 0.247669 0.000010 0.000010 0.000010 0.000010 0.000010 0.000010
0.000010 0.000010 0.709417 0.290503 0.000010 0.000010 0.000010 0.000010 0.000010 0.000010
0.000010 0.000010 0.999910 0.000010 0.000010 0.000010 0.000010 0.000010 0.000010 0.000010
0.000010 0.000010 0.603998 0.193030 0.077898 0.029899 0.000010 0.095124 0.000010 0.000010
0.000010 0.000010 0.791105 0.045200 0.000010 0.000010 0.000010 0.102424 0.000010 0.061211
0.000010 0.000010 0.583567 0.135632 0.116944 0.163798 0.000010 0.000010 0.000010 0.000010
0.000010 0.000010 0.540656 0.459264 0.000010 0.000010 0.000010 0.000010 0.000010 0.000010
0.013634 0.000010 0.753265 0.233032 0.000010 0.000010 0.000010 0.000010 0.000010 0.000010
0.013251 0.147007 0.762908 0.076774 0.000010 0.000010 0.000010 0.000010 0.000010 0.000010
0.999910 0.000010 0.000010 0.000010 0.000010 0.000010 0.000010 0.000010 0.000010 0.000010
0.000010 0.000010 0.446018 0.378886 0.000010 0.000010 0.019132 0.155904 0.000010 0.000010
0.000010 0.000010 0.634809 0.170228 0.079181 0.115722 0.000010 0.000010 0.000010 0.000010
0.000010 0.000010 0.471503 0.508739 0.000010 0.000010 0.000010 0.019687 0.000010 0.000010
0.999910 0.000010 0.000010 0.000010 0.000010 0.000010 0.000010 0.000010 0.000010 0.000010
0.000010 0.000010 0.943443 0.000010 0.000010 0.029071 0.000010 0.000010 0.000010 0.027416
0.996008 0.000010 0.000010 0.000010 0.000010 0.000010 0.003912 0.000010 0.000010 0.000010
0.000010 0.000010 0.428134 0.513472 0.012134 0.000010 0.000010 0.046201 0.000010 0.000010
0.000010 0.000010 0.803583 0.134186 0.000010 0.000010 0.000010 0.000010 0.000010 0.062161
0.000010 0.270276 0.568201 0.000010 0.000010 0.000010 0.000010 0.000010 0.000010 0.161453
0.000010 0.000010 0.891016 0.040104 0.000010 0.068810 0.000010 0.000010 0.000010 0.000010
0.000010 0.148028 0.728063 0.000010 0.057052 0.000010 0.000010 0.066797 0.000010 0.000010
0.000010 0.000010 0.673337 0.250646 0.000010 0.075947 0.000010 0.000010 0.000010 0.000010
0.000010 0.063574 0.696362 0.239995 0.000010 0.000010 0.000010 0.000010 0.000010 0.000010
0.000010 0.000010 0.506529 0.442899 0.000010 0.000010 0.026461 0.024051 0.000010 0.000010
0.000010 0.000010 0.999910 0.000010 0.000010 0.000010 0.000010 0.000010 0.000010 0.000010
0.000010 0.000010 0.432682 0.376323 0.075169 0.000010 0.000010 0.041072 0.000010 0.074704
0.000010 0.000010 0.653394 0.346526 0.000010 0.000010 0.000010 0.000010 0.000010 0.000010
0.017964 0.000010 0.236089 0.088165 0.364926 0.000010 0.000010 0.160655 0.132161 0.000010
0.000010 0.307880 0.404507 0.287544 0.000010 0.000010 0.000010 0.000010 0.000010 0.000010
0.000010 0.000010 0.000010 0.000010 0.000010 0.485893 0.000010 0.514027 0.000010 0.000010
0.000010 0.000010 0.000010 0.090828 0.000010 0.216142 0.000010 0.479267 0.000010 0.213703
0.000010 0.000010 0.000010 0.000010 0.000010 0.470504 0.000010 0.529416 0.000010 0.000010
0.000010 0.000010 0.000010 0.067640 0.000010 0.000010 0.000010 0.334898 0.000010 0.597392
0.000010 0.000010 0.000010 0.000010 0.000010 0.459594 0.000010 0.074962 0.000010 0.465374
0.000010 0.026774 0.000010 0.106828 0.000010 0.000010 0.000010 0.209974 0.000010 0.656363
0.000010 0.038812 0.000010 0.000010 0.102772 0.258456 0.000010 0.000010 0.000010 0.599899
0.000010 0.000010 0.000010 0.050263 0.017106 0.035327 0.000010 0.329225 0.000010 0.568029
0.000010 0.000010 0.000010 0.000010 0.000010 0.000010 0.000010 0.100335 0.000010 0.899585
0.000010 0.000010 0.000010 0.000010 0.017025 0.044114 0.000010 0.745211 0.000010 0.193590
0.000010 0.000010 0.000010 0.000010 0.000010 0.000010 0.000010 0.000010 0.000010 0.999910
0.000010 0.000010 0.058670 0.000010 0.072435 0.498018 0.000010 0.370818 0.000010 0.000010
0.999910 0.000010 0.000010 0.000010 0.000010 0.000010 0.000010 0.000010 0.000010 0.000010
0.000010 0.041663 0.000010 0.047833 0.000010 0.318632 0.000010 0.178705 0.000010 0.413117
0.000010 0.000010 0.078213 0.000010 0.000010 0.412302 0.000010 0.291354 0.000010 0.218071
0.000010 0.000010 0.046334 0.000010 0.000010 0.290092 0.000010 0.383078 0.000010 0.280435
0.000010 0.029037 0.045972 0.000010 0.000010 0.000010 0.000010 0.380845 0.000010 0.544086
0.000010 0.000010 0.000010 0.000010 0.068758 0.229996 0.000010 0.255707 0.000010 0.445479
0.000010 0.000010 0.014224 0.000010 0.000010 0.718370 0.000010 0.048687 0.000010 0.218659
0.000010 0.000010 0.000010 0.000010 0.000010 0.747409 0.000010 0.252511 0.000010 0.000010
0.000010 0.000010 0.061929 0.000010 0.000010 0.374412 0.000010 0.000010 0.000010 0.563590
0.000010 0.035805 0.000010 0.000010 0.000010 0.230081 0.000010 0.000010 0.000010 0.734044
0.000010 0.000010 0.000010 0.000010 0.000010 0.000010 0.000010 0.000010 0.000010 0.999910
0.000010 0.000010 0.000010 0.000010 0.000010 0.000010 0.000010 0.163311 0.000010 0.836609
0.000010 0.014637 0.000010 0.000010 0.000010 0.000010 0.000010 0.364331 0.000010 0.620962
0.000010 0.000010 0.000010 0.000010 0.000010 0.387323 0.000010 0.141509 0.000010 0.471097
0.000010 0.000010 0.000010 0.000010 0.000010 0.000010 0.000010 0.000010 0.000010 0.999910
0.000010 0.000010 0.000010 0.080540 0.000010 0.000010 0.005006 0.000010 0.000010 0.914384
0.000010 0.000010 0.000010 0.073112 0.000010 0.501331 0.000010 0.277790 0.000010 0.147707
0.000010 0.000010 0.000010 0.241388 0.000010 0.522335 0.000010 0.236208 0.000010 0.000010
0.000010 0.000010 0.101546 0.000010 0.000010 0.190500 0.000010 0.305682 0.000010 0.402212
0.000010 0.000010 0.000010 0.042409 0.110864 0.613104 0.000010 0.000010 0.000010 0.233564
0.000010 0.040987 0.000010 0.000010 0.000010 0.273056 0.000010 0.122404 0.000010 0.563493
0.000010 0.000010 0.999910 0.000010 0.000010 0.000010 0.000010 0.000010 0.000010 0.000010
0.000010 0.000010 0.000010 0.000010 0.000010 0.094459 0.000010 0.152262 0.000010 0.753208
0.000010 0.000010 0.000010 0.000010 0.000010 0.000010 0.000010 0.000010 0.000010 0.999910
0.000010 0.000010 0.000010 0.000019 0.000010 0.221744 0.000010 0.117439 0.000010 0.660739
0.000010 0.000010 0.000010 0.000010 0.000010 0.182053 0.000010 0.629863 0.000010 0.188013
0.000010 0.000010 0.000010 0.000010 0.000010 0.189621 0.000010 0.530022 0.000010 0.280286
0.000010 0.000010 0.000010 0.057307 0.000010 0.340340 0.000010 0.288482 0.000010 0.313811
0.000010 0.000010 0.000010 0.125169 0.000010 0.310326 0.000010 0.000010 0.000010 0.564436
0.000010 0.069408 0.044131 0.000010 0.129812 0.533400 0.000010 0.153176 0.000010 0.070033
0.000010 0.000010 0.000010 0.000010 0.000010 0.694364 0.000010 0.305556 0.000010 0.000010
0.000010 0.000010 0.000010 0.000010 0.021650 0.268042 0.000010 0.000010 0.000010 0.710239
0.000010 0.000010 0.000010 0.278878 0.000010 0.041763 0.000010 0.000010 0.000010 0.679289
0.000010 0.000010 0.000010 0.073192 0.045219 0.486034 0.000010 0.185038 0.000010 0.210466
0.000010 0.000010 0.000010 0.000010 0.000010 0.000010 0.000010 0.484311 0.000010 0.515609
0.000010 0.000010 0.000010 0.000010 0.000010 0.860199 0.000010 0.000010 0.000010 0.139721
0.000010 0.000010 0.000010 0.000010 0.005750 0.215776 0.000010 0.289877 0.038809 0.449739
0.009791 0.000010 0.000010 0.000010 0.000010 0.000010 0.000010 0.529993 0.000010 0.460146
0.000010 0.000010 0.000010 0.000010 0.000010 0.548626 0.000010 0.321690 0.000010 0.129614
0.000010 0.000010 0.090965 0.141964 0.008715 0.000010 0.000010 0.580804 0.000010 0.177503
0.000010 0.000010 0.000010 0.000010 0.000010 0.000010 0.000010 0.237199 0.000010 0.762721
0.000010 0.000010 0.077473 0.000010 0.070210 0.341933 0.000010 0.234964 0.000010 0.275370
0.000010 0.000010 0.000010 0.063354 0.000010 0.465053 0.000010 0.160873 0.000010 0.310661
0.000010 0.000010 0.000010 0.000010 0.000010 0.999910 0.000010 0.000010 0.000010 0.000010
0.000010 0.000010 0.000010 0.030242 0.000010 0.216221 0.000010 0.528493 0.000010 0.224983
0.000010 0.000010 0.000010 0.001425 0.000010 0.198250 0.000010 0.408989 0.000010 0.391277
0.000010 0.000010 0.000010 0.062990 0.000010 0.479470 0.000010 0.163739 0.000010 0.293740
0.000010 0.000010 0.000010 0.000010 0.000010 0.999910 0.000010 0.000010 0.000010 0.000010
0.000010 0.000010 0.000010 0.000010 0.000010 0.000010 0.000010 0.272280 0.000010 0.727640
0.000010 0.000010 0.000010 0.193303 0.000010 0.806617 0.000010 0.000010 0.000010 0.000010
0.000010 0.000010 0.000010 0.074407 0.000010 0.319199 0.000010 0.015911 0.000010 0.590423
0.000010 0.000010 0.000010 0.018986 0.000010 0.266869 0.000010 0.341404 0.000010 0.372681
0.000010 0.000010 0.068765 0.000010 0.000010 0.290886 0.000010 0.254182 0.000010 0.386106
0.000010 0.035130 0.000010 0.000010 0.000010 0.384911 0.000010 0.000010 0.000010 0.579889
0.000010 0.000010 0.000010 0.000010 0.000010 0.000010 0.999910 0.000010 0.000010 0.000010
0.000010 0.000010 0.000010 0.000010 0.000010 0.000010 0.000010 0.595717 0.000010 0.404203
0.000010 0.000010 0.000010 0.022828 0.000010 0.484176 0.000010 0.262485 0.000010 0.230451
0.000010 0.000010 0.000010 0.000010 0.000010 0.477039 0.000010 0.522881 0.000010 0.000010
0.005063 0.000010 0.000010 0.000153 0.146852 0.195326 0.010110 0.183754 0.000010 0.458711
0.000010 0.000010 0.018044 0.000010 0.000010 0.389104 0.000010 0.357019 0.000010 0.235773
0.000010 0.039013 0.000010 0.000010 0.029747 0.384014 0.000010 0.547166 0.000010 0.000010
0.000010 0.000010 0.000010 0.000010 0.000010 0.808522 0.000012 0.191396 0.000010 0.000010
0.000010 0.000010 0.000010 0.000010 0.000010 0.999910 0.000010 0.000010 0.000010 0.000010
0.000010 0.000010 0.000010 0.000010 0.000010 0.999910 0.000010 0.000010 0.000010 0.000010
0.026076 0.000010 0.000010 0.000010 0.000010 0.323792 0.000010 0.000010 0.000010 0.650062
0.016944 0.000010 0.000010 0.009642 0.000010 0.191230 0.000010 0.329065 0.000010 0.453070
0.000010 0.000010 0.000010 0.024025 0.064814 0.216308 0.005305 0.262511 0.000010 0.426998
0.000010 0.000010 0.000010 0.049014 0.000010 0.715989 0.000010 0.000010 0.000010 0.234927
0.000010 0.000010 0.000010 0.000010 0.000010 0.000010 0.000010 0.517269 0.000010 0.482651
0.000010 0.000010 0.000010 0.000010 0.000010 0.662498 0.000010 0.182027 0.000010 0.155405
0.000010 0.000010 0.000010 0.118861 0.881059 0.000010 0.000010 0.000010 0.000010 0.000010
0.000010 0.000010 0.000010 0.045572 0.789135 0.000010 0.004796 0.000010 0.000010 0.160438
0.000010 0.000010 0.000010 0.179728 0.820192 0.000010 0.000010 0.000010 0.000010 0.000010
0.000010 0.000010 0.000010 0.229937 0.520941 0.000010 0.000010 0.000010 0.000010 0.249052
0.000010 0.000010 0.000010 0.068127 0.864452 0.000010 0.000010 0.067352 0.000010 0.000010
0.000010 0.000010 0.000010 0.036761 0.963159 0.000010 0.000010 0.000010 0.000010 0.000010
0.000010 0.015003 0.025116 0.000010 0.914165 0.000010 0.000010 0.045657 0.000010 0.000010
0.000010 0.000010 0.000010 0.000010 0.784081 0.000010 0.000010 0.215839 0.000010 0.000010
0.000010 0.025482 0.107473 0.100458 0.766527 0.000010 0.000010 0.000010 0.000010 0.000010
0.000010 0.000010 0.000010 0.000010 0.828567 0.155006 0.000010 0.000010 0.016357 0.000010
0.000010 0.000010 0.000010 0.000010 0.999910 0.000010 0.000010 0.000010 0.000010 0.000010
0.000010 0.000010 0.000010 0.000010 0.952064 0.047856 0.000010 0.000010 0.000010 0.000010
0.000010 0.000010 0.000010 0.220519 0.697019 0.000010 0.000010 0.000010 0.000010 0.082393
0.000010 0.000010 0.000010 0.000010 0.999910 0.000010 0.000010 0.000010 0.000010 0.000010
0.000010 0.000010 0.000010 0.000010 0.999910 0.000010 0.000010 0.000010 0.000010 0.000010
0.999910 0.000010 0.000010 0.000010 0.000010 0.000010 0.000010 0.000010 0.000010 0.000010
0.000010 0.000010 0.000010 0.000010 0.951246 0.000010 0.000010 0.000010 0.000010 0.048674
0.000010 0.000010 0.000010 0.000010 0.794028 0.102786 0.000010 0.000010 0.000010 0.103116
0.000010 0.000010 0.000010 0.000010 0.807719 0.192201 0.000010 0.000010 0.000010 0.000010
0.000010 0.000010 0.000010 0.281795 0.682720 0.000010 0.000010 0.000010 0.000010 0.035415
0.000010 0.000010 0.214998 0.179145 0.393016 0.000010 0.000010 0.000010 0.000010 0.212781
0.000010 0.000010 0.116663 0.000010 0.883257 0.000010 0.000010 0.000010 0.000010 0.000010
0.000010 0.000010 0.000010 0.047155 0.748290 0.000010 0.000010 0.168129 0.000010 0.036367
0.000010 0.000010 0.000010 0.044585 0.833632 0.121714 0.000010 0.000010 0.000010 0.000010
0.000010 0.000010 0.000010 0.116419 0.883501 0.000010 0.000010 0.000010 0.000010 0.000010
0.000010 0.000010 0.000010 0.196362 0.763287 0.000010 0.000010 0.000010 0.000010 0.040281
0.000010 0.066691 0.000010 0.000010 0.881568 0.000010 0.000010 0.051671 0.000010 0.000010
0.028982 0.000010 0.000010 0.002369 0.930902 0.000010 0.000010 0.001336 0.000010 0.036362
0.000010 0.000010 0.000010 0.000010 0.999910 0.000010 0.000010 0.000010 0.000010 0.000010
0.000010 0.000010 0.000010 0.000010 0.957462 0.042458 0.000010 0.000010 0.000010 0.000010
0.005012 0.000010 0.051839 0.000010 0.943079 0.000010 0.000010 0.000010 0.000010 0.000010
0.000010 0.000010 0.000010 0.000010 0.953105 0.000010 0.000010 0.000010 0.000010 0.046815
0.000010 0.000010 0.000010 0.000010 0.870018 0.000010 0.000010 0.092765 0.000010 0.037147
0.000010 0.000010 0.083530 0.000010 0.794159 0.000010 0.000010 0.122241 0.000010 0.000010
0.000010 0.000010 0.000010 0.074711 0.749537 0.108060 0.000010 0.000010 0.000010 0.067632
0.915414 0.000010 0.000010 0.000010 0.000010 0.000010 0.084506 0.000010 0.000010 0.000010
0.000010 0.000010 0.000010 0.000010 0.999910 0.000010 0.000010 0.000010 0.000010 0.000010
0.000010 0.000010 0.000010 0.238638 0.761282 0.000010 0.000010 0.000010 0.000010 0.000010
0.999910 0.000010 0.000010 0.000010 0.000010 0.000010 0.000010 0.000010 0.000010 0.000010
0.000010 0.067410 0.140026 0.000010 0.746505 0.045999 0.000010 0.000010 0.000010 0.000010
0.004124 0.109469 0.000010 0.000010 0.777430 0.000010 0.000010 0.000010 0.000010 0.108917
0.000010 0.000010 0.000010 0.216264 0.577821 0.000010 0.000010 0.119488 0.000010 0.086367
0.000010 0.000010 0.007580 0.084399 0.884765 0.000010 0.000010 0.023196 0.000010 0.000010
0.000010 0.000010 0.000010 0.144576 0.855344 0.000010 0.000010 0.000010 0.000010 0.000010
0.000010 0.000010 0.065163 0.092923 0.694069 0.000010 0.000010 0.147786 0.000010 0.000010
0.000010 0.037755 0.000010 0.000010 0.962165 0.000010 0.000010 0.000010 0.000010 0.000010
0.600181 0.000010 0.000010 0.000010 0.000010 0.000010 0.399739 0.000010 0.000010 0.000010
0.000010 0.000010 0.000010 0.000010 0.999910 0.000010 0.000010 0.000010 0.000010 0.000010
0.000010 0.000010 0.000010 0.142003 0.857917 0.000010 0.000010 0.000010 0.000010 0.000010
0.000010 0.000010 0.000010 0.000010 0.998209 0.000010 0.000010 0.000010 0.000010 0.001711
0.000010 0.000010 0.000010 0.000010 0.964916 0.000010 0.000010 0.000010 0.000010 0.035004
0.000010 0.000010 0.000010 0.000010 0.999910 0.000010 0.000010 0.000010 0.000010 0.000010
0.000010 0.000010 0.000010 0.000010 0.000010 0.000010 0.000010 0.000010 0.000010 0.999910
