0.183325 0.000010 0.274953 0.495746 0.036206 0.000010 0.000010 0.009741
0.404439 0.000010 0.000010 0.581945 0.000010 0.000010 0.013565 0.000010
0.999930 0.000010 0.000010 0.000010 0.000010 0.000010 0.000010 0.000010
0.999930 0.000010 0.000010 0.000010 0.000010 0.000010 0.000010 0.000010
0.378660 0.172621 0.000010 0.260058 0.000010 0.000010 0.000010 0.188620
0.785584 0.044034 0.000010 0.170332 0.000010 0.000010 0.000010 0.000010
0.999930 0.000010 0.000010 0.000010 0.000010 0.000010 0.000010 0.000010
0.546833 0.000010 0.000010 0.434431 0.018685 0.000010 0.000010 0.000010
0.851958 0.007105 0.000010 0.000010 0.053670 0.000010 0.000010 0.087227
0.000010 0.000010 0.000010 0.000010 0.000010 0.999930 0.000010 0.000010
0.000010 0.000010 0.000010 0.000010 0.000010 0.999930 0.000010 0.000010
0.616313 0.000010 0.108488 0.235001 0.000010 0.000010 0.000010 0.040158
0.910112 0.000010 0.000010 0.000010 0.000010 0.000010 0.000010 0.089828
0.521394 0.000010 0.004280 0.462806 0.000010 0.000010 0.000010 0.011480
0.916181 0.000010 0.000010 0.000010 0.000010 0.000010 0.000010 0.083759
0.999930 0.000010 0.000010 0.000010 0.000010 0.000010 0.000010 0.000010
0.975536 0.000010 0.000010 0.000010 0.000010 0.000010 0.024404 0.000010
0.461426 0.000010 0.143349 0.383691 0.000010 0.000010 0.011494 0.000010
0.999930 0.000010 0.000010 0.000010 0.000010 0.000010 0.000010 0.000010
0.743312 0.000010 0.000774 0.255864 0.000010 0.000010 0.000010 0.000010
0.304538 0.000010 0.111683 0.575541 0.000010 0.000010 0.000010 0.008198
0.370617 0.000010 0.000010 0.565910 0.000010 0.000010 0.000010 0.063423
0.376296 0.000010 0.000010 0.562128 0.000010 0.000010 0.000010 0.061526
0.458290 0.000010 0.000010 0.343874 0.000010 0.000010 0.000010 0.197786
0.650783 0.000010 0.149869 0.167542 0.000010 0.000010 0.000010 0.031767
0.999930 0.000010 0.000010 0.000010 0.000010 0.000010 0.000010 0.000010
0.836394 0.000010 0.163546 0.000010 0.000010 0.000010 0.000010 0.000010
0.000010 0.529711 0.002334 0.150976 0.292222 0.000010 0.000010 0.024727
0.169913 0.000010 0.000010 0.662803 0.000010 0.000010 0.000010 0.167234
0.000010 0.000010 0.000010 0.946899 0.000010 0.000010 0.000010 0.053041
0.000010 0.000010 0.000010 0.000010 0.000010 0.000010 0.000010 0.999930
0.000010 0.000010 0.000010 0.990737 0.009203 0.000010 0.000010 0.000010
0.000010 0.000010 0.000010 0.838541 0.000010 0.000010 0.000010 0.161399
0.000010 0.000010 0.000010 0.000010 0.000010 0.000010 0.000010 0.999930
0.000010 0.000010 0.000010 0.000010 0.000010 0.999930 0.000010 0.000010
0.000010 0.000010 0.000010 0.075237 0.000010 0.759366 0.000010 0.165346
0.287540 0.000010 0.000010 0.626738 0.000010 0.000010 0.000010 0.085672
0.000010 0.000010 0.000010 0.000010 0.000010 0.000010 0.000010 0.999930
0.433385 0.000010 0.137535 0.147958 0.000010 0.000010 0.000010 0.281082
0.000010 0.000010 0.000010 0.863637 0.031072 0.000010 0.000010 0.105241
0.000010 0.000010 0.000010 0.999930 0.000010 0.000010 0.000010 0.000010
0.000010 0.000010 0.000010 0.837443 0.000010 0.000010 0.000010 0.162497
0.000010 0.000010 0.000010 0.905735 0.000010 0.000010 0.000010 0.094205
0.000010 0.000010 0.000010 0.999930 0.000010 0.000010 0.000010 0.000010
0.000010 0.000010 0.000010 0.000010 0.000010 0.000010 0.999930 0.000010
0.000010 0.000010 0.000010 0.999930 0.000010 0.000010 0.000010 0.000010
0.233164 0.000010 0.110961 0.549268 0.000010 0.000010 0.000280 0.106297
0.000010 0.000010 0.221455 0.639938 0.000010 0.000010 0.000010 0.138557
0.000010 0.000010 0.165326 0.389920 0.000010 0.000010 0.000010 0.444704
0.000010 0.000010 0.000010 0.000010 0.000010 0.000010 0.999930 0.000010
0.000010 0.000010 0.000010 0.882213 0.000010 0.000010 0.000010 0.117727
0.000010 0.076980 0.222926 0.399708 0.000010 0.000010 0.000010 0.300347
0.000010 0.000010 0.000010 0.000010 0.000010 0.000010 0.999930 0.000010
0.112704 0.233189 0.000010 0.394484 0.000010 0.000010 0.011563 0.248031
0.000010 0.000010 0.000010 0.000010 0.000010 0.000010 0.999930 0.000010
0.000010 0.000010 0.000010 0.000010 0.000010 0.000010 0.999930 0.000010
0.000010 0.000010 0.000010 0.999930 0.000010 0.000010 0.000010 0.000010
0.000010 0.000010 0.000010 0.000010 0.000010 0.000010 0.999930 0.000010
0.000010 0.000010 0.000010 0.000010 0.000010 0.999930 0.000010 0.000010
0.000010 0.000010 0.000010 0.000010 0.000010 0.000010 0.999930 0.000010
0.000010 0.000010 0.000010 0.000010 0.000010 0.999283 0.000010 0.000657
0.000010 0.000010 0.000010 0.841706 0.000010 0.000010 0.000010 0.158234
0.000010 0.000010 0.030478 0.769683 0.055831 0.000010 0.000010 0.143968
0.000010 0.106205 0.042569 0.851176 0.000010 0.000010 0.000010 0.000010
0.000010 0.000010 0.177244 0.460910 0.000010 0.000010 0.000010 0.361795
0.000010 0.315048 0.035870 0.000010 0.649032 0.000010 0.000010 0.000010
0.000010 0.908664 0.005872 0.000013 0.083124 0.000010 0.000010 0.002297
0.000010 0.732144 0.000010 0.000010 0.267796 0.000010 0.000010 0.000010
0.000010 0.226454 0.122629 0.000010 0.650867 0.000010 0.000010 0.000010
0.000010 0.522212 0.000010 0.000010 0.477728 0.000010 0.000010 0.000010
0.000010 0.317179 0.117089 0.000010 0.564962 0.000010 0.000730 0.000010
0.000010 0.334548 0.000010 0.000010 0.665392 0.000010 0.000010 0.000010
0.000010 0.910102 0.000010 0.000010 0.000010 0.000010 0.000010 0.089838
0.000010 0.000010 0.000010 0.000010 0.000010 0.000010 0.999930 0.000010
0.000010 0.878017 0.000010 0.087408 0.000010 0.000010 0.000010 0.034524
0.000010 0.173316 0.142878 0.023014 0.626518 0.000010 0.000010 0.034245
0.000010 0.498841 0.000010 0.101619 0.399491 0.000010 0.000010 0.000010
0.048534 0.663247 0.024623 0.000010 0.263557 0.000010 0.000010 0.000010
0.000010 0.778476 0.000010 0.000010 0.221464 0.000010 0.000010 0.000010
0.000010 0.310219 0.000010 0.000010 0.689721 0.000010 0.000010 0.000010
0.000010 0.647331 0.000010 0.000010 0.280051 0.000010 0.000010 0.072568
0.435285 0.237382 0.000010 0.327283 0.000010 0.000010 0.000010 0.000010
0.000010 0.628003 0.000010 0.282057 0.089891 0.000010 0.000010 0.000010
0.000010 0.000010 0.000010 0.000010 0.000010 0.000010 0.999930 0.000010
0.000010 0.428852 0.000010 0.000010 0.571088 0.000010 0.000010 0.000010
0.000010 0.472586 0.000010 0.000010 0.527354 0.000010 0.000010 0.000010
0.000010 0.560487 0.000010 0.000010 0.439453 0.000010 0.000010 0.000010
0.000010 0.538391 0.000010 0.000010 0.419155 0.000010 0.000010 0.042404
0.000010 0.757425 0.101922 0.140604 0.000010 0.000010 0.000010 0.000010
0.000010 0.000010 0.000010 0.000010 0.000010 0.000010 0.999930 0.000010
0.000010 0.497973 0.000010 0.000010 0.493757 0.000010 0.000010 0.008220
0.000010 0.529240 0.000010 0.008980 0.461730 0.000010 0.000010 0.000010
0.000010 0.000010 0.000010 0.000010 0.000010 0.000010 0.999930 0.000010
0.000010 0.255486 0.000010 0.000010 0.744454 0.000010 0.000010 0.000010
0.000011 0.000010 0.000010 0.000010 0.000010 0.000010 0.999929 0.000010
0.000010 0.000010 0.000010 0.000010 0.000010 0.000010 0.999930 0.000010
0.000010 0.000010 0.000010 0.000010 0.000010 0.000012 0.999928 0.000010
0.000010 0.516291 0.130029 0.000010 0.353630 0.000010 0.000010 0.000010
0.000010 0.910567 0.000010 0.067878 0.021505 0.000010 0.000010 0.000010
0.000010 0.000010 0.674572 0.208569 0.116810 0.000010 0.000010 0.000010
0.005030 0.059004 0.886636 0.000010 0.019713 0.000010 0.000010 0.029587
0.000010 0.004284 0.660101 0.179101 0.156474 0.000010 0.000010 0.000010
0.000010 0.000010 0.976259 0.016605 0.000010 0.000010 0.000010 0.007086
0.043085 0.057225 0.619766 0.000010 0.230660 0.000010 0.011185 0.038058
0.000010 0.129748 0.821605 0.000010 0.000010 0.000010 0.000010 0.048597
0.000010 0.857689 0.000010 0.000010 0.142251 0.000010 0.000010 0.000010
0.000010 0.000010 0.000010 0.000010 0.000010 0.000010 0.999930 0.000010
0.000010 0.512420 0.000010 0.000010 0.415009 0.000010 0.000010 0.072521
0.040467 0.594473 0.000010 0.000010 0.313598 0.000010 0.000010 0.051422
0.000010 0.999930 0.000010 0.000010 0.000010 0.000010 0.000010 0.000010
0.000010 0.000010 0.000010 0.000010 0.000010 0.000010 0.999930 0.000010
0.000010 0.716411 0.000010 0.000010 0.243960 0.000010 0.000010 0.039579
0.000010 0.742619 0.000010 0.000010 0.257321 0.000010 0.000010 0.000010
0.085161 0.591744 0.000010 0.000010 0.323045 0.000010 0.000010 0.000010
0.000010 0.612743 0.000010 0.098533 0.288675 0.000010 0.000010 0.000010
0.161938 0.515592 0.053412 0.000010 0.269018 0.000010 0.000010 0.000010
0.000010 0.766350 0.000010 0.000010 0.233590 0.000010 0.000010 0.000010
0.000010 0.230060 0.000010 0.000010 0.769880 0.000010 0.000010 0.000010
0.000010 0.549975 0.000010 0.005100 0.444874 0.000010 0.000010 0.000010
0.083973 0.511573 0.000010 0.000010 0.404404 0.000010 0.000010 0.000010
0.000010 0.000010 0.000010 0.000010 0.000010 0.000010 0.999930 0.000010
0.000010 0.000010 0.000010 0.000010 0.999930 0.000010 0.000010 0.000010
0.000010 0.721943 0.000010 0.106920 0.171087 0.000010 0.000010 0.000010
0.000010 0.912890 0.000010 0.031893 0.055167 0.000010 0.000010 0.000010
0.000010 0.000010 0.000010 0.000010 0.999930 0.000010 0.000010 0.000010
0.000010 0.999930 0.000010 0.000010 0.000010 0.000010 0.000010 0.000010
0.000010 0.742805 0.000010 0.257135 0.000010 0.000010 0.000010 0.000010
0.000010 0.954988 0.000010 0.000010 0.000010 0.000010 0.000010 0.044952
0.000010 0.543069 0.038354 0.000010 0.342446 0.000010 0.000010 0.076091
0.044713 0.799464 0.000010 0.000010 0.111650 0.000010 0.000010 0.044133
0.000010 0.833297 0.000010 0.000010 0.123380 0.000010 0.000010 0.043272
0.031430 0.601310 0.000010 0.000010 0.367209 0.000010 0.000010 0.000010
0.000010 0.000010 0.000010 0.000010 0.905652 0.000010 0.000010 0.094288
0.000010 0.000010 0.000010 0.000010 0.999930 0.000010 0.000010 0.000010
0.000010 0.813057 0.000010 0.000010 0.089478 0.000010 0.000010 0.097415
0.000010 0.842510 0.000010 0.056909 0.100531 0.000010 0.000010 0.000010
0.000010 0.726216 0.000010 0.026075 0.247659 0.000010 0.000010 0.000010
0.000010 0.000010 0.000010 0.000010 0.999930 0.000010 0.000010 0.000010
0.133767 0.250491 0.000010 0.000010 0.596593 0.000010 0.019109 0.000010
0.000010 0.000010 0.000010 0.000010 0.902756 0.000010 0.000010 0.097184
0.000010 0.689024 0.000010 0.000010 0.204852 0.000010 0.000010 0.106074
0.000010 0.000010 0.000010 0.000010 0.000010 0.000010 0.999930 0.000010
0.000010 0.000010 0.000010 0.000010 0.000010 0.000010 0.999930 0.000010
0.072256 0.540380 0.000010 0.000010 0.316234 0.000010 0.000010 0.071090
0.000010 0.000010 0.000010 0.000010 0.000010 0.000010 0.999930 0.000010
0.000010 0.999930 0.000010 0.000010 0.000010 0.000010 0.000010 0.000010
0.000010 0.999930 0.000010 0.000010 0.000010 0.000010 0.000010 0.000010
0.000010 0.000010 0.000010 0.000010 0.000010 0.000010 0.999930 0.000010
0.000010 0.000010 0.000010 0.000010 0.000010 0.000010 0.999930 0.000010
0.000010 0.875776 0.000010 0.000010 0.124164 0.000010 0.000010 0.000010
0.000010 0.000010 0.000010 0.000010 0.000010 0.000010 0.999930 0.000010
0.000010 0.000010 0.000010 0.000010 0.000010 0.000010 0.999930 0.000010
0.000010 0.000010 0.000010 0.000010 0.000010 0.000010 0.999930 0.000010
0.897368 0.000010 0.002053 0.000010 0.000010 0.000010 0.000010 0.100529
0.678364 0.000010 0.112239 0.209348 0.000010 0.000010 0.000010 0.000010
0.999930 0.000010 0.000010 0.000010 0.000010 0.000010 0.000010 0.000010
0.845606 0.000010 0.000010 0.000010 0.000010 0.000010 0.000010 0.154334
0.000010 0.000010 0.000010 0.000010 0.000010 0.000010 0.999930 0.000010
0.000010 0.719998 0.000010 0.062629 0.215329 0.000010 0.000010 0.002004
0.355037 0.046587 0.000010 0.519326 0.000010 0.000010 0.000010 0.079010
0.729549 0.000010 0.181212 0.055124 0.010769 0.000010 0.000010 0.023315
0.369768 0.121757 0.000010 0.286184 0.000010 0.000010 0.000010 0.222250
0.699072 0.135196 0.000010 0.165682 0.000010 0.000010 0.000010 0.000010
0.369063 0.019265 0.128306 0.476656 0.000010 0.000010 0.000010 0.006680
0.830078 0.047981 0.000010 0.114365 0.000010 0.000010 0.000010 0.007535
0.534584 0.065826 0.000010 0.327555 0.000010 0.000010 0.000010 0.071995
0.466760 0.000010 0.000010 0.288416 0.005351 0.000010 0.000010 0.239433
0.838570 0.000010 0.000010 0.000010 0.034513 0.000010 0.000010 0.126867
0.999930 0.000010 0.000010 0.000010 0.000010 0.000010 0.000010 0.000010
0.377502 0.084787 0.133656 0.349590 0.000010 0.000010 0.000010 0.054435
0.518799 0.000010 0.010865 0.343756 0.018364 0.000010 0.000010 0.108186
0.464724 0.000010 0.000010 0.425834 0.035173 0.000010 0.000010 0.074228
0.966495 0.000010 0.000010 0.000010 0.000010 0.000010 0.000010 0.033445
0.999930 0.000010 0.000010 0.000010 0.000010 0.000010 0.000010 0.000010
0.628263 0.000010 0.000010 0.352603 0.019084 0.000010 0.000010 0.000010
0.513054 0.006671 0.000010 0.365906 0.000010 0.000010 0.000010 0.114329
0.708208 0.126441 0.000010 0.000010 0.000010 0.000010 0.000010 0.165301
0.811775 0.000010 0.027912 0.000010 0.000010 0.000010 0.000010 0.160263
0.780264 0.000010 0.000010 0.066988 0.000010 0.000010 0.000010 0.152698
0.392887 0.000010 0.000010 0.551792 0.000010 0.000010 0.000010 0.055271
0.000010 0.000010 0.000010 0.000010 0.000010 0.000010 0.999930 0.000010
0.802111 0.000010 0.000010 0.137257 0.045894 0.000010 0.000010 0.014697
0.533257 0.000010 0.097352 0.344880 0.000010 0.000010 0.000010 0.024471
0.000010 0.000010 0.000010 0.999930 0.000010 0.000010 0.000010 0.000010
0.000010 0.000010 0.000010 0.000010 0.000010 0.000010 0.999930 0.000010
0.873566 0.003517 0.000010 0.122867 0.000010 0.000010 0.000010 0.000010
0.000010 0.000010 0.000010 0.000010 0.000010 0.000010 0.999930 0.000010
0.140867 0.000010 0.000010 0.859073 0.000010 0.000010 0.000010 0.000010
0.816987 0.000010 0.000010 0.182953 0.000010 0.000010 0.000010 0.000010
0.419990 0.000010 0.000010 0.579950 0.000010 0.000010 0.000010 0.000010
0.659854 0.020806 0.000010 0.306172 0.000010 0.000010 0.000010 0.013128
0.532878 0.000010 0.000010 0.396349 0.000010 0.000010 0.000010 0.070723
0.921327 0.078613 0.000010 0.000010 0.000010 0.000010 0.000010 0.000010
0.800227 0.000010 0.000010 0.106780 0.000010 0.000010 0.000010 0.092943
0.532231 0.100332 0.000010 0.170726 0.000010 0.000010 0.000010 0.196671
0.999930 0.000010 0.000010 0.000010 0.000010 0.000010 0.000010 0.000010
0.664690 0.215297 0.000010 0.119963 0.000010 0.000010 0.000010 0.000010
0.597161 0.000010 0.000010 0.402779 0.000010 0.000010 0.000010 0.000010
0.779877 0.000010 0.220061 0.000010 0.000012 0.000010 0.000010 0.000010
0.488915 0.000010 0.000010 0.511025 0.000010 0.000010 0.000010 0.000010
0.000010 0.183714 0.000010 0.000010 0.816226 0.000010 0.000010 0.000010
0.000010 0.564022 0.134112 0.000010 0.301816 0.000010 0.000010 0.000010
0.000010 0.336866 0.000010 0.000010 0.663074 0.000010 0.000010 0.000010
0.000010 0.647534 0.000010 0.000010 0.165517 0.000010 0.000010 0.186899
0.000010 0.622395 0.000010 0.000010 0.268059 0.000010 0.000010 0.109495
0.000010 0.851119 0.000010 0.057752 0.091078 0.000010 0.000010 0.000010
0.000010 0.595175 0.000010 0.063389 0.203960 0.000010 0.000010 0.137437
0.000010 0.662113 0.000010 0.051203 0.263180 0.000015 0.000010 0.023459
0.000010 0.849823 0.000010 0.093436 0.056691 0.000010 0.000010 0.000010
0.109077 0.628034 0.029180 0.000010 0.233669 0.000010 0.000010 0.000010
0.000010 0.999930 0.000010 0.000010 0.000010 0.000010 0.000010 0.000010
0.000010 0.374043 0.000010 0.113167 0.512741 0.000010 0.000010 0.000010
0.000010 0.000010 0.000010 0.000010 0.000010 0.000010 0.999930 0.000010
0.000010 0.815998 0.000010 0.000010 0.000010 0.000010 0.000010 0.183942
0.000010 0.638829 0.000010 0.101236 0.259884 0.000010 0.000010 0.000010
0.000010 0.723254 0.000010 0.000010 0.260848 0.000010 0.000010 0.015849
0.000010 0.811151 0.188789 0.000010 0.000010 0.000010 0.000010 0.000010
0.000010 0.805734 0.194206 0.000010 0.000010 0.000010 0.000010 0.000010
0.000010 0.626415 0.000010 0.000010 0.325948 0.000010 0.000010 0.047586
0.000010 0.896976 0.000010 0.102964 0.000010 0.000010 0.000010 0.000010
0.000010 0.999930 0.000010 0.000010 0.000010 0.000010 0.000010 0.000010
0.020390 0.979550 0.000010 0.000010 0.000010 0.000010 0.000010 0.000010
0.000010 0.999930 0.000010 0.000010 0.000010 0.000010 0.000010 0.000010
0.000010 0.906754 0.000010 0.043975 0.000010 0.000010 0.000010 0.049221
0.000010 0.701625 0.000010 0.000010 0.298315 0.000010 0.000010 0.000010
0.000010 0.613402 0.000010 0.000010 0.386538 0.000010 0.000010 0.000010
0.000010 0.926604 0.000010 0.000010 0.000010 0.000010 0.000010 0.073336
0.000010 0.865330 0.000010 0.000010 0.000010 0.000010 0.000010 0.134610
0.000010 0.669664 0.000010 0.000010 0.299566 0.000010 0.000010 0.030719
0.088130 0.556831 0.014964 0.000010 0.273846 0.000010 0.000010 0.066199
0.000010 0.670500 0.000010 0.079363 0.205586 0.000010 0.008817 0.035704
0.176245 0.492597 0.121476 0.000010 0.151862 0.000010 0.000010 0.057790
0.000010 0.692023 0.000010 0.005322 0.302604 0.000010 0.000010 0.000010
0.754877 0.000010 0.000010 0.239679 0.000010 0.000010 0.005394 0.000010
0.000010 0.625114 0.000010 0.000010 0.304804 0.000010 0.000010 0.070033
0.000010 0.908301 0.000010 0.000010 0.000010 0.000010 0.000010 0.091639
0.000010 0.664071 0.021580 0.000010 0.314299 0.000010 0.000010 0.000010
0.000010 0.960306 0.000019 0.000010 0.000010 0.000010 0.000010 0.039625
0.000010 0.999930 0.000010 0.000010 0.000010 0.000010 0.000010 0.000010
0.000010 0.637714 0.000010 0.000010 0.304665 0.000010 0.000010 0.057572
0.000010 0.915259 0.000010 0.084681 0.000010 0.000010 0.000010 0.000010
0.000010 0.652935 0.066641 0.046493 0.221426 0.000010 0.000010 0.012474
0.000010 0.815096 0.000010 0.000010 0.184844 0.000010 0.000010 0.000010
0.000010 0.999930 0.000010 0.000010 0.000010 0.000010 0.000010 0.000010
0.000010 0.755546 0.027848 0.017604 0.198962 0.000010 0.000010 0.000010
0.019442 0.980498 0.000010 0.000010 0.000010 0.000010 0.000010 0.000010
0.000010 0.918943 0.000010 0.000010 0.000010 0.000010 0.000010 0.080997
0.000010 0.819346 0.000010 0.075195 0.105409 0.000010 0.000010 0.000010
0.000010 0.850701 0.000010 0.090186 0.000010 0.000010 0.000010 0.059063
0.000010 0.691547 0.000010 0.000010 0.275115 0.000010 0.000010 0.033289
0.027872 0.972068 0.000010 0.000010 0.000010 0.000010 0.000010 0.000010
0.000010 0.082944 0.000010 0.133125 0.783880 0.000010 0.000010 0.000010
0.000010 0.853615 0.000010 0.000010 0.146325 0.000010 0.000010 0.000010
0.000010 0.936753 0.000010 0.063187 0.000010 0.000010 0.000010 0.000010
0.000010 0.999930 0.000010 0.000010 0.000010 0.000010 0.000010 0.000010
0.000010 0.732693 0.000010 0.000010 0.245677 0.000010 0.000010 0.021581
0.000010 0.595633 0.000010 0.000010 0.345444 0.000010 0.000010 0.058872
0.000010 0.923226 0.000010 0.076714 0.000010 0.000010 0.000010 0.000010
0.000010 0.999930 0.000010 0.000010 0.000010 0.000010 0.000010 0.000010
0.000010 0.959808 0.000010 0.000010 0.000010 0.000010 0.000010 0.040132
0.000010 0.629267 0.052798 0.000010 0.189949 0.127946 0.000010 0.000010
0.000010 0.948030 0.000010 0.000010 0.000010 0.000010 0.000010 0.051910
0.026911 0.733738 0.000010 0.000010 0.185862 0.000010 0.000010 0.053450
0.048927 0.533038 0.000010 0.000010 0.417985 0.000010 0.000010 0.000010
0.000010 0.676090 0.000010 0.111015 0.162629 0.000010 0.000010 0.050226
0.000010 0.917233 0.000010 0.082707 0.000010 0.000010 0.000010 0.000010
0.000010 0.000010 0.000010 0.000010 0.000010 0.000010 0.999930 0.000010
0.000010 0.994251 0.000010 0.005689 0.000010 0.000010 0.000010 0.000010
0.000010 0.999930 0.000010 0.000010 0.000010 0.000010 0.000010 0.000010
0.000010 0.882261 0.000010 0.000010 0.117679 0.000010 0.000010 0.000010
0.000010 0.829274 0.016022 0.000010 0.115149 0.000010 0.001526 0.037999
0.000010 0.538068 0.003489 0.119613 0.240229 0.050087 0.000010 0.048494
0.000010 0.781492 0.000010 0.000010 0.218448 0.000010 0.000010 0.000010
0.000010 0.699719 0.000010 0.000010 0.079532 0.000010 0.000010 0.220699
0.000010 0.000010 0.000010 0.000010 0.999930 0.000010 0.000010 0.000010
0.000010 0.000010 0.000010 0.000010 0.999930 0.000010 0.000010 0.000010
0.000010 0.645674 0.009518 0.000010 0.344758 0.000010 0.000010 0.000010
0.000010 0.788097 0.000010 0.031044 0.079045 0.000010 0.000010 0.101774
0.000010 0.792618 0.021961 0.000010 0.146635 0.000010 0.000010 0.038746
0.000010 0.468991 0.048850 0.067841 0.414278 0.000010 0.000010 0.000010
0.000010 0.423130 0.122880 0.000010 0.453941 0.000010 0.000010 0.000010
0.000010 0.800467 0.000010 0.000010 0.170850 0.000010 0.000010 0.028633
0.000010 0.000010 0.944106 0.000010 0.055834 0.000010 0.000010 0.000010
0.000010 0.066882 0.896688 0.000010 0.000010 0.000010 0.036379 0.000010
0.000010 0.000010 0.752067 0.191515 0.000010 0.000010 0.015408 0.040970
0.000010 0.000010 0.491418 0.466894 0.000010 0.000010 0.000010 0.041638
0.000010 0.000010 0.999930 0.000010 0.000010 0.000010 0.000010 0.000010
0.000010 0.000010 0.999930 0.000010 0.000010 0.000010 0.000010 0.000010
0.132839 0.000010 0.867101 0.000010 0.000010 0.000010 0.000010 0.000010
0.000010 0.000010 0.820978 0.000010 0.129505 0.000010 0.000010 0.049467
0.000010 0.000010 0.729171 0.000010 0.045280 0.000010 0.000010 0.225499
0.000010 0.045056 0.954884 0.000010 0.000010 0.000010 0.000010 0.000010
0.000010 0.000010 0.782437 0.193682 0.000010 0.000010 0.000010 0.023831
0.000010 0.056210 0.798696 0.105894 0.000010 0.000010 0.000010 0.039160
0.000010 0.103272 0.623560 0.095432 0.000010 0.000010 0.000010 0.177696
0.000010 0.000010 0.999930 0.000010 0.000010 0.000010 0.000010 0.000010
0.000010 0.000010 0.868386 0.094597 0.000010 0.000010 0.000010 0.036966
0.000010 0.000010 0.000010 0.000010 0.000010 0.000010 0.999930 0.000010
0.000639 0.218747 0.694390 0.043754 0.000010 0.000010 0.000010 0.042441
0.000010 0.000010 0.862385 0.000010 0.099405 0.000010 0.000010 0.038160
0.035643 0.304150 0.660157 0.000010 0.000010 0.000010 0.000010 0.000010
0.000010 0.000010 0.910296 0.000010 0.000010 0.000010 0.000010 0.089644
0.307358 0.218132 0.474460 0.000010 0.000010 0.000010 0.000010 0.000010
0.000010 0.000010 0.999930 0.000010 0.000010 0.000010 0.000010 0.000010
0.000010 0.000010 0.885564 0.017134 0.000010 0.000010 0.017973 0.079289
0.000010 0.086469 0.806445 0.107036 0.000010 0.000010 0.000010 0.000010
0.000010 0.000010 0.864672 0.135268 0.000010 0.000010 0.000010 0.000010
0.116443 0.000010 0.672751 0.000010 0.142492 0.000010 0.009676 0.058608
0.000010 0.000010 0.815074 0.000010 0.000010 0.000010 0.000010 0.184866
0.000010 0.000010 0.941094 0.000010 0.000010 0.000010 0.025564 0.033292
0.000010 0.000010 0.843069 0.072111 0.084770 0.000010 0.000010 0.000010
0.000010 0.000010 0.999930 0.000010 0.000010 0.000010 0.000010 0.000010
0.000010 0.000010 0.974855 0.000010 0.000010 0.000010 0.000010 0.025085
0.000010 0.000010 0.933720 0.000010 0.066220 0.000010 0.000010 0.000010
0.000010 0.000010 0.999930 0.000010 0.000010 0.000010 0.000010 0.000010
0.106251 0.000010 0.661307 0.148567 0.083835 0.000010 0.000010 0.000010
0.117904 0.000010 0.843677 0.000010 0.000010 0.000010 0.000010 0.038370
0.000010 0.000010 0.000010 0.000010 0.000010 0.000010 0.999930 0.000010
0.000010 0.000010 0.999930 0.000010 0.000010 0.000010 0.000010 0.000010
0.000010 0.000010 0.874688 0.000010 0.000010 0.000010 0.000010 0.125252
0.000018 0.000010 0.000010 0.000010 0.000010 0.000010 0.999922 0.000010
0.125456 0.000010 0.851503 0.000010 0.000010 0.000010 0.000010 0.022991
0.000010 0.000010 0.885331 0.000010 0.026150 0.000010 0.000010 0.088469
0.039860 0.100998 0.859092 0.000010 0.000010 0.000010 0.000010 0.000010
0.000010 0.000010 0.945017 0.000010 0.042412 0.000010 0.000010 0.012520
0.000010 0.000010 0.871390 0.128550 0.000010 0.000010 0.000010 0.000010
0.058345 0.000010 0.887683 0.053923 0.000010 0.000010 0.000010 0.000010
0.000010 0.000010 0.886753 0.113187 0.000010 0.000010 0.000010 0.000010
0.000010 0.000010 0.000010 0.000010 0.000010 0.000010 0.999930 0.000010
0.000010 0.000010 0.999930 0.000010 0.000010 0.000010 0.000010 0.000010
0.000010 0.000010 0.999930 0.000010 0.000010 0.000010 0.000010 0.000010
0.000010 0.000010 0.930888 0.000010 0.000010 0.000010 0.000010 0.069052
0.000010 0.000010 0.899706 0.000010 0.000010 0.000010 0.000010 0.100234
0.000010 0.025737 0.917921 0.000010 0.000010 0.000010 0.000010 0.056291
0.000010 0.848036 0.000010 0.151904 0.000010 0.000010 0.000010 0.000010
