0.000010 0.689217 0.310733 0.000010 0.000010 0.000010 0.000010
0.078198 0.818286 0.103477 0.000010 0.000010 0.000010 0.000010
0.000010 0.999940 0.000010 0.000010 0.000010 0.000010 0.000010
0.000010 0.999940 0.000010 0.000010 0.000010 0.000010 0.000010
0.081723 0.918227 0.000010 0.000010 0.000010 0.000010 0.000010
0.173681 0.826269 0.000010 0.000010 0.000010 0.000010 0.000010
0.000010 0.905122 0.000010 0.000010 0.000010 0.000010 0.094828
0.018290 0.866244 0.115426 0.000010 0.000010 0.000010 0.000010
0.000010 0.946019 0.000010 0.000010 0.000010 0.000010 0.053931
0.000010 0.553352 0.000010 0.000010 0.000010 0.446598 0.000010
0.000010 0.902704 0.000010 0.000010 0.000010 0.097246 0.000010
0.000010 0.833987 0.074356 0.000010 0.000010 0.000010 0.091618
0.000010 0.977160 0.022790 0.000010 0.000010 0.000010 0.000010
0.000010 0.999940 0.000010 0.000010 0.000010 0.000010 0.000010
0.048568 0.951382 0.000010 0.000010 0.000010 0.000010 0.000010
0.046124 0.905081 0.000010 0.000010 0.000010 0.000010 0.048755
0.000010 0.999940 0.000010 0.000010 0.000010 0.000010 0.000010
0.054260 0.638804 0.306896 0.000010 0.000010 0.000010 0.000010
0.000010 0.885525 0.000010 0.000010 0.000010 0.000010 0.114425
0.000010 0.999940 0.000010 0.000010 0.000010 0.000010 0.000010
0.000010 0.752971 0.217171 0.000010 0.000010 0.000010 0.029819
0.000010 0.944238 0.000010 0.000010 0.000010 0.000010 0.055712
0.000010 0.995297 0.000010 0.004653 0.000010 0.000010 0.000010
0.077892 0.922058 0.000010 0.000010 0.000010 0.000010 0.000010
0.000010 0.936447 0.000010 0.000010 0.000010 0.000010 0.063503
0.000010 0.865041 0.134909 0.000010 0.000010 0.000010 0.000010
0.000010 0.757299 0.225657 0.001658 0.000010 0.000010 0.015356
0.481258 0.000010 0.133447 0.000010 0.000010 0.000010 0.385255
0.000010 0.758936 0.000010 0.038241 0.000010 0.105431 0.097363
0.000010 0.879338 0.047946 0.000010 0.000010 0.000010 0.072676
0.000010 0.999940 0.000010 0.000010 0.000010 0.000010 0.000010
0.000010 0.281459 0.210617 0.001353 0.000010 0.201037 0.305514
0.000010 0.761891 0.000010 0.000010 0.000010 0.094449 0.143620
0.000010 0.999940 0.000010 0.000010 0.000010 0.000010 0.000010
0.000010 0.000010 0.000010 0.000010 0.000010 0.999940 0.000010
0.000010 0.000010 0.000010 0.000010 0.000010 0.880746 0.119204
0.130942 0.672787 0.134333 0.000010 0.000010 0.061908 0.000010
0.000010 0.999940 0.000010 0.000010 0.000010 0.000010 0.000010
0.145488 0.683555 0.000010 0.000010 0.000010 0.170917 0.000010
0.000010 0.719939 0.254368 0.000010 0.000010 0.000010 0.025653
0.000010 0.793999 0.160198 0.014726 0.000010 0.000010 0.031046
0.000010 0.599202 0.273274 0.010529 0.000010 0.116966 0.000010
0.147671 0.852279 0.000010 0.000010 0.000010 0.000010 0.000010
0.067974 0.564863 0.141035 0.000010 0.000010 0.226099 0.000010
0.000010 0.000010 0.000010 0.000010 0.999940 0.000010 0.000010
0.000010 0.598414 0.000010 0.000010 0.000010 0.190581 0.210965
0.000010 0.599378 0.144641 0.000010 0.000010 0.000010 0.255941
0.000010 0.404973 0.317533 0.000010 0.000010 0.090578 0.186886
0.000010 0.517485 0.375150 0.000010 0.002838 0.086135 0.018371
0.000010 0.000010 0.000010 0.000010 0.999940 0.000010 0.000010
0.000010 0.842546 0.018267 0.000010 0.000010 0.139147 0.000010
0.000010 0.499840 0.402104 0.000010 0.007205 0.000010 0.090821
0.000010 0.000010 0.000010 0.000010 0.999940 0.000010 0.000010
0.015723 0.757710 0.069963 0.000010 0.000010 0.156574 0.000010
0.000010 0.000010 0.000010 0.000010 0.999940 0.000010 0.000010
0.000010 0.000010 0.000010 0.000010 0.999940 0.000010 0.000010
0.000010 0.648434 0.165314 0.000010 0.000010 0.000010 0.186212
0.000010 0.000010 0.000010 0.000010 0.999940 0.000010 0.000010
0.000010 0.000010 0.000010 0.000010 0.000010 0.999940 0.000010
0.000010 0.000010 0.000010 0.000010 0.999940 0.000010 0.000010
0.000010 0.000010 0.000010 0.000010 0.000010 0.999940 0.000010
0.040443 0.515682 0.247817 0.000010 0.000010 0.196028 0.000010
0.000010 0.851356 0.000010 0.000010 0.011659 0.000010 0.136944
0.018135 0.846373 0.135452 0.000010 0.000010 0.000010 0.000010
0.000010 0.694678 0.305272 0.000010 0.000010 0.000010 0.000010
0.254424 0.000010 0.000010 0.000010 0.000010 0.000010 0.745526
0.236685 0.000010 0.000010 0.000010 0.000010 0.000010 0.763265
0.450551 0.000010 0.000010 0.000010 0.000010 0.000010 0.549399
0.578115 0.000010 0.111922 0.000010 0.000010 0.000010 0.309923
0.000010 0.000010 0.000010 0.000010 0.000010 0.000010 0.999940
0.318942 0.000010 0.000010 0.000014 0.000010 0.000010 0.681005
0.790171 0.000010 0.000010 0.000016 0.000010 0.000010 0.209773
0.000010 0.000010 0.000010 0.000010 0.000010 0.000010 0.999940
0.000010 0.000010 0.000010 0.999940 0.000010 0.000010 0.000010
0.732454 0.000010 0.046860 0.000010 0.000010 0.000010 0.220645
0.648694 0.032777 0.132821 0.000010 0.000010 0.000010 0.185678
0.386719 0.000010 0.000010 0.000010 0.000010 0.000010 0.613231
0.281287 0.000010 0.055713 0.000010 0.000010 0.000010 0.662960
0.000010 0.000010 0.000010 0.000010 0.000010 0.000010 0.999940
0.000010 0.000010 0.000010 0.000010 0.000010 0.000010 0.999940
0.000010 0.000010 0.000010 0.000010 0.000010 0.000010 0.999940
0.093239 0.777423 0.129298 0.000010 0.000010 0.000010 0.000010
0.726971 0.000010 0.134993 0.000010 0.000010 0.000010 0.137996
0.000010 0.000011 0.000010 0.999939 0.000010 0.000010 0.000010
0.000010 0.000010 0.000010 0.000010 0.000010 0.000010 0.999940
0.003159 0.000010 0.000010 0.000010 0.000010 0.000010 0.996791
0.000010 0.000010 0.000010 0.000010 0.000010 0.000010 0.999940
0.000010 0.000010 0.000010 0.000010 0.000010 0.000010 0.999940
0.999940 0.000010 0.000010 0.000010 0.000010 0.000010 0.000010
0.000010 0.000010 0.000010 0.999940 0.000010 0.000010 0.000010
0.000010 0.000010 0.000010 0.000010 0.000010 0.000010 0.999940
0.296362 0.000010 0.055852 0.000010 0.000010 0.000010 0.647746
0.000010 0.000010 0.000010 0.999940 0.000010 0.000010 0.000010
0.103702 0.045868 0.000010 0.000010 0.000010 0.000010 0.850389
0.000010 0.000010 0.000010 0.999940 0.000010 0.000010 0.000010
0.000010 0.000010 0.000010 0.999940 0.000010 0.000010 0.000010
0.000010 0.000010 0.000010 0.999940 0.000010 0.000010 0.000010
0.458906 0.000010 0.058717 0.000010 0.000010 0.000010 0.482337
0.093466 0.000010 0.059649 0.000010 0.001350 0.000010 0.845506
0.086580 0.137426 0.775954 0.000010 0.000010 0.000010 0.000010
0.149561 0.000010 0.824428 0.025971 0.000010 0.000010 0.000010
0.139863 0.078377 0.781720 0.000010 0.000010 0.000010 0.000010
0.049081 0.000010 0.950869 0.000010 0.000010 0.000010 0.000010
0.015343 0.000010 0.788570 0.000010 0.000607 0.000010 0.195450
0.117382 0.098159 0.784418 0.000010 0.000010 0.000010 0.000010
0.483463 0.000010 0.000010 0.000010 0.000010 0.000010 0.516487
0.000010 0.000010 0.000010 0.999940 0.000010 0.000010 0.000010
0.302104 0.000010 0.000010 0.000010 0.000010 0.000010 0.697846
0.000010 0.000010 0.000010 0.000010 0.000010 0.000010 0.999940
0.999940 0.000010 0.000010 0.000010 0.000010 0.000010 0.000010
0.000010 0.000010 0.000010 0.999940 0.000010 0.000010 0.000010
0.526119 0.000010 0.000010 0.000010 0.000010 0.000010 0.473831
0.999940 0.000010 0.000010 0.000010 0.000010 0.000010 0.000010
0.408598 0.109749 0.086842 0.000010 0.000010 0.000010 0.394781
0.991728 0.000010 0.000010 0.008222 0.000010 0.000010 0.000010
0.957445 0.000010 0.042505 0.000010 0.000010 0.000010 0.000010
0.407408 0.000010 0.000010 0.000010 0.000010 0.000010 0.592542
0.332669 0.000010 0.000010 0.000010 0.000010 0.000010 0.667281
0.718467 0.020793 0.000010 0.000010 0.000010 0.000010 0.260701
0.515615 0.139977 0.000010 0.000010 0.000010 0.000010 0.344368
0.000010 0.000010 0.000010 0.999940 0.000010 0.000010 0.000010
0.000010 0.000010 0.000010 0.000010 0.000010 0.000010 0.999940
0.472593 0.000010 0.092024 0.000010 0.000010 0.000010 0.435344
0.000010 0.000010 0.000010 0.000010 0.000010 0.000010 0.999940
0.000010 0.000010 0.000010 0.000010 0.000010 0.000010 0.999940
0.749102 0.000010 0.000010 0.000010 0.000010 0.000010 0.250848
0.332057 0.000010 0.000010 0.000010 0.000010 0.000010 0.667893
0.999940 0.000010 0.000010 0.000010 0.000010 0.000010 0.000010
0.257344 0.000010 0.000010 0.000010 0.000010 0.000010 0.742606
0.743213 0.000010 0.000010 0.000010 0.000010 0.000010 0.256737
0.999940 0.000010 0.000010 0.000010 0.000010 0.000010 0.000010
0.466246 0.047087 0.000010 0.000010 0.000010 0.000010 0.486627
0.347202 0.060956 0.000010 0.000010 0.000010 0.000010 0.591802
0.000010 0.000010 0.000010 0.000010 0.000010 0.000010 0.999940
0.455753 0.000010 0.000010 0.000010 0.000010 0.000010 0.544197
0.114801 0.043922 0.025557 0.014921 0.000010 0.000010 0.800779
0.552388 0.000010 0.000010 0.000010 0.000010 0.000010 0.447562
0.000010 0.000010 0.000010 0.000010 0.000010 0.000010 0.999940
0.117531 0.040046 0.000010 0.000010 0.000010 0.000010 0.842383
0.415259 0.082024 0.000010 0.000010 0.000010 0.000010 0.502678
0.000010 0.000010 0.000010 0.000010 0.000010 0.000010 0.999940
0.000010 0.000010 0.000010 0.999940 0.000010 0.000010 0.000010
0.000010 0.000010 0.000010 0.999940 0.000010 0.000010 0.000010
0.472280 0.000010 0.000010 0.000010 0.000010 0.000010 0.527670
0.000010 0.000010 0.000010 0.999940 0.000010 0.000010 0.000010
0.736478 0.000010 0.000010 0.000010 0.000010 0.000010 0.263472
0.615748 0.000010 0.000010 0.000010 0.000010 0.000010 0.384202
0.000010 0.000010 0.000010 0.999940 0.000010 0.000010 0.000010
0.000010 0.000010 0.000010 0.999940 0.000010 0.000010 0.000010
0.728648 0.000010 0.000010 0.000010 0.000010 0.000010 0.271302
0.000010 0.000019 0.000010 0.999931 0.000010 0.000010 0.000010
0.000010 0.000010 0.000010 0.999940 0.000010 0.000010 0.000010
0.000010 0.000010 0.000010 0.999940 0.000010 0.000010 0.000010
0.082506 0.917444 0.000010 0.000010 0.000010 0.000010 0.000010
0.000010 0.769493 0.000010 0.000010 0.000010 0.000010 0.230457
0.000010 0.987812 0.000010 0.000010 0.000010 0.000010 0.012138
0.000010 0.861283 0.000010 0.000010 0.000010 0.000010 0.138667
0.000010 0.000010 0.000010 0.000010 0.999940 0.000010 0.000010
0.529318 0.000010 0.000010 0.000010 0.000010 0.000010 0.470632
0.000010 0.999940 0.000010 0.000010 0.000010 0.000010 0.000010
0.000010 0.989248 0.000010 0.000010 0.010702 0.000010 0.000010
0.000010 0.861382 0.138568 0.000010 0.000010 0.000010 0.000010
0.000010 0.970994 0.000010 0.028956 0.000010 0.000010 0.000010
0.127010 0.849679 0.000010 0.023271 0.000010 0.000010 0.000010
0.000010 0.999940 0.000010 0.000010 0.000010 0.000010 0.000010
0.080688 0.919262 0.000010 0.000010 0.000010 0.000010 0.000010
0.000010 0.999940 0.000010 0.000010 0.000010 0.000010 0.000010
0.000010 0.964885 0.016811 0.000010 0.000010 0.000010 0.018264
0.000010 0.983327 0.000010 0.000010 0.016623 0.000010 0.000010
0.062705 0.934321 0.000010 0.000010 0.002934 0.000010 0.000010
0.000010 0.758353 0.226463 0.015144 0.000010 0.000010 0.000010
0.000010 0.999940 0.000010 0.000010 0.000010 0.000010 0.000010
0.000010 0.999940 0.000010 0.000010 0.000010 0.000010 0.000010
0.000010 0.999940 0.000010 0.000010 0.000010 0.000010 0.000010
0.037866 0.854246 0.023550 0.000010 0.000010 0.000010 0.084307
0.000010 0.861836 0.000010 0.000010 0.000010 0.000010 0.138114
0.134236 0.749791 0.115932 0.000010 0.000010 0.000010 0.000010
0.000010 0.999940 0.000010 0.000010 0.000010 0.000010 0.000010
0.000010 0.988818 0.000010 0.000010 0.011132 0.000010 0.000010
0.000010 0.993284 0.000010 0.000010 0.006666 0.000010 0.000010
0.000010 0.000010 0.000010 0.000010 0.999940 0.000010 0.000010
0.000010 0.827323 0.000010 0.000010 0.023172 0.000010 0.149464
0.000010 0.762177 0.051953 0.010327 0.000010 0.000010 0.175513
0.000010 0.963807 0.021247 0.000010 0.000010 0.000010 0.014907
0.000010 0.000010 0.000010 0.000010 0.999940 0.000010 0.000010
0.000010 0.963563 0.000010 0.000010 0.000010 0.000010 0.036387
0.000010 0.000010 0.000010 0.005065 0.994885 0.000010 0.000010
0.000010 0.818234 0.106551 0.000010 0.000010 0.000010 0.075175
0.022579 0.976430 0.000010 0.000010 0.000951 0.000010 0.000010
0.000010 0.882612 0.034446 0.000010 0.000010 0.000010 0.082902
0.000010 0.999940 0.000010 0.000010 0.000010 0.000010 0.000010
0.000010 0.915408 0.084542 0.000010 0.000010 0.000010 0.000010
0.102928 0.897022 0.000010 0.000010 0.000010 0.000010 0.000010
0.000010 0.999940 0.000010 0.000010 0.000010 0.000010 0.000010
0.000010 0.938324 0.000010 0.029525 0.000010 0.000010 0.032111
0.000010 0.988374 0.000010 0.000010 0.011576 0.000010 0.000010
0.152453 0.784984 0.062523 0.000010 0.000010 0.000010 0.000010
0.017028 0.982922 0.000010 0.000010 0.000010 0.000010 0.000010
0.035903 0.456443 0.445464 0.000010 0.025799 0.028154 0.008226
0.000010 0.879463 0.120487 0.000010 0.000010 0.000010 0.000010
0.257833 0.000010 0.000010 0.000010 0.000010 0.000010 0.742117
0.194587 0.000010 0.070255 0.000010 0.000010 0.000010 0.735118
0.222380 0.000010 0.000010 0.000010 0.000010 0.000010 0.777570
0.616970 0.000010 0.000010 0.004661 0.000010 0.000010 0.378330
0.863232 0.000010 0.000010 0.000010 0.000010 0.000010 0.136718
0.358641 0.112141 0.000010 0.000010 0.000010 0.000010 0.529178
0.531270 0.000010 0.139473 0.000010 0.000010 0.000010 0.329217
0.336134 0.048699 0.005823 0.000010 0.000010 0.000010 0.609313
0.604489 0.000010 0.000010 0.000010 0.000010 0.000010 0.395461
0.072059 0.000010 0.092602 0.000010 0.000010 0.000010 0.835299
0.620684 0.000010 0.000010 0.000010 0.000010 0.000010 0.379266
0.305174 0.000010 0.054282 0.000010 0.000010 0.000010 0.640504
0.000010 0.000010 0.000010 0.000010 0.999940 0.000010 0.000010
0.485847 0.000010 0.000010 0.000010 0.000010 0.000010 0.514103
0.380731 0.066838 0.000010 0.000010 0.000010 0.000010 0.552392
0.000010 0.000010 0.000010 0.000010 0.000010 0.000010 0.999940
0.304330 0.000010 0.000010 0.000010 0.000010 0.000010 0.695620
0.626995 0.000010 0.069469 0.000010 0.000010 0.000010 0.303496
0.683125 0.000010 0.000010 0.000010 0.000010 0.000010 0.316825
0.000010 0.000010 0.000010 0.000010 0.000010 0.000010 0.999940
0.999940 0.000010 0.000010 0.000010 0.000010 0.000010 0.000010
0.696794 0.036607 0.000010 0.000010 0.000010 0.000010 0.266559
0.843612 0.000010 0.000010 0.000010 0.000010 0.000010 0.156338
0.999940 0.000010 0.000010 0.000010 0.000010 0.000010 0.000010
0.343248 0.000010 0.000010 0.000010 0.000010 0.000010 0.656702
0.215636 0.000010 0.000010 0.000010 0.000010 0.000010 0.784314
0.999940 0.000010 0.000010 0.000010 0.000010 0.000010 0.000010
0.606221 0.065147 0.000010 0.003261 0.000010 0.000010 0.325341
0.999940 0.000010 0.000010 0.000010 0.000010 0.000010 0.000010
0.928494 0.071456 0.000010 0.000010 0.000010 0.000010 0.000010
0.299340 0.067634 0.000010 0.000010 0.007408 0.000010 0.625587
0.693070 0.000010 0.094860 0.000010 0.000010 0.000010 0.212029
0.499665 0.000010 0.000010 0.000010 0.000010 0.000010 0.500285
0.000010 0.999940 0.000010 0.000010 0.000010 0.000010 0.000010
0.407710 0.000010 0.000010 0.000010 0.000010 0.000010 0.592240
0.327452 0.000010 0.067454 0.000010 0.000010 0.000010 0.605053
0.000010 0.000011 0.000010 0.000010 0.000010 0.000010 0.999939
0.000010 0.000010 0.000010 0.000010 0.000010 0.000010 0.999940
0.268236 0.000010 0.000010 0.000010 0.000010 0.000010 0.731714
0.465103 0.000010 0.000010 0.000010 0.000010 0.000010 0.534847
0.670072 0.030108 0.000010 0.000010 0.000010 0.000010 0.299780
0.134440 0.039834 0.153430 0.000010 0.000010 0.000010 0.672266
0.416684 0.000010 0.000010 0.000010 0.000010 0.000010 0.583266
0.490906 0.000010 0.000010 0.000010 0.000010 0.000010 0.509044
0.954492 0.000010 0.045458 0.000010 0.000010 0.000010 0.000010
0.545390 0.000010 0.081410 0.000010 0.000010 0.000010 0.373159
0.000010 0.000010 0.000010 0.000010 0.000010 0.000010 0.999940
0.999940 0.000010 0.000010 0.000010 0.000010 0.000010 0.000010
0.533674 0.098768 0.000010 0.000010 0.000010 0.000010 0.367518
0.109399 0.000010 0.000010 0.000010 0.007094 0.000010 0.883466
0.762348 0.000010 0.000010 0.000010 0.000010 0.000010 0.237601
0.180792 0.191815 0.041548 0.000010 0.000010 0.000010 0.585815
0.640284 0.000010 0.000010 0.000010 0.000010 0.000010 0.359666
0.128984 0.038053 0.109278 0.000010 0.000010 0.000010 0.723655
0.662337 0.000010 0.000010 0.000010 0.000010 0.000010 0.337613
0.595665 0.000010 0.000010 0.000010 0.000010 0.000010 0.404285
0.240815 0.000010 0.000010 0.000010 0.000010 0.000010 0.759135
0.525011 0.000010 0.000010 0.000010 0.000010 0.000010 0.474939
0.656356 0.000010 0.000010 0.000010 0.000010 0.000010 0.343594
0.999940 0.000010 0.000010 0.000010 0.000010 0.000010 0.000010
0.000010 0.000010 0.000010 0.000010 0.000010 0.000010 0.999940
0.999940 0.000010 0.000010 0.000010 0.000010 0.000010 0.000010
0.533895 0.000010 0.016022 0.000010 0.000010 0.000010 0.450043
0.735979 0.000010 0.000010 0.000010 0.000010 0.000010 0.263971
0.367299 0.002804 0.000010 0.000010 0.000010 0.000010 0.629857
0.740185 0.000010 0.000010 0.000010 0.000010 0.000010 0.259765
0.000010 0.000010 0.000010 0.999940 0.000010 0.000010 0.000010
0.000010 0.000010 0.000010 0.000010 0.000010 0.000010 0.999940
0.636381 0.000010 0.000010 0.000010 0.000010 0.000010 0.363569
0.191829 0.000010 0.000010 0.000010 0.000010 0.000010 0.808121
0.397165 0.000010 0.136895 0.000010 0.015842 0.000010 0.450069
0.000010 0.000010 0.000010 0.000010 0.011711 0.000010 0.988239
0.340399 0.000010 0.008801 0.000010 0.000010 0.000010 0.650760
0.478385 0.000010 0.000010 0.000010 0.000010 0.000010 0.521565
0.000010 0.000010 0.000010 0.000010 0.000010 0.000010 0.999940
0.000010 0.000010 0.000010 0.000010 0.000010 0.000010 0.999940
0.979048 0.000010 0.000010 0.000010 0.020902 0.000010 0.000010
0.296161 0.000010 0.000010 0.000010 0.021690 0.000010 0.682109
0.447298 0.000010 0.077389 0.000960 0.000010 0.000010 0.474323
0.365259 0.000010 0.000016 0.000010 0.000010 0.000010 0.634685
0.310063 0.000010 0.000010 0.000010 0.000010 0.000010 0.689887
0.198158 0.000010 0.000010 0.000010 0.000010 0.000010 0.801792
0.000010 0.000010 0.999940 0.000010 0.000010 0.000010 0.000010
0.023858 0.000010 0.965631 0.010472 0.000010 0.000010 0.000010
0.000010 0.000010 0.999940 0.000010 0.000010 0.000010 0.000010
0.338584 0.049434 0.611941 0.000010 0.000010 0.000010 0.000010
0.000010 0.000010 0.998048 0.001902 0.000010 0.000010 0.000010
0.000010 0.000010 0.999940 0.000010 0.000010 0.000010 0.000010
0.000010 0.000010 0.931248 0.000010 0.000010 0.000010 0.068702
0.000010 0.000010 0.833074 0.000010 0.000010 0.000010 0.166876
0.000010 0.181815 0.818135 0.000010 0.000010 0.000010 0.000010
0.150658 0.000010 0.849292 0.000010 0.000010 0.000010 0.000010
0.000010 0.000010 0.999940 0.000010 0.000010 0.000010 0.000010
0.000010 0.000010 0.974609 0.000010 0.000010 0.000010 0.025341
0.048098 0.123555 0.828307 0.000010 0.000010 0.000010 0.000010
0.000010 0.000010 0.999940 0.000010 0.000010 0.000010 0.000010
0.000010 0.000010 0.999940 0.000010 0.000010 0.000010 0.000010
0.000010 0.000010 0.000010 0.000010 0.999940 0.000010 0.000010
0.000013 0.000010 0.999937 0.000010 0.000010 0.000010 0.000010
0.189302 0.000010 0.810648 0.000010 0.000010 0.000010 0.000010
0.148367 0.000010 0.851583 0.000010 0.000010 0.000010 0.000010
0.112532 0.000010 0.887418 0.000010 0.000010 0.000010 0.000010
0.173777 0.378701 0.447482 0.000010 0.000010 0.000010 0.000010
0.000010 0.069145 0.930805 0.000010 0.000010 0.000010 0.000010
0.000010 0.000010 0.882121 0.000010 0.000010 0.000010 0.117829
0.113939 0.000010 0.886011 0.000010 0.000010 0.000010 0.000010
0.000010 0.000010 0.999940 0.000010 0.000010 0.000010 0.000010
0.015213 0.000010 0.905186 0.000010 0.000010 0.000010 0.079561
0.000010 0.000010 0.999940 0.000010 0.000010 0.000010 0.000010
0.000010 0.000010 0.956251 0.000010 0.018657 0.000010 0.025052
0.000010 0.000010 0.999940 0.000010 0.000010 0.000010 0.000010
0.000010 0.000010 0.999940 0.000010 0.000010 0.000010 0.000010
0.000010 0.000010 0.999940 0.000010 0.000010 0.000010 0.000010
0.000010 0.000010 0.999940 0.000010 0.000010 0.000010 0.000010
0.000010 0.000010 0.905164 0.000010 0.000010 0.000010 0.094786
0.000010 0.058792 0.846230 0.000010 0.000010 0.000010 0.094938
0.101450 0.024393 0.793488 0.000010 0.000010 0.000010 0.080639
0.000010 0.000010 0.000010 0.084490 0.915460 0.000010 0.000010
0.000010 0.000010 0.999940 0.000010 0.000010 0.000010 0.000010
0.000010 0.000010 0.999931 0.000010 0.000019 0.000010 0.000010
0.000010 0.000010 0.000010 0.000010 0.999940 0.000010 0.000010
0.036905 0.160491 0.802564 0.000010 0.000010 0.000010 0.000010
0.109807 0.000010 0.890143 0.000010 0.000010 0.000010 0.000010
0.205749 0.000010 0.756378 0.000010 0.000010 0.000010 0.037834
0.000010 0.081155 0.918795 0.000010 0.000010 0.000010 0.000010
0.000010 0.000010 0.999940 0.000010 0.000010 0.000010 0.000010
0.066599 0.166089 0.757656 0.009326 0.000010 0.000010 0.000310
0.000010 0.000010 0.999940 0.000010 0.000010 0.000010 0.000010
0.000010 0.000010 0.000010 0.399315 0.600635 0.000010 0.000010
0.000010 0.000010 0.999940 0.000010 0.000010 0.000010 0.000010
0.098005 0.000010 0.901945 0.000010 0.000010 0.000010 0.000010
0.000010 0.000010 0.999940 0.000010 0.000010 0.000010 0.000010
0.000010 0.000010 0.999940 0.000010 0.000010 0.000010 0.000010
0.000010 0.000010 0.999940 0.000010 0.000010 0.000010 0.000010
0.999940 0.000010 0.000010 0.000010 0.000010 0.000010 0.000010
