0.121039 0.658418 0.220503 0.000010 0.000010 0.000010 0.000010
0.000010 0.999940 0.000010 0.000010 0.000010 0.000010 0.000010
0.000010 0.948935 0.051015 0.000010 0.000010 0.000010 0.000010
0.000010 0.999940 0.000010 0.000010 0.000010 0.000010 0.000010
0.135856 0.864094 0.000010 0.000010 0.000010 0.000010 0.000010
0.163765 0.828477 0.007718 0.000010 0.000010 0.000010 0.000010
0.000010 0.999940 0.000010 0.000010 0.000010 0.000010 0.000010
0.000010 0.911978 0.000010 0.037313 0.000010 0.000010 0.050668
0.000010 0.999313 0.000010 0.000010 0.000637 0.000010 0.000010
0.000010 0.000010 0.000010 0.000010 0.000010 0.999940 0.000010
0.000010 0.000010 0.000010 0.000010 0.000010 0.999940 0.000010
0.000010 0.775418 0.224532 0.000010 0.000010 0.000010 0.000010
0.098720 0.747403 0.153828 0.000010 0.000010 0.000020 0.000010
0.000010 0.999940 0.000010 0.000010 0.000010 0.000010 0.000010
0.000010 0.999940 0.000010 0.000010 0.000010 0.000010 0.000010
0.050040 0.792852 0.157069 0.000010 0.000010 0.000010 0.000010
0.000010 0.999940 0.000010 0.000010 0.000010 0.000010 0.000010
0.076345 0.679415 0.244201 0.000010 0.000010 0.000010 0.000010
0.000010 0.710404 0.289546 0.000010 0.000010 0.000010 0.000010
0.000010 0.981394 0.000010 0.000010 0.018556 0.000010 0.000010
0.000010 0.997635 0.002315 0.000010 0.000010 0.000010 0.000010
0.034890 0.965060 0.000010 0.000010 0.000010 0.000010 0.000010
0.000010 0.999940 0.000010 0.000010 0.000010 0.000010 0.000010
0.000010 0.954727 0.045223 0.000010 0.000010 0.000010 0.000010
0.000010 0.999940 0.000010 0.000010 0.000010 0.000010 0.000010
0.000010 0.999940 0.000010 0.000010 0.000010 0.000010 0.000010
0.000010 0.673447 0.234666 0.000010 0.000010 0.000010 0.091847
0.193047 0.012921 0.131819 0.001676 0.000010 0.000010 0.660517
0.130071 0.661351 0.000010 0.017402 0.000010 0.191147 0.000010
0.000010 0.682127 0.116432 0.000010 0.000010 0.132276 0.069135
0.000010 0.000010 0.000010 0.000010 0.000010 0.999940 0.000010
0.102806 0.511348 0.157491 0.023830 0.000010 0.204504 0.000010
0.000010 0.859100 0.140850 0.000010 0.000010 0.000010 0.000010
0.000010 0.000010 0.000010 0.000010 0.000010 0.999940 0.000010
0.000010 0.000010 0.000010 0.000010 0.000010 0.999940 0.000010
0.000010 0.000010 0.000010 0.000010 0.000010 0.999940 0.000010
0.090593 0.701345 0.000010 0.000010 0.000010 0.208023 0.000010
0.000010 0.000010 0.000010 0.000010 0.000010 0.999940 0.000010
0.043561 0.683858 0.000010 0.000010 0.000010 0.272542 0.000010
0.000010 0.877154 0.000010 0.000010 0.000010 0.041051 0.081756
0.000010 0.890538 0.000010 0.000010 0.000010 0.000010 0.109412
0.102720 0.714653 0.000010 0.000010 0.000010 0.182587 0.000010
0.201217 0.389851 0.106069 0.000010 0.000010 0.302832 0.000010
0.116664 0.504605 0.112740 0.000010 0.000010 0.265962 0.000010
0.000010 0.000010 0.000010 0.000010 0.999940 0.000010 0.000010
0.000010 0.576953 0.000010 0.000010 0.016362 0.216610 0.190045
0.290654 0.415179 0.188323 0.000010 0.000010 0.105815 0.000010
0.000010 0.484003 0.251542 0.000010 0.000010 0.130503 0.133922
0.000010 0.615776 0.000010 0.000010 0.000010 0.384174 0.000010
0.000010 0.000010 0.000010 0.000010 0.999940 0.000010 0.000010
0.074866 0.753665 0.000010 0.000010 0.000010 0.171429 0.000010
0.055554 0.944396 0.000010 0.000010 0.000010 0.000010 0.000010
0.000010 0.000010 0.000010 0.000010 0.999940 0.000010 0.000010
0.113023 0.644809 0.000010 0.033600 0.000010 0.208538 0.000010
0.000010 0.000010 0.000010 0.000010 0.999940 0.000010 0.000010
0.000010 0.000010 0.000010 0.000010 0.999940 0.000010 0.000010
0.000010 0.628079 0.216201 0.000010 0.000010 0.000010 0.155680
0.000010 0.000010 0.000010 0.000010 0.999940 0.000010 0.000010
0.000010 0.000010 0.000010 0.000010 0.000010 0.999940 0.000010
0.000010 0.000010 0.000010 0.000010 0.999940 0.000010 0.000010
0.000010 0.000010 0.083030 0.000010 0.000010 0.916920 0.000010
0.279517 0.188151 0.160958 0.000010 0.000010 0.371344 0.000010
0.076288 0.828608 0.095063 0.000010 0.000010 0.000010 0.000010
0.400081 0.302339 0.000010 0.005163 0.000010 0.230513 0.061884
0.000010 0.435166 0.252714 0.000010 0.000010 0.312081 0.000010
0.000010 0.055063 0.000010 0.000010 0.000010 0.000010 0.944887
0.390355 0.000010 0.000010 0.024063 0.000010 0.000010 0.585542
0.000010 0.000010 0.000010 0.000010 0.000010 0.000010 0.999940
0.000010 0.000010 0.146370 0.000010 0.000010 0.000010 0.853580
0.278158 0.000010 0.000010 0.000010 0.000010 0.000010 0.721792
0.268357 0.000010 0.181442 0.000010 0.000010 0.000010 0.550161
0.487984 0.000010 0.000010 0.000010 0.000010 0.000010 0.511966
0.316032 0.000010 0.000010 0.000010 0.000010 0.000010 0.683918
0.000018 0.000010 0.000010 0.814857 0.185085 0.000010 0.000010
0.629331 0.000010 0.000010 0.000010 0.000645 0.000010 0.369984
0.210762 0.000010 0.196812 0.000010 0.000010 0.000010 0.592385
0.260156 0.000010 0.000010 0.000010 0.000010 0.000010 0.739794
0.415172 0.000010 0.017125 0.000010 0.000010 0.000010 0.567663
0.000010 0.000010 0.035516 0.000010 0.000010 0.000010 0.964434
0.000010 0.000010 0.000010 0.000010 0.000010 0.000010 0.999940
0.193337 0.000010 0.000010 0.000010 0.000010 0.000010 0.806613
0.122861 0.877089 0.000010 0.000010 0.000010 0.000010 0.000010
0.466908 0.308455 0.000010 0.000010 0.000010 0.000010 0.224598
0.000010 0.000010 0.000010 0.999940 0.000010 0.000010 0.000010
0.000010 0.000010 0.000010 0.000010 0.000010 0.000010 0.999940
0.308425 0.000010 0.055566 0.000010 0.000010 0.000010 0.635968
0.392885 0.000010 0.000010 0.000010 0.000010 0.000010 0.607065
0.000010 0.100392 0.000010 0.000010 0.000010 0.000010 0.899558
0.583178 0.000010 0.163867 0.000010 0.000010 0.000010 0.252914
0.000010 0.000010 0.000010 0.999940 0.000010 0.000010 0.000010
0.000010 0.000010 0.000010 0.000010 0.000010 0.000010 0.999940
0.348514 0.000010 0.054447 0.000010 0.000010 0.000010 0.596999
0.000010 0.000010 0.000010 0.999940 0.000010 0.000010 0.000010
0.000010 0.000010 0.000013 0.000010 0.000010 0.000010 0.999937
0.000010 0.000010 0.000010 0.999940 0.000010 0.000010 0.000010
0.000010 0.000010 0.000010 0.999940 0.000010 0.000010 0.000010
0.000014 0.000010 0.000010 0.743223 0.256723 0.000010 0.000010
0.438889 0.000010 0.077534 0.000010 0.000010 0.000010 0.483538
0.000010 0.201217 0.000010 0.000010 0.000010 0.000010 0.798733
0.166025 0.000010 0.833925 0.000010 0.000010 0.000010 0.000010
0.163615 0.000010 0.836335 0.000010 0.000010 0.000010 0.000010
0.000010 0.187179 0.748214 0.000010 0.000010 0.000010 0.064567
0.000010 0.000010 0.999940 0.000010 0.000010 0.000010 0.000010
0.040579 0.126999 0.637873 0.000010 0.025372 0.000010 0.169158
0.000010 0.150862 0.745825 0.000010 0.000010 0.000010 0.103273
0.281035 0.000010 0.000010 0.000014 0.000010 0.000010 0.718911
0.000010 0.000010 0.000010 0.999940 0.000010 0.000010 0.000010
0.224550 0.000010 0.000010 0.000010 0.000010 0.000010 0.775400
0.000010 0.000010 0.000010 0.000010 0.000010 0.000010 0.999940
0.579552 0.000010 0.000010 0.000010 0.000010 0.000010 0.420398
0.000010 0.000010 0.000010 0.999940 0.000010 0.000010 0.000010
0.241719 0.000010 0.000010 0.000010 0.000010 0.000010 0.758231
0.750942 0.000010 0.000010 0.000010 0.000010 0.000010 0.249008
0.187806 0.000010 0.092930 0.000010 0.000010 0.000010 0.719224
0.645123 0.000010 0.000010 0.000010 0.000010 0.000010 0.354827
0.462307 0.000010 0.215968 0.000010 0.000010 0.000010 0.321685
0.222126 0.000010 0.000010 0.000010 0.000010 0.000010 0.777824
0.000010 0.000010 0.050013 0.000010 0.000010 0.000010 0.949937
0.451435 0.000010 0.000010 0.000010 0.000010 0.000010 0.548515
0.463544 0.000010 0.103222 0.000010 0.000010 0.000010 0.433194
0.000010 0.000010 0.000010 0.999940 0.000010 0.000010 0.000010
0.000010 0.000010 0.000010 0.000010 0.000010 0.000010 0.999940
0.222595 0.000010 0.000010 0.000010 0.000010 0.025375 0.751990
0.131453 0.000010 0.000010 0.000010 0.000010 0.000010 0.868497
0.050173 0.000010 0.000010 0.000010 0.000010 0.000010 0.949777
0.999940 0.000010 0.000010 0.000010 0.000010 0.000010 0.000010
0.803048 0.000010 0.000010 0.000010 0.000010 0.000010 0.196902
0.999940 0.000010 0.000010 0.000010 0.000010 0.000010 0.000010
0.000010 0.000010 0.000010 0.000010 0.000010 0.000010 0.999940
0.650809 0.000010 0.000010 0.000010 0.000010 0.000010 0.349141
0.999940 0.000010 0.000010 0.000010 0.000010 0.000010 0.000010
0.440059 0.000010 0.047601 0.001949 0.000010 0.000010 0.510361
0.115300 0.000010 0.000010 0.000010 0.000010 0.000010 0.884650
0.000010 0.000010 0.000010 0.000010 0.000010 0.000010 0.999940
0.661214 0.029248 0.000010 0.000010 0.000010 0.000010 0.309498
0.163300 0.000010 0.125091 0.000010 0.018772 0.000010 0.692807
0.607427 0.000010 0.000010 0.000010 0.000010 0.000010 0.392523
0.000010 0.000010 0.000010 0.000010 0.000010 0.000010 0.999940
0.000010 0.000010 0.000010 0.000010 0.000010 0.038686 0.961264
0.000010 0.000010 0.026941 0.000010 0.000010 0.000010 0.973009
0.094241 0.000010 0.000010 0.000010 0.000010 0.000010 0.905709
0.000010 0.000010 0.000010 0.999940 0.000010 0.000010 0.000010
0.000010 0.000010 0.000010 0.999940 0.000010 0.000010 0.000010
0.999940 0.000010 0.000010 0.000010 0.000010 0.000010 0.000010
0.000010 0.000010 0.000010 0.999940 0.000010 0.000010 0.000010
0.000010 0.000010 0.000010 0.000010 0.000010 0.000010 0.999940
0.000010 0.000010 0.000010 0.000010 0.000010 0.000010 0.999940
0.000010 0.000010 0.000010 0.999940 0.000010 0.000010 0.000010
0.000010 0.000010 0.000010 0.999940 0.000010 0.000010 0.000010
0.651105 0.000010 0.000010 0.000010 0.000010 0.000010 0.348845
0.000010 0.000010 0.000010 0.999940 0.000010 0.000010 0.000010
0.000010 0.000010 0.000010 0.999940 0.000010 0.000010 0.000010
0.000010 0.000010 0.000010 0.999940 0.000010 0.000010 0.000010
0.000010 0.978770 0.000010 0.000010 0.000010 0.000010 0.021180
0.000010 0.860656 0.000010 0.000010 0.000010 0.000010 0.139294
0.000010 0.853069 0.126992 0.000010 0.000010 0.000010 0.019899
0.000010 0.999940 0.000010 0.000010 0.000010 0.000010 0.000010
0.000010 0.000010 0.000010 0.000010 0.999940 0.000010 0.000010
0.302346 0.078399 0.000010 0.000010 0.000010 0.000010 0.619215
0.000010 0.863603 0.108682 0.000010 0.000010 0.000010 0.027675
0.000010 0.887109 0.112841 0.000010 0.000010 0.000010 0.000010
0.000010 0.999940 0.000010 0.000010 0.000010 0.000010 0.000010
0.000010 0.990965 0.000010 0.000010 0.008985 0.000010 0.000010
0.000010 0.864905 0.135045 0.000010 0.000010 0.000010 0.000010
0.000010 0.986628 0.013322 0.000010 0.000010 0.000010 0.000010
0.000010 0.911091 0.000010 0.000010 0.000010 0.052861 0.036008
0.090048 0.909902 0.000010 0.000010 0.000010 0.000010 0.000010
0.000010 0.999940 0.000010 0.000010 0.000010 0.000010 0.000010
0.011919 0.872688 0.102707 0.000010 0.012656 0.000010 0.000010
0.000010 0.823035 0.176915 0.000010 0.000010 0.000010 0.000010
0.000010 0.873714 0.126236 0.000010 0.000010 0.000010 0.000010
0.000010 0.882015 0.000010 0.017528 0.000010 0.000010 0.100417
0.000010 0.995335 0.004615 0.000010 0.000010 0.000010 0.000010
0.000010 0.897454 0.102496 0.000010 0.000010 0.000010 0.000010
0.185966 0.813984 0.000010 0.000010 0.000010 0.000010 0.000010
0.059818 0.940132 0.000010 0.000010 0.000010 0.000010 0.000010
0.106579 0.689939 0.201491 0.000010 0.001961 0.000010 0.000010
0.000010 0.906474 0.093476 0.000010 0.000010 0.000010 0.000010
0.000010 0.992357 0.000010 0.000010 0.007593 0.000010 0.000010
0.000010 0.999940 0.000010 0.000010 0.000010 0.000010 0.000010
0.000010 0.000010 0.000010 0.000010 0.999940 0.000010 0.000010
0.000010 0.977231 0.022719 0.000010 0.000010 0.000010 0.000010
0.099973 0.765296 0.134691 0.000010 0.000010 0.000010 0.000010
0.000010 0.999940 0.000010 0.000010 0.000010 0.000010 0.000010
0.000010 0.000010 0.000010 0.000010 0.999940 0.000010 0.000010
0.000010 0.983885 0.000010 0.000010 0.000010 0.000010 0.016065
0.000010 0.000010 0.000010 0.000010 0.999940 0.000010 0.000010
0.000010 0.999940 0.000010 0.000010 0.000010 0.000010 0.000010
0.000010 0.999940 0.000010 0.000010 0.000010 0.000010 0.000010
0.003995 0.995955 0.000010 0.000010 0.000010 0.000010 0.000010
0.017618 0.982332 0.000010 0.000010 0.000010 0.000010 0.000010
0.000010 0.722064 0.277886 0.000010 0.000010 0.000010 0.000010
0.013758 0.857456 0.128746 0.000010 0.000010 0.000010 0.000010
0.000010 0.999940 0.000010 0.000010 0.000010 0.000010 0.000010
0.222612 0.771872 0.000010 0.000010 0.005476 0.000010 0.000010
0.178890 0.821060 0.000010 0.000010 0.000010 0.000010 0.000010
0.303660 0.696290 0.000010 0.000010 0.000010 0.000010 0.000010
0.000010 0.999940 0.000010 0.000010 0.000010 0.000010 0.000010
0.134746 0.660955 0.204259 0.000010 0.000010 0.000010 0.000010
0.146589 0.533839 0.274366 0.000010 0.000925 0.044261 0.000010
0.472604 0.000010 0.000010 0.000010 0.000010 0.000010 0.527346
0.300554 0.000010 0.159305 0.011797 0.000010 0.000010 0.528314
0.357814 0.000010 0.000010 0.000010 0.000010 0.000010 0.642136
0.548135 0.000010 0.014554 0.000010 0.000010 0.000010 0.437272
0.482579 0.067316 0.000010 0.000010 0.000010 0.000010 0.450065
0.561551 0.000010 0.000010 0.000010 0.000010 0.000010 0.438399
0.179933 0.106652 0.009165 0.000010 0.000010 0.000010 0.704220
0.491677 0.000010 0.000010 0.000010 0.000010 0.000010 0.508273
0.146359 0.000010 0.105776 0.000010 0.000010 0.000010 0.747825
0.100474 0.095982 0.046484 0.000010 0.000010 0.000010 0.757030
0.341078 0.000010 0.045760 0.000010 0.000010 0.000010 0.613121
0.000010 0.000010 0.046563 0.000010 0.000010 0.000010 0.953387
0.000010 0.000010 0.000010 0.000010 0.999940 0.000010 0.000010
0.283862 0.000010 0.000010 0.000010 0.000010 0.020554 0.695544
0.264315 0.000013 0.000010 0.000010 0.000010 0.000010 0.735632
0.000010 0.000010 0.000010 0.000010 0.000010 0.000010 0.999940
0.073926 0.000010 0.000010 0.000010 0.000010 0.000010 0.926024
0.274523 0.000010 0.098594 0.000010 0.000010 0.000010 0.626843
0.581764 0.000010 0.000010 0.000010 0.000010 0.000010 0.418186
0.000010 0.000010 0.000010 0.000010 0.000010 0.000010 0.999940
0.360291 0.057516 0.000010 0.000010 0.000010 0.000010 0.582153
0.940113 0.000010 0.059837 0.000010 0.000010 0.000010 0.000010
0.125271 0.000010 0.000010 0.000010 0.000010 0.000010 0.874679
0.818804 0.000010 0.000010 0.000010 0.000010 0.000010 0.181146
0.276346 0.000010 0.105699 0.000010 0.000010 0.000010 0.617915
0.554525 0.000010 0.010109 0.000010 0.000010 0.000010 0.435326
0.000010 0.000010 0.034140 0.000010 0.000010 0.000010 0.965810
0.208514 0.000010 0.000010 0.000010 0.015989 0.000010 0.775457
0.999940 0.000010 0.000010 0.000010 0.000010 0.000010 0.000010
0.934335 0.000010 0.065615 0.000010 0.000010 0.000010 0.000010
0.000010 0.160783 0.000010 0.000010 0.000010 0.000010 0.839167
0.227734 0.000010 0.085045 0.000010 0.000010 0.000010 0.687181
0.581158 0.000010 0.000010 0.000010 0.000010 0.000010 0.418792
0.000010 0.749665 0.250285 0.000010 0.000010 0.000010 0.000010
0.000010 0.044113 0.000010 0.000010 0.000010 0.000010 0.955837
0.000010 0.000010 0.000010 0.000010 0.000010 0.000010 0.999940
0.000010 0.000010 0.024651 0.000010 0.000010 0.000010 0.975299
0.559585 0.000010 0.055324 0.000010 0.000010 0.000010 0.385050
0.455560 0.000010 0.000010 0.000010 0.000010 0.000010 0.544390
0.651441 0.000010 0.000010 0.000010 0.000010 0.000010 0.348509
0.343737 0.000010 0.000010 0.000010 0.000010 0.000010 0.656213
0.207586 0.150979 0.032304 0.000010 0.000010 0.000010 0.609100
0.091712 0.000010 0.000010 0.000010 0.000010 0.000010 0.908238
0.000010 0.000010 0.000010 0.000010 0.000010 0.000010 0.999940
0.427678 0.000010 0.139170 0.000010 0.000010 0.000010 0.433113
0.295864 0.042295 0.123839 0.000010 0.000010 0.000010 0.537972
0.091714 0.031614 0.000010 0.000010 0.005234 0.000010 0.871408
0.603996 0.000010 0.000010 0.000010 0.000010 0.000010 0.395954
0.587328 0.000010 0.000010 0.000010 0.000010 0.000010 0.412622
0.000010 0.000010 0.000010 0.000010 0.000010 0.020580 0.979370
0.256628 0.000010 0.000010 0.000010 0.000010 0.000010 0.743322
0.303812 0.072421 0.138241 0.000010 0.000010 0.000010 0.485496
0.383318 0.000010 0.000010 0.000010 0.000010 0.000010 0.616632
0.110774 0.173029 0.003616 0.000010 0.022291 0.000010 0.690270
0.223664 0.000010 0.000010 0.000010 0.000010 0.000010 0.776286
0.566398 0.000010 0.000010 0.000010 0.000010 0.000010 0.433552
0.479996 0.039877 0.000010 0.000010 0.000010 0.000010 0.480087
0.267276 0.000010 0.000010 0.000010 0.000010 0.000010 0.732674
0.467975 0.000010 0.000010 0.000010 0.000010 0.000010 0.531975
0.999940 0.000010 0.000010 0.000010 0.000010 0.000010 0.000010
0.000010 0.000010 0.000010 0.000010 0.000010 0.146610 0.853340
0.999940 0.000010 0.000010 0.000010 0.000010 0.000010 0.000010
0.137586 0.000010 0.000010 0.000010 0.000010 0.000010 0.862364
0.651320 0.000010 0.000010 0.000010 0.000010 0.000010 0.348630
0.122994 0.071011 0.000010 0.000010 0.000010 0.000010 0.805954
0.348729 0.000010 0.000010 0.000010 0.000010 0.000010 0.651221
0.000010 0.000010 0.000010 0.999940 0.000010 0.000010 0.000010
0.000010 0.000010 0.111035 0.000010 0.000010 0.000010 0.888915
0.322036 0.000010 0.000010 0.000010 0.000010 0.000010 0.677914
0.416087 0.000010 0.000010 0.000010 0.000010 0.000010 0.583863
0.238681 0.000010 0.000010 0.000010 0.000010 0.000010 0.761269
0.249931 0.165563 0.012382 0.000010 0.000010 0.000010 0.572093
0.184843 0.000010 0.000010 0.000010 0.000010 0.000010 0.815107
0.276350 0.000010 0.000010 0.000010 0.000010 0.000010 0.723600
0.000010 0.000010 0.000010 0.000010 0.000010 0.000010 0.999940
0.000010 0.000010 0.000010 0.000010 0.000010 0.000010 0.999940
0.228431 0.000010 0.000010 0.010742 0.000010 0.000010 0.760788
0.139989 0.160981 0.000010 0.000010 0.000010 0.000010 0.698990
0.299274 0.075529 0.000010 0.006729 0.000010 0.000010 0.618438
0.255028 0.000010 0.088876 0.000010 0.000010 0.000010 0.656055
0.301919 0.141044 0.000010 0.000010 0.015616 0.000010 0.541391
0.292457 0.000010 0.000012 0.000010 0.000010 0.000010 0.707491
0.000010 0.000010 0.999940 0.000010 0.000010 0.000010 0.000010
0.000010 0.000010 0.926951 0.000079 0.000010 0.000010 0.072930
0.000010 0.000010 0.876401 0.016118 0.000010 0.107441 0.000010
0.225204 0.293461 0.481295 0.000010 0.000010 0.000010 0.000010
0.000010 0.000010 0.999940 0.000010 0.000010 0.000010 0.000010
0.000010 0.000010 0.999940 0.000010 0.000010 0.000010 0.000010
0.000010 0.160280 0.735580 0.000020 0.000010 0.000010 0.104090
0.000010 0.000010 0.920365 0.000010 0.000010 0.000010 0.079585
0.083983 0.245522 0.654169 0.000010 0.000010 0.000010 0.016297
0.077240 0.000010 0.922710 0.000010 0.000010 0.000010 0.000010
0.000010 0.000010 0.999940 0.000010 0.000010 0.000010 0.000010
0.000010 0.176353 0.757076 0.000010 0.000010 0.000010 0.066531
0.000010 0.199899 0.800051 0.000010 0.000010 0.000010 0.000010
0.000010 0.000010 0.999940 0.000010 0.000010 0.000010 0.000010
0.000010 0.000010 0.999940 0.000010 0.000010 0.000010 0.000010
0.000010 0.000010 0.000010 0.018581 0.981369 0.000010 0.000010
0.053271 0.000010 0.946679 0.000010 0.000010 0.000010 0.000010
0.000010 0.000010 0.966447 0.000010 0.000010 0.000010 0.033503
0.015251 0.000010 0.782237 0.000010 0.000010 0.000010 0.202473
0.000010 0.000010 0.999940 0.000010 0.000010 0.000010 0.000010
0.187848 0.120596 0.691515 0.000010 0.000010 0.000010 0.000010
0.057821 0.000010 0.942129 0.000010 0.000010 0.000010 0.000010
0.000010 0.000010 0.840429 0.000010 0.000012 0.000010 0.159519
0.102483 0.000010 0.897467 0.000010 0.000010 0.000010 0.000010
0.000010 0.000010 0.999940 0.000010 0.000010 0.000010 0.000010
0.000010 0.000010 0.949591 0.000010 0.000010 0.007524 0.042845
0.000010 0.000010 0.999940 0.000010 0.000010 0.000010 0.000010
0.000010 0.000010 0.991764 0.000010 0.008186 0.000010 0.000010
0.000010 0.000010 0.999940 0.000010 0.000010 0.000010 0.000010
0.000010 0.000010 0.999940 0.000010 0.000010 0.000010 0.000010
0.000010 0.000010 0.999940 0.000010 0.000010 0.000010 0.000010
0.000010 0.000010 0.999940 0.000010 0.000010 0.000010 0.000010
0.000010 0.000010 0.956049 0.000010 0.000010 0.000010 0.043901
0.000010 0.000010 0.861309 0.000010 0.000010 0.000010 0.138641
0.000010 0.000010 0.999940 0.000010 0.000010 0.000010 0.000010
0.000010 0.000010 0.000010 0.000010 0.999940 0.000010 0.000010
0.000010 0.000010 0.999940 0.000010 0.000010 0.000010 0.000010
0.000010 0.000010 0.999940 0.000010 0.000010 0.000010 0.000010
0.000010 0.000010 0.000010 0.000010 0.999940 0.000010 0.000010
0.061034 0.000010 0.938916 0.000010 0.000010 0.000010 0.000010
0.000010 0.000010 0.875580 0.000010 0.000010 0.000010 0.124370
0.017841 0.000010 0.808146 0.000010 0.000010 0.000010 0.173973
0.000010 0.000018 0.989948 0.000010 0.000010 0.000010 0.009994
0.000010 0.000010 0.999940 0.000010 0.000010 0.000010 0.000010
0.057159 0.046174 0.886078 0.000010 0.000010 0.000010 0.010559
0.119963 0.000010 0.874836 0.000010 0.005161 0.000010 0.000010
0.000010 0.000010 0.000010 0.000010 0.999940 0.000010 0.000010
0.000010 0.000010 0.999940 0.000010 0.000010 0.000010 0.000010
0.000010 0.023848 0.976102 0.000010 0.000010 0.000010 0.000010
0.000010 0.000010 0.999940 0.000010 0.000010 0.000010 0.000010
0.000010 0.000010 0.999940 0.000010 0.000010 0.000010 0.000010
0.000010 0.000010 0.939038 0.000010 0.000010 0.000010 0.060912
0.999940 0.000010 0.000010 0.000010 0.000010 0.000010 0.000010
