0.008907 0.000010 0.700529 0.143931 0.146623
0.000010 0.000010 0.760486 0.239484 0.000010
0.012566 0.070674 0.749860 0.166890 0.000010
0.000010 0.000010 0.744368 0.255602 0.000010
0.000010 0.077442 0.858434 0.000010 0.064103
0.000010 0.000010 0.512789 0.260303 0.226888
0.000010 0.000010 0.999960 0.000010 0.000010
0.000010 0.000010 0.688239 0.311731 0.000010
0.000010 0.000010 0.999960 0.000010 0.000010
0.000010 0.000010 0.999960 0.000010 0.000010
0.000010 0.000010 0.999960 0.000010 0.000010
0.000010 0.000010 0.645631 0.332551 0.021798
0.000010 0.129795 0.786281 0.083904 0.000010
0.000010 0.085359 0.812397 0.102224 0.000010
0.000010 0.000010 0.958817 0.041153 0.000010
0.000010 0.031365 0.857329 0.086163 0.025133
0.000010 0.000010 0.888071 0.111899 0.000010
0.000010 0.000010 0.788679 0.211291 0.000010
0.000010 0.000010 0.759268 0.240702 0.000010
0.005393 0.000010 0.994577 0.000010 0.000010
0.005184 0.057623 0.797712 0.139126 0.000355
0.034535 0.000010 0.924581 0.040864 0.000010
0.000010 0.000010 0.999960 0.000010 0.000010
0.000010 0.074602 0.732343 0.193036 0.000010
0.000010 0.089604 0.906019 0.004357 0.000010
0.000010 0.000010 0.568057 0.256562 0.175361
0.000010 0.086201 0.648267 0.211713 0.053809
0.000020 0.473414 0.128144 0.000010 0.398411
0.000010 0.135032 0.864938 0.000010 0.000010
0.000010 0.000010 0.978939 0.000010 0.021031
0.000010 0.000010 0.976890 0.000010 0.023080
0.000010 0.000010 0.969992 0.000010 0.029978
0.004238 0.000010 0.995732 0.000010 0.000010
0.000010 0.000010 0.999960 0.000010 0.000010
0.000010 0.641121 0.358849 0.000010 0.000010
0.001056 0.148184 0.850740 0.000010 0.000010
0.000010 0.070812 0.691653 0.161424 0.076101
0.000010 0.000010 0.983740 0.000010 0.016230
0.024230 0.187455 0.783153 0.005152 0.000010
0.000010 0.000010 0.820952 0.000010 0.179018
0.000010 0.000010 0.947410 0.000010 0.052560
0.000010 0.070561 0.929409 0.000010 0.000010
0.000010 0.127225 0.809874 0.015316 0.047574
0.000010 0.105254 0.894716 0.000010 0.000010
0.999960 0.000010 0.000010 0.000010 0.000010
0.001580 0.000011 0.852422 0.000010 0.145977
0.000010 0.000010 0.681760 0.136068 0.182152
0.006889 0.054857 0.706573 0.231672 0.000010
0.005856 0.000010 0.855264 0.000010 0.138860
0.999960 0.000010 0.000010 0.000010 0.000010
0.000010 0.000010 0.794523 0.000010 0.205447
0.001644 0.233925 0.715071 0.049351 0.000010
0.999960 0.000010 0.000010 0.000010 0.000010
0.000010 0.175708 0.824262 0.000010 0.000010
0.999960 0.000010 0.000010 0.000010 0.000010
0.999960 0.000010 0.000010 0.000010 0.000010
0.013903 0.000010 0.559938 0.277232 0.148917
0.999960 0.000010 0.000010 0.000010 0.000010
0.000010 0.000010 0.999960 0.000010 0.000010
0.999960 0.000010 0.000010 0.000010 0.000010
0.000010 0.026473 0.935582 0.037924 0.000010
0.000010 0.000010 0.836146 0.097997 0.065837
0.000010 0.107008 0.892962 0.000010 0.000010
0.000010 0.000010 0.775203 0.048186 0.176591
0.000010 0.000010 0.918996 0.080974 0.000010
0.000010 0.000010 0.000010 0.000010 0.999960
0.036615 0.373782 0.000010 0.000010 0.589583
0.000010 0.512811 0.000010 0.000010 0.487159
0.000010 0.370758 0.000010 0.152041 0.477181
0.000010 0.000010 0.000010 0.000010 0.999960
0.002634 0.758735 0.000010 0.000010 0.238611
0.000010 0.000010 0.000010 0.000010 0.999960
0.000010 0.471701 0.000010 0.124714 0.403565
0.999960 0.000010 0.000010 0.000010 0.000010
0.000010 0.693396 0.000010 0.000010 0.306574
0.000010 0.379910 0.000010 0.004145 0.615925
0.000010 0.278394 0.000010 0.000010 0.721576
0.000010 0.961722 0.000010 0.000010 0.038248
0.000010 0.436995 0.000010 0.000010 0.562975
0.000010 0.467599 0.000010 0.000010 0.532371
0.000010 0.340778 0.000010 0.000010 0.659192
0.000010 0.187772 0.627194 0.185013 0.000010
0.000010 0.513284 0.218668 0.097862 0.170176
0.999960 0.000010 0.000010 0.000010 0.000010
0.000010 0.000010 0.000010 0.000010 0.999960
0.013819 0.000010 0.000010 0.000010 0.986151
0.000010 0.303685 0.000010 0.000010 0.696285
0.000010 0.382704 0.105007 0.000010 0.512269
0.000010 0.669715 0.000010 0.235021 0.095245
0.999954 0.000016 0.000010 0.000010 0.000010
0.000010 0.383293 0.000010 0.081585 0.535101
0.000010 0.189466 0.000010 0.010214 0.800301
0.999960 0.000010 0.000010 0.000010 0.000010
0.000010 0.205935 0.000010 0.000010 0.794035
0.999960 0.000010 0.000010 0.000010 0.000010
0.999960 0.000010 0.000010 0.000010 0.000010
0.999960 0.000010 0.000010 0.000010 0.000010
0.003000 0.537472 0.000010 0.007399 0.452118
0.000010 0.339942 0.028330 0.037216 0.594502
0.000010 0.071619 0.103857 0.824504 0.000010
0.022873 0.043205 0.000010 0.933901 0.000010
0.000010 0.042035 0.117871 0.840075 0.000010
0.000010 0.000010 0.000010 0.999960 0.000010
0.000010 0.000010 0.054054 0.799516 0.146411
0.000010 0.143245 0.031468 0.825267 0.000010
0.000010 0.858289 0.000010 0.000010 0.141681
0.999960 0.000010 0.000010 0.000010 0.000010
0.000010 0.352361 0.000010 0.000010 0.647609
0.000010 0.423351 0.000010 0.033040 0.543589
0.000010 0.786848 0.000010 0.000010 0.213122
0.999960 0.000010 0.000010 0.000010 0.000010
0.000010 0.784060 0.000010 0.000010 0.215910
0.000010 0.460640 0.000010 0.000010 0.539330
0.000010 0.152271 0.000010 0.058404 0.789305
0.000010 0.476503 0.000010 0.000010 0.523467
0.000010 0.532041 0.000010 0.198997 0.268942
0.000010 0.683745 0.000010 0.000010 0.316225
0.000010 0.319356 0.000010 0.069920 0.610704
0.002974 0.451789 0.000010 0.000010 0.545218
0.002124 0.636298 0.052737 0.000010 0.308832
0.999960 0.000010 0.000010 0.000010 0.000010
0.000010 0.000010 0.000010 0.000010 0.999960
0.000010 0.252582 0.000010 0.033349 0.714050
0.000010 0.607710 0.000010 0.000010 0.392260
0.000010 0.000010 0.000010 0.000010 0.999960
0.000010 0.999960 0.000010 0.000010 0.000010
0.000010 0.115396 0.000010 0.000010 0.884574
0.000010 0.949509 0.000010 0.050461 0.000010
0.000010 0.697163 0.000010 0.000010 0.302807
0.004324 0.484182 0.148415 0.000010 0.363069
0.000010 0.999960 0.000010 0.000010 0.000010
0.000010 0.240698 0.000010 0.061228 0.698054
0.000010 0.000010 0.000010 0.000010 0.999960
0.000010 0.000010 0.000010 0.000010 0.999960
0.000010 0.695365 0.000010 0.000010 0.304605
0.015330 0.397299 0.000010 0.013379 0.573981
0.005145 0.696377 0.000010 0.000010 0.298458
0.000010 0.000010 0.000010 0.000010 0.999960
0.000010 0.208931 0.000010 0.000010 0.791039
0.000010 0.000010 0.000010 0.000010 0.999960
0.000010 0.345580 0.000010 0.067851 0.586549
0.999960 0.000010 0.000010 0.000010 0.000010
0.999960 0.000010 0.000010 0.000010 0.000010
0.000010 0.644634 0.055384 0.000010 0.299961
0.999960 0.000010 0.000010 0.000010 0.000010
0.000010 0.606762 0.000010 0.000010 0.393208
0.000010 0.608747 0.000010 0.000010 0.391223
0.999960 0.000010 0.000010 0.000010 0.000010
0.999960 0.000010 0.000010 0.000010 0.000010
0.000013 0.379737 0.000010 0.000010 0.620230
0.999960 0.000010 0.000010 0.000010 0.000010
0.999960 0.000010 0.000010 0.000010 0.000010
0.999960 0.000010 0.000010 0.000010 0.000010
0.000010 0.000010 0.574669 0.117987 0.307324
0.000010 0.132585 0.582982 0.236752 0.047671
0.000010 0.000010 0.934137 0.025348 0.040495
0.000010 0.000010 0.997305 0.000010 0.002665
0.999960 0.000010 0.000010 0.000010 0.000010
0.000010 0.643041 0.000010 0.095632 0.261307
0.000010 0.072545 0.927425 0.000010 0.000010
0.020773 0.000010 0.911048 0.068159 0.000010
0.012860 0.000010 0.738984 0.038721 0.209425
0.000010 0.186930 0.813040 0.000010 0.000010
0.000010 0.052371 0.947599 0.000010 0.000010
0.000010 0.000010 0.999960 0.000010 0.000010
0.000010 0.000010 0.913396 0.000010 0.086574
0.000010 0.000010 0.866861 0.060746 0.072373
0.000010 0.000010 0.706744 0.199271 0.093965
0.000010 0.000010 0.904442 0.095528 0.000010
0.000010 0.067596 0.668675 0.263709 0.000010
0.000010 0.000010 0.863367 0.096635 0.039978
0.000010 0.182659 0.739764 0.077557 0.000010
0.000014 0.000010 0.933661 0.035911 0.030404
0.000010 0.000010 0.999960 0.000010 0.000010
0.000010 0.000010 0.815419 0.000010 0.184551
0.000010 0.000010 0.876171 0.000010 0.123799
0.002144 0.218807 0.779029 0.000010 0.000010
0.000010 0.000010 0.630493 0.306740 0.062747
0.005965 0.000010 0.885602 0.014010 0.094413
0.000010 0.106910 0.871813 0.021256 0.000010
0.990339 0.000010 0.000010 0.009631 0.000010
0.004922 0.103875 0.824262 0.048412 0.018529
0.000010 0.178740 0.513221 0.308018 0.000010
0.000010 0.000010 0.996968 0.000010 0.003002
0.999960 0.000010 0.000010 0.000010 0.000010
0.000010 0.000010 0.886173 0.113797 0.000010
0.989689 0.000010 0.000010 0.000010 0.010281
0.000010 0.000010 0.975799 0.024171 0.000010
0.000010 0.000010 0.864529 0.000010 0.135441
0.000010 0.000010 0.950384 0.000010 0.049586
0.000010 0.098477 0.731884 0.169620 0.000010
0.000010 0.000010 0.920042 0.000010 0.079928
0.000010 0.000010 0.622409 0.331825 0.045746
0.000010 0.000010 0.999960 0.000010 0.000010
0.000010 0.237126 0.635283 0.127571 0.000010
0.000010 0.000010 0.999960 0.000010 0.000010
0.000010 0.040267 0.624494 0.128516 0.206712
0.000010 0.000010 0.975078 0.024892 0.000010
0.000010 0.000010 0.544908 0.345143 0.109929
0.022575 0.161628 0.498905 0.267144 0.049748
0.000010 0.000010 0.000010 0.000010 0.999960
0.000018 0.426916 0.000010 0.108410 0.464646
0.000010 0.000010 0.000010 0.000010 0.999960
0.001427 0.667513 0.000010 0.102353 0.228697
0.000010 0.999960 0.000010 0.000010 0.000010
0.000010 0.550722 0.000010 0.000010 0.449248
0.000010 0.709939 0.000010 0.111250 0.178791
0.000010 0.575599 0.000010 0.012198 0.412183
0.000010 0.744992 0.000010 0.000010 0.254978
0.000010 0.316586 0.000010 0.111408 0.571985
0.000010 0.804048 0.000010 0.000010 0.195922
0.000010 0.711784 0.000010 0.000010 0.288186
0.999960 0.000010 0.000010 0.000010 0.000010
0.000010 0.999960 0.000010 0.000010 0.000010
0.000010 0.440221 0.033181 0.000010 0.526578
0.010859 0.459426 0.000010 0.000010 0.529696
0.006341 0.539845 0.000010 0.000010 0.453793
0.000010 0.768280 0.000010 0.084963 0.146737
0.000010 0.716965 0.000010 0.000010 0.283005
0.000010 0.658385 0.000010 0.065491 0.276104
0.000010 0.999960 0.000010 0.000010 0.000010
0.000010 0.732043 0.000010 0.000010 0.267927
0.000010 0.999960 0.000010 0.000010 0.000010
0.000010 0.875700 0.000010 0.000010 0.124270
0.000383 0.677581 0.000010 0.048551 0.273476
0.000010 0.852349 0.000010 0.000010 0.147621
0.000010 0.999960 0.000010 0.000010 0.000010
0.013672 0.954874 0.031434 0.000010 0.000010
0.000010 0.571044 0.000010 0.000010 0.428926
0.000010 0.469955 0.000010 0.000010 0.530015
0.000010 0.453387 0.026806 0.000010 0.519788
0.010978 0.544428 0.000010 0.156493 0.288092
0.000010 0.550772 0.000010 0.000010 0.449198
0.000010 0.091933 0.777975 0.109178 0.020904
0.000010 0.870207 0.000010 0.129763 0.000010
0.028156 0.675240 0.000010 0.059357 0.237237
0.000010 0.642809 0.000010 0.357161 0.000010
0.000010 0.478461 0.000010 0.000010 0.521509
0.000010 0.628261 0.014656 0.000010 0.357063
0.000010 0.787791 0.000010 0.000010 0.212179
0.000010 0.625578 0.000010 0.116921 0.257481
0.000010 0.418891 0.000010 0.083304 0.497784
0.000010 0.581322 0.000010 0.000010 0.418648
0.000010 0.710467 0.000010 0.000010 0.289503
0.000010 0.559667 0.000010 0.165585 0.274728
0.000010 0.779092 0.000010 0.000010 0.220878
0.000010 0.667395 0.000010 0.000010 0.332575
0.000010 0.719127 0.000010 0.000010 0.280843
0.000010 0.784463 0.053540 0.044661 0.117326
0.000010 0.000010 0.058672 0.000010 0.941298
0.004275 0.764862 0.072000 0.000010 0.158852
0.000010 0.241963 0.000010 0.000010 0.758007
0.000010 0.508219 0.000010 0.000010 0.491751
0.000010 0.457650 0.109705 0.153929 0.278707
0.000010 0.871063 0.000010 0.000010 0.128907
0.000010 0.320667 0.000010 0.000010 0.679303
0.000010 0.634688 0.000010 0.000010 0.365282
0.000010 0.558698 0.000010 0.000010 0.441272
0.000010 0.999960 0.000010 0.000010 0.000010
0.000010 0.999960 0.000010 0.000010 0.000010
0.000010 0.407866 0.000010 0.000010 0.592104
0.000010 0.999960 0.000010 0.000010 0.000010
0.000010 0.500243 0.000010 0.096757 0.402981
0.000010 0.537630 0.000010 0.006341 0.456009
0.000010 0.267779 0.000010 0.000010 0.732191
0.018714 0.654349 0.000010 0.000010 0.326917
0.999960 0.000010 0.000010 0.000010 0.000010
0.000010 0.878822 0.000010 0.000010 0.121148
0.000010 0.999960 0.000010 0.000010 0.000010
0.018816 0.549313 0.000010 0.000010 0.431851
0.035161 0.964809 0.000010 0.000010 0.000010
0.000010 0.502265 0.000010 0.138660 0.359055
0.000010 0.792445 0.000010 0.000010 0.207525
0.012898 0.344432 0.000010 0.000010 0.642650
0.000010 0.000010 0.000010 0.000010 0.999960
0.000010 0.000010 0.000010 0.000010 0.999960
0.000010 0.827389 0.000010 0.000010 0.172581
0.000010 0.588962 0.110901 0.000010 0.300117
0.007367 0.992603 0.000010 0.000010 0.000010
0.000010 0.581468 0.000010 0.083545 0.334967
0.000010 0.346149 0.000010 0.110859 0.542972
0.000010 0.496930 0.000010 0.000010 0.503040
0.000010 0.000010 0.000010 0.999960 0.000010
0.008787 0.057072 0.078518 0.855614 0.000010
0.000010 0.000010 0.000010 0.999960 0.000010
0.000010 0.083837 0.164726 0.608487 0.142941
0.000010 0.000010 0.000010 0.999960 0.000010
0.000010 0.000010 0.000010 0.999960 0.000010
0.031479 0.000010 0.000010 0.968491 0.000010
0.000010 0.000010 0.000010 0.924123 0.075847
0.000010 0.000010 0.000010 0.999960 0.000010
0.000010 0.049741 0.000010 0.950229 0.000010
0.000010 0.000010 0.000010 0.926818 0.073152
0.000010 0.024516 0.175089 0.755443 0.044942
0.000010 0.000010 0.291570 0.708400 0.000010
0.000010 0.000010 0.000010 0.999960 0.000010
0.000010 0.000010 0.000010 0.905200 0.094770
0.999960 0.000010 0.000010 0.000010 0.000010
0.000010 0.000010 0.161122 0.791771 0.047087
0.000010 0.127516 0.000010 0.872454 0.000010
0.000010 0.000010 0.000010 0.860025 0.139945
0.000010 0.091655 0.178210 0.730115 0.000010
0.003184 0.000010 0.369163 0.627632 0.000010
0.000010 0.000010 0.000010 0.999960 0.000010
0.019466 0.092153 0.000010 0.888361 0.000010
0.000010 0.019761 0.000010 0.911851 0.068368
0.000010 0.000010 0.000010 0.999960 0.000010
0.000010 0.000010 0.000010 0.999960 0.000010
0.000010 0.000010 0.000010 0.999960 0.000010
0.010910 0.000010 0.053599 0.935471 0.000010
0.000010 0.018446 0.128996 0.751192 0.101356
0.000010 0.142521 0.000010 0.857449 0.000010
0.018969 0.000010 0.000010 0.981001 0.000010
0.000010 0.000010 0.000010 0.999960 0.000010
0.000010 0.000010 0.000010 0.848134 0.151836
0.000010 0.000010 0.000010 0.999960 0.000010
0.000010 0.000010 0.000010 0.999960 0.000010
0.999960 0.000010 0.000010 0.000010 0.000010
0.000010 0.000010 0.130001 0.869969 0.000010
0.000010 0.000010 0.000010 0.926220 0.073750
0.999960 0.000010 0.000010 0.000010 0.000010
0.000010 0.000010 0.000010 0.999960 0.000010
0.000010 0.000010 0.000010 0.999960 0.000010
0.000010 0.235195 0.000010 0.764775 0.000010
0.000010 0.000010 0.000010 0.947072 0.052898
0.000010 0.000010 0.000010 0.999960 0.000010
0.024111 0.035757 0.000010 0.940112 0.000010
0.000010 0.000010 0.000010 0.999960 0.000010
0.999960 0.000010 0.000010 0.000010 0.000010
0.000010 0.000010 0.000010 0.999960 0.000010
0.000010 0.000010 0.107887 0.892083 0.000010
0.000010 0.000010 0.000010 0.999960 0.000010
0.000016 0.000010 0.000010 0.981537 0.018427
0.000010 0.000010 0.000010 0.999960 0.000010
0.000010 0.999960 0.000010 0.000010 0.000010
