0.725377 0.090657 0.149203 0.014779 0.000010 0.000010 0.019964
0.690444 0.096224 0.109597 0.000010 0.000010 0.103706 0.000010
0.933189 0.000010 0.000010 0.007454 0.000010 0.000010 0.059316
0.844431 0.000010 0.155519 0.000010 0.000010 0.000010 0.000010
0.801986 0.000010 0.000010 0.000010 0.000010 0.197964 0.000010
0.666209 0.000010 0.144305 0.002927 0.000010 0.180539 0.006000
0.999940 0.000010 0.000010 0.000010 0.000010 0.000010 0.000010
0.790252 0.000010 0.209698 0.000010 0.000010 0.000010 0.000010
0.999940 0.000010 0.000010 0.000010 0.000010 0.000010 0.000010
0.000010 0.999940 0.000010 0.000010 0.000010 0.000010 0.000010
0.305849 0.694101 0.000010 0.000010 0.000010 0.000010 0.000010
0.687887 0.018324 0.293749 0.000010 0.000010 0.000010 0.000010
0.883825 0.000010 0.000010 0.000010 0.000010 0.000010 0.116125
0.865949 0.000010 0.049671 0.000010 0.000010 0.012228 0.072122
0.999940 0.000010 0.000010 0.000010 0.000010 0.000010 0.000010
0.878357 0.000010 0.078186 0.000010 0.000010 0.043417 0.000010
0.999940 0.000010 0.000010 0.000010 0.000010 0.000010 0.000010
0.814462 0.000010 0.183849 0.001649 0.000010 0.000010 0.000010
0.816460 0.000010 0.183490 0.000010 0.000010 0.000010 0.000010
0.995430 0.000010 0.000010 0.000010 0.004520 0.000010 0.000010
0.965738 0.000010 0.000010 0.000010 0.000010 0.034212 0.000010
0.967613 0.000010 0.000010 0.000010 0.032337 0.000010 0.000010
0.999940 0.000010 0.000010 0.000010 0.000010 0.000010 0.000010
0.657347 0.187377 0.101433 0.000010 0.000010 0.000010 0.053813
0.935446 0.000010 0.000010 0.000010 0.000010 0.000010 0.064504
0.677545 0.000010 0.238639 0.000898 0.000010 0.082888 0.000010
0.597910 0.073179 0.184856 0.000010 0.000010 0.000010 0.144025
0.007593 0.061347 0.000010 0.000010 0.000010 0.441713 0.489317
0.614203 0.247455 0.000010 0.000010 0.000010 0.138302 0.000010
0.784089 0.215861 0.000010 0.000010 0.000010 0.000010 0.000010
0.000010 0.999940 0.000010 0.000010 0.000010 0.000010 0.000010
0.577758 0.422192 0.000010 0.000010 0.000010 0.000010 0.000010
0.638083 0.357639 0.000010 0.004238 0.000010 0.000010 0.000010
0.000010 0.999940 0.000010 0.000010 0.000010 0.000010 0.000010
0.000010 0.999940 0.000010 0.000010 0.000010 0.000010 0.000010
0.152703 0.847247 0.000010 0.000010 0.000010 0.000010 0.000010
0.487610 0.256665 0.107672 0.000010 0.000010 0.148022 0.000010
0.000010 0.999940 0.000010 0.000010 0.000010 0.000010 0.000010
0.597968 0.241181 0.062249 0.023131 0.000010 0.004117 0.071344
0.512789 0.284686 0.000010 0.000010 0.000010 0.202485 0.000010
0.683096 0.316851 0.000013 0.000010 0.000010 0.000010 0.000010
0.518514 0.375534 0.000010 0.000010 0.000010 0.105912 0.000010
0.509753 0.293287 0.026349 0.000010 0.000010 0.000010 0.170580
0.550817 0.279083 0.000010 0.000010 0.000010 0.170059 0.000010
0.000010 0.000010 0.000010 0.000010 0.999940 0.000010 0.000010
0.714861 0.185009 0.000010 0.000010 0.004393 0.000010 0.095707
0.525396 0.175396 0.121466 0.000010 0.000010 0.000350 0.177371
0.316679 0.300358 0.245519 0.000010 0.014566 0.000010 0.122859
0.345375 0.456430 0.064677 0.000010 0.009203 0.124295 0.000010
0.000010 0.000010 0.000010 0.215063 0.784887 0.000010 0.000010
0.339982 0.573353 0.000010 0.000010 0.000010 0.000010 0.086625
0.293688 0.362226 0.096174 0.000010 0.000010 0.020375 0.227517
0.000010 0.000010 0.000010 0.000010 0.999940 0.000010 0.000010
0.468505 0.426318 0.000010 0.000010 0.000010 0.105137 0.000010
0.000010 0.000010 0.000010 0.000010 0.999940 0.000010 0.000010
0.000010 0.000010 0.000010 0.000010 0.999940 0.000010 0.000010
0.572888 0.028930 0.273576 0.000010 0.015363 0.000010 0.109223
0.000010 0.000010 0.000016 0.000010 0.999934 0.000010 0.000010
0.000010 0.999940 0.000010 0.000010 0.000010 0.000010 0.000010
0.000010 0.000010 0.000010 0.000010 0.999940 0.000010 0.000010
0.000010 0.999940 0.000010 0.000010 0.000010 0.000010 0.000010
0.342620 0.430063 0.117920 0.000010 0.000010 0.109366 0.000010
0.594667 0.300373 0.000010 0.000010 0.000010 0.000010 0.104920
0.667703 0.022077 0.117751 0.000010 0.000010 0.192439 0.000010
0.594972 0.323277 0.081710 0.000010 0.000010 0.000010 0.000010
0.000010 0.000010 0.043076 0.000010 0.000010 0.572562 0.384323
0.000010 0.000010 0.000010 0.050487 0.000010 0.345912 0.603560
0.000010 0.000010 0.000010 0.000010 0.000010 0.321369 0.678581
0.000010 0.000010 0.101164 0.000010 0.000010 0.000010 0.898786
0.000010 0.000010 0.000010 0.000010 0.000010 0.000010 0.999940
0.000010 0.000010 0.000010 0.000010 0.000010 0.192221 0.807729
0.000010 0.000010 0.000010 0.000010 0.000010 0.999940 0.000010
0.000010 0.000010 0.111277 0.000010 0.000010 0.247463 0.641219
0.000010 0.000010 0.000010 0.810862 0.189088 0.000010 0.000010
0.000010 0.000010 0.000010 0.000010 0.000010 0.279657 0.720293
0.000010 0.000010 0.000010 0.000010 0.000010 0.328602 0.671348
0.073970 0.000010 0.000010 0.000010 0.000010 0.203714 0.722276
0.000010 0.000010 0.000010 0.000010 0.000010 0.000010 0.999940
0.000010 0.000010 0.000010 0.000010 0.000010 0.000010 0.999940
0.000010 0.000010 0.000010 0.000010 0.000010 0.211181 0.788769
0.000010 0.000010 0.000010 0.000010 0.000010 0.000010 0.999940
0.656160 0.000010 0.177497 0.000010 0.000010 0.166303 0.000010
0.215428 0.011062 0.095051 0.000010 0.000010 0.176273 0.502166
0.000010 0.000010 0.000010 0.999940 0.000010 0.000010 0.000010
0.000010 0.000010 0.000010 0.000010 0.000010 0.241862 0.758088
0.000010 0.000010 0.000010 0.030919 0.000010 0.145190 0.823850
0.000010 0.000010 0.000010 0.000010 0.000010 0.366525 0.633425
0.068724 0.000010 0.000010 0.000010 0.000010 0.243020 0.688216
0.000010 0.000010 0.242112 0.010326 0.000010 0.261353 0.486180
0.000010 0.000010 0.000010 0.999940 0.000010 0.000010 0.000010
0.000010 0.000010 0.078492 0.000010 0.000010 0.199081 0.722387
0.000010 0.000010 0.033698 0.000010 0.000010 0.369485 0.596777
0.000010 0.000010 0.000010 0.999940 0.000010 0.000010 0.000010
0.000010 0.000010 0.000010 0.000010 0.000010 0.000010 0.999940
0.000010 0.000010 0.000010 0.999940 0.000010 0.000010 0.000010
0.000010 0.000010 0.000010 0.999940 0.000010 0.000010 0.000010
0.000010 0.000010 0.000010 0.819649 0.180301 0.000010 0.000010
0.000010 0.000010 0.000010 0.000010 0.011845 0.648811 0.339305
0.083700 0.000010 0.000010 0.000010 0.000010 0.000010 0.916250
0.000010 0.060479 0.848186 0.000010 0.000010 0.000010 0.091295
0.000010 0.000010 0.861147 0.025419 0.000010 0.113394 0.000010
0.166717 0.000010 0.790355 0.000010 0.000010 0.000010 0.042887
0.000010 0.000010 0.999940 0.000010 0.000010 0.000010 0.000010
0.000010 0.077934 0.846819 0.000014 0.000010 0.000010 0.075203
0.070415 0.000010 0.764959 0.000010 0.000010 0.000010 0.164586
0.000010 0.000010 0.000010 0.000010 0.000010 0.000010 0.999940
0.000010 0.000010 0.000010 0.862130 0.137820 0.000010 0.000010
0.000010 0.000010 0.000010 0.000010 0.000010 0.547901 0.452049
0.000010 0.000010 0.000010 0.000010 0.000010 0.000010 0.999940
0.000010 0.000010 0.000010 0.000010 0.000010 0.717317 0.282633
0.000010 0.000010 0.000010 0.999940 0.000010 0.000010 0.000010
0.000010 0.000010 0.000010 0.000010 0.000010 0.264151 0.735799
0.000010 0.000010 0.000010 0.000010 0.000010 0.999940 0.000010
0.000010 0.000010 0.023300 0.000010 0.018006 0.542197 0.416467
0.000010 0.000010 0.000010 0.000010 0.000010 0.999940 0.000010
0.000010 0.000010 0.229188 0.000010 0.000010 0.612137 0.158634
0.000010 0.000010 0.000010 0.000010 0.000010 0.652701 0.347249
0.000010 0.000010 0.031651 0.000010 0.000010 0.206756 0.761553
0.035446 0.000010 0.000010 0.002042 0.000010 0.592403 0.370079
0.060286 0.000010 0.000010 0.000010 0.003130 0.269556 0.666998
0.000010 0.000010 0.000010 0.999940 0.000010 0.000010 0.000010
0.000010 0.000010 0.033663 0.000010 0.000010 0.000010 0.966287
0.093961 0.000010 0.000010 0.000010 0.000010 0.603578 0.302421
0.000010 0.000010 0.000010 0.000010 0.000010 0.424265 0.575685
0.000010 0.000010 0.000010 0.000010 0.009918 0.349846 0.640196
0.000010 0.000010 0.000010 0.000010 0.000010 0.999940 0.000010
0.000010 0.068692 0.000010 0.000010 0.000010 0.207920 0.723348
0.000010 0.000010 0.000010 0.000010 0.000010 0.999940 0.000010
0.000010 0.000010 0.000010 0.000010 0.000010 0.293740 0.706210
0.143756 0.000010 0.000010 0.002527 0.000010 0.575039 0.278648
0.000010 0.000010 0.000010 0.000010 0.000010 0.999940 0.000010
0.000010 0.000010 0.037184 0.018591 0.000010 0.708629 0.235567
0.000010 0.000010 0.000010 0.000010 0.000010 0.660669 0.339281
0.000010 0.000010 0.000010 0.000010 0.000010 0.000010 0.999940
0.000010 0.000010 0.000010 0.000010 0.000010 0.293726 0.706224
0.000010 0.000010 0.000010 0.011882 0.000010 0.182052 0.806026
0.000010 0.000010 0.000010 0.000010 0.000010 0.000010 0.999940
0.000010 0.000010 0.000010 0.000010 0.000010 0.176236 0.823714
0.000010 0.000010 0.027052 0.000012 0.000010 0.000010 0.972897
0.000010 0.000010 0.000010 0.000010 0.000010 0.999940 0.000010
0.000010 0.000010 0.047240 0.000010 0.000010 0.300176 0.652544
0.000010 0.000010 0.000010 0.999940 0.000010 0.000010 0.000010
0.000010 0.000010 0.000010 0.999940 0.000010 0.000010 0.000010
0.000010 0.031430 0.000010 0.000010 0.000010 0.573940 0.394590
0.000010 0.000010 0.000010 0.999940 0.000010 0.000010 0.000010
0.000010 0.000010 0.000010 0.000010 0.000010 0.353238 0.646712
0.000010 0.000010 0.000010 0.000010 0.000010 0.223439 0.776511
0.000010 0.000010 0.000010 0.999940 0.000010 0.000010 0.000010
0.000010 0.000010 0.000010 0.999940 0.000010 0.000010 0.000010
0.000010 0.000010 0.000010 0.000010 0.000010 0.568025 0.431925
0.000010 0.000010 0.000010 0.999940 0.000010 0.000010 0.000010
0.000010 0.000010 0.000010 0.999940 0.000010 0.000010 0.000010
0.000010 0.000010 0.000010 0.999940 0.000010 0.000010 0.000010
0.744353 0.000010 0.079580 0.002178 0.000010 0.069201 0.104668
0.773981 0.000010 0.063861 0.000010 0.000010 0.018129 0.144000
0.999940 0.000010 0.000010 0.000010 0.000010 0.000010 0.000010
0.999940 0.000010 0.000010 0.000010 0.000010 0.000010 0.000010
0.000010 0.000010 0.000010 0.273543 0.726407 0.000010 0.000010
0.000010 0.000010 0.080017 0.000010 0.000010 0.252958 0.666985
0.999940 0.000010 0.000010 0.000010 0.000010 0.000010 0.000010
0.974938 0.000010 0.000010 0.000010 0.025012 0.000010 0.000010
0.785552 0.000010 0.000010 0.000010 0.014124 0.200284 0.000010
0.875109 0.000010 0.000010 0.000010 0.000010 0.000010 0.124841
0.907279 0.000010 0.000010 0.000011 0.000010 0.092670 0.000010
0.999940 0.000010 0.000010 0.000010 0.000010 0.000010 0.000010
0.978691 0.000010 0.000010 0.000010 0.000010 0.021259 0.000010
0.696322 0.239729 0.035884 0.000010 0.000010 0.000010 0.028035
0.810898 0.000010 0.118621 0.000010 0.000010 0.070441 0.000010
0.999940 0.000010 0.000010 0.000010 0.000010 0.000010 0.000010
0.757209 0.000010 0.199652 0.000010 0.000010 0.000010 0.043099
0.839042 0.074977 0.062063 0.000010 0.000010 0.000010 0.023889
0.842753 0.017917 0.000010 0.000010 0.000010 0.119848 0.019451
0.951147 0.000010 0.000010 0.000010 0.000010 0.000010 0.048803
0.999940 0.000010 0.000010 0.000010 0.000010 0.000010 0.000010
0.880250 0.000010 0.000010 0.000010 0.000010 0.119700 0.000010
0.874103 0.000010 0.000010 0.000010 0.000010 0.000010 0.125847
0.802268 0.000010 0.000010 0.000010 0.000010 0.197682 0.000010
0.851828 0.000010 0.148122 0.000010 0.000010 0.000010 0.000010
0.999940 0.000010 0.000010 0.000010 0.000010 0.000010 0.000010
0.924521 0.000010 0.001364 0.002649 0.000010 0.005091 0.066355
0.000010 0.000010 0.000010 0.121389 0.878561 0.000010 0.000010
0.893655 0.000010 0.000010 0.000010 0.000010 0.000010 0.106295
0.645889 0.000010 0.251009 0.000010 0.000010 0.000010 0.103063
0.999940 0.000010 0.000010 0.000010 0.000010 0.000010 0.000010
0.000010 0.000010 0.000010 0.000010 0.999940 0.000010 0.000010
0.999940 0.000010 0.000010 0.000010 0.000010 0.000010 0.000010
0.000010 0.000010 0.000010 0.110063 0.889887 0.000010 0.000010
0.999940 0.000010 0.000010 0.000010 0.000010 0.000010 0.000010
0.925390 0.000010 0.000010 0.000010 0.000010 0.000010 0.074560
0.878187 0.000010 0.000010 0.000010 0.007334 0.114438 0.000010
0.784777 0.000010 0.185778 0.000010 0.000010 0.029406 0.000010
0.999940 0.000010 0.000010 0.000010 0.000010 0.000010 0.000010
0.755469 0.000010 0.106248 0.000010 0.000010 0.138243 0.000010
0.999940 0.000010 0.000010 0.000010 0.000010 0.000010 0.000010
0.701807 0.017934 0.090484 0.000010 0.000010 0.183213 0.006541
0.999940 0.000010 0.000010 0.000010 0.000010 0.000010 0.000010
0.718234 0.000010 0.036455 0.000010 0.000010 0.184662 0.060618
0.999940 0.000010 0.000010 0.000010 0.000010 0.000010 0.000010
0.669046 0.000010 0.273297 0.000010 0.000010 0.000010 0.057616
0.574443 0.000010 0.199610 0.019751 0.000010 0.206166 0.000010
0.000010 0.000010 0.000010 0.000010 0.000010 0.153094 0.846856
0.000010 0.000010 0.101241 0.000010 0.007773 0.458134 0.432821
0.000010 0.000010 0.000010 0.000010 0.000010 0.077190 0.922760
0.000010 0.000010 0.102115 0.012534 0.000010 0.383135 0.502185
0.000010 0.000010 0.000010 0.000010 0.000010 0.000010 0.999940
0.000010 0.000010 0.000010 0.000018 0.000010 0.368060 0.631882
0.000010 0.000010 0.116836 0.000010 0.000010 0.228257 0.654866
0.000010 0.000010 0.022402 0.000010 0.000010 0.497642 0.479916
0.000010 0.000010 0.000010 0.000010 0.000010 0.243853 0.756097
0.000010 0.032146 0.083569 0.000010 0.000010 0.138479 0.745777
0.000010 0.000010 0.000010 0.000010 0.000010 0.345048 0.654902
0.000010 0.000010 0.000010 0.000010 0.000010 0.122607 0.877343
0.000010 0.000010 0.000010 0.244855 0.755095 0.000010 0.000010
0.000010 0.013058 0.000010 0.000010 0.000010 0.417090 0.569812
0.033814 0.000010 0.000010 0.000010 0.000010 0.274795 0.691351
0.000010 0.000010 0.000010 0.020948 0.000010 0.222439 0.756573
0.008502 0.000010 0.000017 0.000010 0.024626 0.401821 0.565014
0.000010 0.000010 0.050000 0.000010 0.000010 0.427803 0.522157
0.000010 0.000010 0.000010 0.000010 0.000010 0.527879 0.472071
0.000010 0.000010 0.009855 0.000010 0.000010 0.000010 0.990095
0.000010 0.000010 0.000010 0.000010 0.000010 0.104536 0.895414
0.000010 0.000010 0.000010 0.000010 0.000010 0.574341 0.425609
0.000010 0.000010 0.000010 0.000010 0.000010 0.445707 0.554243
0.017676 0.000010 0.000010 0.000010 0.000010 0.480454 0.501830
0.000010 0.000010 0.026177 0.000010 0.010876 0.071891 0.891025
0.000010 0.000010 0.000010 0.000010 0.000010 0.200102 0.799848
0.013817 0.000010 0.000010 0.000010 0.000010 0.482888 0.503255
0.143240 0.000010 0.000010 0.001893 0.000010 0.244894 0.609943
0.000010 0.000010 0.000010 0.000010 0.000010 0.438945 0.561005
0.000010 0.000010 0.000010 0.000010 0.000010 0.413396 0.586554
0.052379 0.000010 0.000010 0.000010 0.000010 0.191396 0.756185
0.000010 0.000010 0.161827 0.000010 0.012945 0.000010 0.825187
0.000010 0.000010 0.000010 0.000010 0.000010 0.287801 0.712149
0.898748 0.000010 0.000010 0.000010 0.000010 0.000010 0.101202
0.000010 0.000010 0.154458 0.000010 0.000010 0.000010 0.845492
0.000010 0.000010 0.037701 0.000010 0.033189 0.000010 0.929070
0.000010 0.000010 0.283617 0.000010 0.000010 0.000010 0.716333
0.000010 0.000010 0.000010 0.000010 0.000010 0.407925 0.592025
0.039073 0.000010 0.000010 0.000010 0.000010 0.426227 0.534659
0.000010 0.000010 0.026565 0.000010 0.000010 0.528446 0.444950
0.000010 0.000010 0.124596 0.000010 0.000010 0.072529 0.802835
0.000010 0.000010 0.073516 0.000010 0.000010 0.264761 0.661683
0.000010 0.000010 0.000010 0.000010 0.000010 0.000010 0.999940
0.000010 0.000010 0.000010 0.000010 0.000010 0.237774 0.762176
0.000010 0.000010 0.165007 0.000010 0.000010 0.300437 0.534515
0.000010 0.000010 0.000010 0.000010 0.000010 0.465452 0.534498
0.000010 0.000010 0.000010 0.000010 0.000010 0.484013 0.515937
0.000010 0.000010 0.000010 0.000010 0.000010 0.034682 0.965268
0.067247 0.000010 0.038621 0.000010 0.000010 0.296773 0.597329
0.068296 0.000010 0.000010 0.000010 0.000010 0.555228 0.376436
0.089557 0.000010 0.000010 0.002851 0.000010 0.262411 0.645151
0.000010 0.000010 0.000010 0.000010 0.000010 0.290016 0.709934
0.000010 0.000010 0.000010 0.000010 0.000010 0.455841 0.544109
0.195416 0.000010 0.082308 0.000010 0.000010 0.103509 0.618738
0.000010 0.000010 0.000010 0.000010 0.000010 0.999940 0.000010
0.000010 0.000010 0.000010 0.000010 0.000010 0.436308 0.563642
0.003942 0.000010 0.000010 0.000010 0.000010 0.204426 0.791592
0.000010 0.000010 0.000010 0.000010 0.000010 0.298097 0.701853
0.005362 0.000010 0.000010 0.000010 0.011838 0.685675 0.297094
0.000010 0.000010 0.000010 0.000010 0.000010 0.999940 0.000010
0.000010 0.000010 0.000010 0.000010 0.000010 0.000010 0.999940
0.000010 0.000010 0.000010 0.000010 0.000010 0.999940 0.000010
0.107287 0.000010 0.010035 0.000010 0.000010 0.127031 0.755617
0.000010 0.000010 0.016774 0.000010 0.000010 0.538142 0.445044
0.000010 0.000010 0.000010 0.000010 0.000010 0.079535 0.920415
0.000010 0.000010 0.000010 0.000010 0.024677 0.898271 0.077012
0.000010 0.000010 0.000010 0.999940 0.000010 0.000010 0.000010
0.000010 0.000010 0.000010 0.000010 0.000010 0.037209 0.962741
0.000010 0.000010 0.000010 0.000010 0.000010 0.172186 0.827764
0.000010 0.000010 0.000010 0.000010 0.010996 0.000010 0.988954
0.000010 0.000010 0.000010 0.028546 0.000010 0.378602 0.592812
0.076417 0.000010 0.069493 0.000010 0.000010 0.302691 0.551369
0.000010 0.000010 0.000010 0.000010 0.000010 0.000010 0.999940
0.000010 0.000010 0.000010 0.013881 0.000010 0.231389 0.754690
0.000010 0.000010 0.000010 0.000010 0.000010 0.148640 0.851310
0.025940 0.000010 0.000010 0.000010 0.000010 0.023078 0.950942
0.000010 0.000010 0.000010 0.000010 0.000010 0.082945 0.917005
0.000010 0.082360 0.000010 0.000010 0.000010 0.000010 0.917590
0.010402 0.000010 0.000010 0.015661 0.000010 0.295498 0.678409
0.000010 0.000010 0.084514 0.000010 0.000010 0.242498 0.672949
0.000010 0.000010 0.000010 0.000010 0.000010 0.000010 0.999940
0.000010 0.000010 0.000010 0.000010 0.000010 0.215078 0.784872
0.000010 0.000010 0.999940 0.000010 0.000010 0.000010 0.000010
0.000010 0.142668 0.814772 0.000010 0.000010 0.000010 0.042520
0.000010 0.000010 0.999938 0.000012 0.000010 0.000010 0.000010
0.145356 0.000010 0.595651 0.000010 0.000010 0.258953 0.000010
0.000010 0.000010 0.999940 0.000010 0.000010 0.000010 0.000010
0.000010 0.000010 0.999940 0.000010 0.000010 0.000010 0.000010
0.000010 0.000010 0.968336 0.000010 0.031614 0.000010 0.000010
0.000010 0.000010 0.905499 0.000010 0.000010 0.000010 0.094451
0.000010 0.000010 0.978463 0.000010 0.000010 0.021487 0.000010
0.000010 0.000010 0.919095 0.000010 0.000010 0.000010 0.080855
0.000010 0.000010 0.878794 0.000010 0.011149 0.000010 0.110017
0.229334 0.000010 0.695249 0.000010 0.000010 0.000010 0.075377
0.199624 0.000010 0.699318 0.000010 0.000010 0.101018 0.000010
0.000010 0.000010 0.999940 0.000010 0.000010 0.000010 0.000010
0.000010 0.000010 0.870487 0.000010 0.018503 0.110970 0.000010
0.000010 0.000010 0.000010 0.044641 0.955309 0.000010 0.000010
0.194800 0.000010 0.789915 0.000010 0.000010 0.000010 0.015245
0.000010 0.000010 0.837381 0.000010 0.000010 0.162569 0.000010
0.000010 0.000010 0.815427 0.000010 0.000010 0.070382 0.114151
0.162868 0.000010 0.700693 0.000010 0.000010 0.000010 0.136399
0.411925 0.000010 0.535599 0.000010 0.011642 0.000010 0.040804
0.000010 0.000010 0.945174 0.000010 0.000010 0.000010 0.054776
0.000010 0.000010 0.878068 0.000010 0.022372 0.000010 0.099520
0.000010 0.000010 0.873132 0.000010 0.000010 0.039573 0.087254
0.000010 0.000010 0.926458 0.000010 0.000010 0.073492 0.000010
0.000010 0.000010 0.999940 0.000010 0.000010 0.000010 0.000010
0.000010 0.000010 0.985191 0.000010 0.000010 0.014759 0.000010
0.120919 0.000010 0.873838 0.000010 0.005203 0.000010 0.000010
0.081028 0.000010 0.785682 0.000010 0.000010 0.133249 0.000010
0.000010 0.000010 0.848162 0.000010 0.000010 0.000010 0.151788
0.000010 0.000010 0.980600 0.000010 0.019350 0.000010 0.000010
0.000010 0.000010 0.999940 0.000010 0.000010 0.000010 0.000010
0.000010 0.000010 0.878647 0.000010 0.000010 0.052112 0.069202
0.078512 0.000010 0.921438 0.000010 0.000010 0.000010 0.000010
0.000010 0.000010 0.999940 0.000010 0.000010 0.000010 0.000010
0.000010 0.000010 0.000010 0.235087 0.764863 0.000010 0.000010
0.153579 0.000010 0.846371 0.000010 0.000010 0.000010 0.000010
0.000010 0.000010 0.966411 0.000010 0.000010 0.033539 0.000010
0.000010 0.000010 0.000010 0.082149 0.917801 0.000010 0.000010
0.000010 0.000010 0.970832 0.000010 0.000010 0.029118 0.000010
0.000010 0.031998 0.965676 0.000010 0.000010 0.000010 0.002286
0.000010 0.000010 0.791769 0.000010 0.000010 0.108596 0.099595
0.000010 0.000010 0.859023 0.000010 0.000010 0.000010 0.140927
0.000010 0.000010 0.999940 0.000010 0.000010 0.000010 0.000010
0.088342 0.000010 0.809245 0.016950 0.000010 0.000010 0.085434
0.000010 0.000010 0.999940 0.000010 0.000010 0.000010 0.000010
0.000010 0.000012 0.000014 0.400697 0.599246 0.000010 0.000010
0.000010 0.000010 0.999940 0.000010 0.000010 0.000010 0.000010
0.137099 0.000010 0.862851 0.000010 0.000010 0.000010 0.000010
0.000010 0.000010 0.999940 0.000010 0.000010 0.000010 0.000010
0.000010 0.000010 0.985802 0.000010 0.000010 0.014148 0.000010
0.000010 0.000010 0.999940 0.000010 0.000010 0.000010 0.000010
0.000010 0.000010 0.000010 0.000010 0.000010 0.458558 0.541392
