0.000010 0.057157 0.387271 0.267789 0.112899 0.131537 0.008595 0.000010 0.034722 0.000010
0.000010 0.134784 0.373668 0.279096 0.050124 0.000010 0.000010 0.000010 0.000010 0.162279
0.000010 0.000010 0.706344 0.241604 0.000010 0.000010 0.002727 0.020911 0.000010 0.028363
0.000010 0.000010 0.000010 0.999910 0.000010 0.000010 0.000010 0.000010 0.000010 0.000010
0.000010 0.000010 0.289273 0.572831 0.000010 0.046199 0.000010 0.000010 0.000010 0.091637
0.000010 0.000010 0.516176 0.276152 0.000010 0.207602 0.000010 0.000010 0.000010 0.000010
0.000010 0.000010 0.480717 0.506336 0.000010 0.000010 0.000010 0.000010 0.000010 0.012876
0.000010 0.000010 0.442845 0.373211 0.183875 0.000010 0.000010 0.000010 0.000010 0.000010
0.000010 0.000010 0.607899 0.392021 0.000010 0.000010 0.000010 0.000010 0.000010 0.000010
0.000010 0.999910 0.000010 0.000010 0.000010 0.000010 0.000010 0.000010 0.000010 0.000010
0.000010 0.999910 0.000010 0.000010 0.000010 0.000010 0.000010 0.000010 0.000010 0.000010
0.000010 0.026469 0.690915 0.000010 0.282546 0.000010 0.000010 0.000010 0.000010 0.000010
0.000010 0.000010 0.901768 0.000010 0.000010 0.000010 0.000010 0.098152 0.000010 0.000010
0.000010 0.000010 0.000010 0.814790 0.057590 0.000010 0.000010 0.127550 0.000010 0.000010
0.000010 0.000010 0.000010 0.999910 0.000010 0.000010 0.000010 0.000010 0.000010 0.000010
0.000010 0.000010 0.885150 0.114770 0.000010 0.000010 0.000010 0.000010 0.000010 0.000010
0.000010 0.000010 0.000010 0.999910 0.000010 0.000010 0.000010 0.000010 0.000010 0.000010
0.000010 0.086159 0.730118 0.000010 0.183653 0.000010 0.000010 0.000010 0.000010 0.000010
0.000010 0.000010 0.230629 0.594612 0.174689 0.000010 0.000010 0.000010 0.000010 0.000010
0.008002 0.000010 0.485551 0.506377 0.000010 0.000010 0.000010 0.000010 0.000010 0.000010
0.000010 0.000010 0.948431 0.000010 0.000010 0.000010 0.000010 0.000010 0.000010 0.051489
0.032694 0.000010 0.514509 0.452727 0.000010 0.000010 0.000010 0.000010 0.000010 0.000010
0.000010 0.000010 0.000010 0.999910 0.000010 0.000010 0.000010 0.000010 0.000010 0.000010
0.000010 0.058620 0.207493 0.440128 0.077159 0.000010 0.000010 0.122779 0.093780 0.000010
0.000010 0.000010 0.582675 0.344113 0.000010 0.000010 0.000010 0.073142 0.000010 0.000010
0.000010 0.000010 0.346670 0.374937 0.146772 0.124744 0.000010 0.006827 0.000010 0.000010
0.000010 0.000010 0.635645 0.000010 0.152922 0.000010 0.000010 0.057818 0.109367 0.044198
0.000010 0.000010 0.134737 0.000010 0.000010 0.440615 0.000010 0.000010 0.024078 0.400511
0.000010 0.000010 0.000010 0.582975 0.000010 0.000010 0.000010 0.000010 0.239944 0.177011
0.000010 0.000010 0.261442 0.501717 0.000010 0.000010 0.000010 0.000010 0.236771 0.000010
0.000010 0.000010 0.000010 0.000010 0.000010 0.000010 0.000010 0.000010 0.999910 0.000010
0.000010 0.000010 0.222379 0.295782 0.000010 0.132427 0.000010 0.000010 0.349352 0.000010
0.000010 0.126883 0.369805 0.341218 0.000010 0.000010 0.005024 0.000010 0.157020 0.000010
0.000010 0.000010 0.000010 0.000010 0.000010 0.000010 0.000010 0.000010 0.999910 0.000010
0.000010 0.000010 0.000010 0.000010 0.000010 0.000010 0.000010 0.000010 0.999910 0.000010
0.000010 0.000010 0.000010 0.000010 0.000010 0.000010 0.000010 0.000010 0.999910 0.000010
0.000010 0.000010 0.000010 0.623565 0.053498 0.000010 0.000010 0.149988 0.172889 0.000010
0.000010 0.000010 0.000010 0.000010 0.000010 0.000010 0.000010 0.000010 0.999910 0.000010
0.000010 0.000010 0.148677 0.404214 0.000010 0.000010 0.000010 0.102062 0.344988 0.000010
0.000010 0.234563 0.126164 0.382060 0.000010 0.257152 0.000010 0.000010 0.000010 0.000010
0.000010 0.167221 0.353270 0.359745 0.000010 0.100044 0.000010 0.000010 0.019669 0.000010
0.000010 0.173224 0.000010 0.629533 0.000010 0.033344 0.000010 0.000010 0.163839 0.000010
0.000010 0.000010 0.000010 0.574117 0.000010 0.000010 0.000010 0.207532 0.218281 0.000010
0.000010 0.154153 0.430761 0.151865 0.000010 0.011117 0.000010 0.000010 0.160018 0.092046
0.999910 0.000010 0.000010 0.000010 0.000010 0.000010 0.000010 0.000010 0.000010 0.000010
0.007795 0.090627 0.383776 0.352720 0.000010 0.127024 0.000010 0.038017 0.000010 0.000010
0.000010 0.195872 0.285959 0.289757 0.020502 0.166827 0.000010 0.041043 0.000010 0.000010
0.005991 0.000010 0.000010 0.403163 0.129145 0.000010 0.000010 0.163628 0.298023 0.000010
0.000010 0.000010 0.000010 0.441455 0.000010 0.140517 0.000010 0.000010 0.397765 0.020203
0.792687 0.000010 0.000010 0.000010 0.000010 0.000010 0.207233 0.000010 0.000010 0.000010
0.000010 0.365475 0.000010 0.220991 0.000010 0.231570 0.000010 0.000010 0.181903 0.000010
0.000010 0.000010 0.384861 0.000010 0.042275 0.000010 0.000010 0.000010 0.375216 0.197589
0.999910 0.000010 0.000010 0.000010 0.000010 0.000010 0.000010 0.000010 0.000010 0.000010
0.000010 0.000010 0.000010 0.545178 0.000010 0.000010 0.000010 0.000010 0.303494 0.151258
0.999910 0.000010 0.000010 0.000010 0.000010 0.000010 0.000010 0.000010 0.000010 0.000010
0.999910 0.000010 0.000010 0.000010 0.000010 0.000010 0.000010 0.000010 0.000010 0.000010
0.013490 0.000010 0.064053 0.404982 0.215550 0.112132 0.000010 0.106683 0.083080 0.000010
0.999910 0.000010 0.000010 0.000010 0.000010 0.000010 0.000010 0.000010 0.000010 0.000010
0.000010 0.999910 0.000010 0.000010 0.000010 0.000010 0.000010 0.000010 0.000010 0.000010
0.999910 0.000010 0.000010 0.000010 0.000010 0.000010 0.000010 0.000010 0.000010 0.000010
0.000010 0.999910 0.000010 0.000010 0.000010 0.000010 0.000010 0.000010 0.000010 0.000010
0.000010 0.302302 0.113104 0.240535 0.107480 0.129734 0.000010 0.000010 0.106804 0.000010
0.000010 0.000010 0.263959 0.379223 0.000010 0.000010 0.000010 0.146558 0.210200 0.000010
0.000010 0.051511 0.000010 0.825041 0.000010 0.123378 0.000010 0.000010 0.000010 0.000010
0.000010 0.217876 0.330516 0.339395 0.016275 0.000010 0.000010 0.000010 0.095889 0.000010
0.000010 0.000010 0.000010 0.000010 0.000010 0.910728 0.000010 0.089192 0.000010 0.000010
0.000010 0.000010 0.000010 0.000010 0.000010 0.520763 0.031905 0.240903 0.000010 0.206369
0.000010 0.000010 0.000010 0.000010 0.000010 0.390506 0.000010 0.111969 0.000010 0.497455
0.000010 0.000010 0.061288 0.000010 0.088864 0.138060 0.000010 0.550830 0.000010 0.160907
0.000010 0.000010 0.000010 0.000010 0.000010 0.288471 0.000010 0.711449 0.000010 0.000010
0.000010 0.000010 0.000010 0.000010 0.000010 0.000010 0.000010 0.611157 0.000010 0.388763
0.000010 0.000010 0.000010 0.000010 0.000010 0.999910 0.000010 0.000010 0.000010 0.000010
0.000010 0.000010 0.000010 0.000010 0.000010 0.317403 0.000010 0.443281 0.076021 0.163236
0.189727 0.000010 0.000012 0.000010 0.000010 0.000010 0.810191 0.000010 0.000010 0.000010
0.000010 0.015614 0.000010 0.001297 0.000010 0.227508 0.000010 0.421676 0.000010 0.333856
0.000010 0.000010 0.000010 0.000010 0.009744 0.246664 0.000010 0.425152 0.000010 0.318380
0.000010 0.000010 0.000010 0.108108 0.000010 0.440317 0.000010 0.318317 0.000010 0.133198
0.000010 0.000010 0.000010 0.000010 0.000010 0.000010 0.000010 0.999910 0.000010 0.000010
0.000010 0.000010 0.013423 0.000010 0.000010 0.455420 0.000010 0.292187 0.000010 0.238910
0.000010 0.000010 0.000010 0.000010 0.000010 0.426222 0.000010 0.286363 0.000010 0.287345
0.000010 0.000010 0.000010 0.000010 0.000010 0.452017 0.000010 0.468997 0.000010 0.078916
0.000010 0.070331 0.732882 0.000010 0.060054 0.000010 0.000010 0.000010 0.000010 0.136674
0.000010 0.000010 0.000010 0.337081 0.000010 0.059649 0.000010 0.353842 0.000010 0.249367
0.000010 0.000010 0.000010 0.000010 0.000010 0.000010 0.999910 0.000010 0.000010 0.000010
0.000010 0.026736 0.000010 0.000010 0.000010 0.973184 0.000010 0.000010 0.000010 0.000010
0.000010 0.000010 0.000010 0.000010 0.000010 0.999910 0.000010 0.000010 0.000010 0.000010
0.000010 0.000010 0.000010 0.000010 0.000010 0.351598 0.000010 0.648322 0.000010 0.000010
0.000010 0.000010 0.080837 0.006373 0.000010 0.429832 0.000010 0.230924 0.000010 0.251984
0.000010 0.000010 0.000010 0.000010 0.247875 0.091946 0.000010 0.413030 0.000010 0.247089
0.000010 0.000010 0.000010 0.000010 0.000010 0.000010 0.999910 0.000010 0.000010 0.000010
0.000010 0.000010 0.000010 0.000010 0.100438 0.336249 0.000010 0.155093 0.000010 0.408160
0.000010 0.000010 0.000010 0.000010 0.000010 0.507330 0.000010 0.492590 0.000010 0.000010
0.000010 0.000010 0.000010 0.000010 0.000010 0.000010 0.999910 0.000010 0.000010 0.000010
0.000010 0.000010 0.000010 0.000010 0.000010 0.294496 0.000010 0.705424 0.000010 0.000010
0.000010 0.000010 0.000010 0.000010 0.000010 0.000010 0.999910 0.000010 0.000010 0.000010
0.000010 0.000010 0.000010 0.000010 0.000010 0.000010 0.999910 0.000010 0.000010 0.000010
0.181527 0.000010 0.000010 0.000010 0.000010 0.000010 0.818393 0.000010 0.000010 0.000010
0.018260 0.000010 0.000010 0.000010 0.036302 0.195678 0.000010 0.295782 0.001774 0.452164
0.000010 0.000010 0.000010 0.188033 0.000010 0.030117 0.000010 0.724669 0.000010 0.057121
0.000010 0.043413 0.141018 0.000010 0.735426 0.000010 0.000010 0.080084 0.000010 0.000010
0.000010 0.000010 0.000010 0.088109 0.782527 0.000010 0.021242 0.000010 0.000010 0.108062
0.000010 0.000010 0.197528 0.000010 0.689510 0.000010 0.000010 0.112892 0.000010 0.000010
0.000010 0.000010 0.000010 0.163274 0.802464 0.000010 0.000010 0.008221 0.025981 0.000010
0.000010 0.000010 0.000010 0.000010 0.843794 0.050052 0.000010 0.000010 0.106084 0.000010
0.000010 0.000010 0.117827 0.000010 0.699683 0.023661 0.000010 0.158769 0.000010 0.000010
0.000010 0.000010 0.000010 0.000010 0.000010 0.000010 0.000010 0.610171 0.000010 0.389749
0.136197 0.000010 0.000010 0.000010 0.000010 0.000010 0.863723 0.000010 0.000010 0.000010
0.000010 0.000010 0.000010 0.000010 0.000010 0.492616 0.000010 0.248832 0.000010 0.258481
0.000010 0.000010 0.000010 0.000010 0.000010 0.000010 0.000010 0.999910 0.000010 0.000010
0.000010 0.000010 0.000010 0.000010 0.000010 0.021727 0.000010 0.000010 0.000010 0.978193
0.000010 0.000010 0.000010 0.000010 0.000010 0.000010 0.999910 0.000010 0.000010 0.000010
0.000010 0.000010 0.000010 0.000010 0.000010 0.134807 0.000010 0.348592 0.000010 0.516531
0.000010 0.000010 0.000010 0.000010 0.000010 0.392449 0.000010 0.000010 0.000010 0.607471
0.000010 0.000010 0.000010 0.000010 0.007628 0.603877 0.018569 0.000010 0.000010 0.369865
0.000010 0.000010 0.000010 0.000010 0.000010 0.286862 0.002971 0.254384 0.000010 0.455723
0.000010 0.000010 0.000010 0.000010 0.210493 0.096963 0.000010 0.297075 0.000010 0.395408
0.000010 0.000010 0.000010 0.000010 0.000010 0.348062 0.000010 0.000010 0.000010 0.651858
0.000010 0.000010 0.000010 0.000010 0.007714 0.480695 0.000010 0.469683 0.000010 0.041848
0.000010 0.000010 0.000010 0.058382 0.000010 0.658200 0.000010 0.000010 0.000010 0.283348
0.004805 0.000010 0.000010 0.095122 0.000010 0.185482 0.000010 0.378429 0.000010 0.336111
0.000010 0.000010 0.000010 0.000010 0.000010 0.000010 0.999910 0.000010 0.000010 0.000010
0.000010 0.000010 0.000010 0.000010 0.000010 0.999910 0.000010 0.000010 0.000010 0.000010
0.000010 0.067475 0.000010 0.048256 0.000010 0.724538 0.000010 0.151788 0.000010 0.007893
0.000010 0.000010 0.000010 0.000010 0.000010 0.379991 0.000010 0.163261 0.000010 0.456678
0.000010 0.000010 0.000010 0.000010 0.000010 0.999910 0.000010 0.000010 0.000010 0.000010
0.000010 0.000010 0.000010 0.000010 0.000010 0.000010 0.000010 0.000010 0.000010 0.999910
0.000010 0.070445 0.000010 0.000010 0.000010 0.459241 0.000010 0.470243 0.000010 0.000010
0.000010 0.000010 0.000010 0.000010 0.000010 0.000010 0.000010 0.000010 0.000010 0.999910
0.000010 0.000010 0.020133 0.000010 0.000010 0.275430 0.000010 0.187582 0.000010 0.516794
0.000010 0.000010 0.104549 0.000010 0.000010 0.371277 0.012588 0.000010 0.053071 0.458465
0.000010 0.000010 0.000010 0.000010 0.000010 0.000010 0.000010 0.000010 0.000010 0.999910
0.000010 0.000010 0.000010 0.000010 0.023159 0.600481 0.012351 0.060708 0.000010 0.303251
0.000010 0.000010 0.000010 0.000010 0.000010 0.999910 0.000010 0.000010 0.000010 0.000010
0.000010 0.000010 0.000010 0.000010 0.000010 0.917259 0.000010 0.082661 0.000010 0.000010
0.000010 0.000010 0.000010 0.000010 0.000010 0.129493 0.000010 0.669811 0.000010 0.200626
0.000010 0.000010 0.018280 0.000010 0.000010 0.464485 0.015669 0.216067 0.000010 0.285448
0.000010 0.000010 0.000010 0.000010 0.000010 0.141379 0.000010 0.647407 0.000010 0.211143
0.000010 0.000010 0.000010 0.000010 0.000010 0.877559 0.000010 0.122361 0.000010 0.000010
0.000010 0.000010 0.000010 0.000010 0.000010 0.248469 0.000010 0.751451 0.000010 0.000010
0.000010 0.000010 0.000010 0.000010 0.000010 0.999910 0.000010 0.000010 0.000010 0.000010
0.000010 0.000010 0.000010 0.000010 0.079466 0.595993 0.000010 0.000010 0.000010 0.324471
0.000010 0.000010 0.000010 0.000010 0.000010 0.000010 0.999910 0.000010 0.000010 0.000010
0.000010 0.000010 0.000010 0.000010 0.000010 0.000010 0.999910 0.000010 0.000010 0.000010
0.000010 0.000010 0.000010 0.000010 0.000010 0.378418 0.000010 0.000010 0.062647 0.558865
0.000010 0.000010 0.000010 0.000010 0.000010 0.000010 0.999910 0.000010 0.000010 0.000010
0.000010 0.000010 0.000010 0.000010 0.000010 0.000010 0.000010 0.690817 0.000010 0.309103
0.000010 0.000010 0.000010 0.000010 0.000010 0.000010 0.000010 0.999910 0.000010 0.000010
0.000010 0.000010 0.000010 0.000010 0.000010 0.000010 0.999910 0.000010 0.000010 0.000010
0.000010 0.000010 0.000010 0.000010 0.000010 0.000010 0.999910 0.000010 0.000010 0.000010
0.000010 0.000010 0.000010 0.000010 0.000010 0.486645 0.000010 0.000010 0.000010 0.513275
0.000010 0.000010 0.000010 0.000010 0.000010 0.000010 0.999910 0.000010 0.000010 0.000010
0.000010 0.000010 0.000010 0.000010 0.000010 0.000010 0.999910 0.000010 0.000010 0.000010
0.000010 0.000010 0.000010 0.000010 0.000010 0.000010 0.999910 0.000010 0.000010 0.000010
0.000010 0.000010 0.687299 0.000010 0.000010 0.312621 0.000010 0.000010 0.000010 0.000010
0.000010 0.000010 0.974952 0.000010 0.000010 0.000491 0.000010 0.000010 0.000010 0.024487
0.000010 0.000010 0.892659 0.103514 0.000010 0.003757 0.000010 0.000010 0.000010 0.000010
0.000010 0.000010 0.667443 0.332477 0.000010 0.000010 0.000010 0.000010 0.000010 0.000010
0.731658 0.000010 0.000010 0.000010 0.000010 0.000010 0.268262 0.000010 0.000010 0.000010
0.000010 0.000010 0.000010 0.141167 0.000010 0.147654 0.000010 0.283645 0.000010 0.427474
0.000010 0.000010 0.693333 0.306587 0.000010 0.000010 0.000010 0.000010 0.000010 0.000010
0.023355 0.000010 0.435292 0.541283 0.000010 0.000010 0.000010 0.000010 0.000010 0.000010
0.015587 0.000010 0.509426 0.097659 0.000010 0.210015 0.000010 0.000010 0.167262 0.000010
0.000010 0.000010 0.000010 0.999910 0.000010 0.000010 0.000010 0.000010 0.000010 0.000010
0.000010 0.000010 0.748830 0.186548 0.000010 0.064552 0.000010 0.000010 0.000010 0.000010
0.000010 0.000010 0.999910 0.000010 0.000010 0.000010 0.000010 0.000010 0.000010 0.000010
0.000010 0.000010 0.000010 0.936930 0.000010 0.000010 0.000010 0.000010 0.000010 0.062990
0.000010 0.173058 0.543869 0.179405 0.000010 0.028565 0.000010 0.000010 0.029090 0.045973
0.000010 0.000010 0.205158 0.587417 0.103318 0.104047 0.000010 0.000010 0.000010 0.000010
0.000010 0.000010 0.515453 0.363837 0.000010 0.000010 0.000010 0.072721 0.047929 0.000010
0.000010 0.000010 0.749450 0.000010 0.226529 0.000010 0.000010 0.000010 0.000010 0.023951
0.000010 0.080095 0.769618 0.000010 0.027727 0.054572 0.000010 0.000010 0.067938 0.000010
0.000010 0.000010 0.835948 0.000010 0.000010 0.000010 0.000010 0.138267 0.025714 0.000010
0.000010 0.000010 0.532093 0.452709 0.000010 0.015128 0.000010 0.000010 0.000010 0.000010
0.000010 0.000010 0.999910 0.000010 0.000010 0.000010 0.000010 0.000010 0.000010 0.000010
0.000010 0.000010 0.319882 0.561609 0.000010 0.118439 0.000010 0.000010 0.000010 0.000010
0.000010 0.000010 0.577960 0.203598 0.000010 0.041950 0.000010 0.065936 0.110506 0.000010
0.002571 0.000985 0.563040 0.229656 0.000010 0.000010 0.000010 0.000010 0.000010 0.203698
0.000010 0.000010 0.642162 0.246529 0.111239 0.000010 0.000010 0.000010 0.000010 0.000010
0.000010 0.000010 0.266146 0.643225 0.000010 0.000010 0.000010 0.000010 0.090559 0.000010
0.000010 0.000010 0.621755 0.193788 0.000010 0.000010 0.000010 0.000010 0.095255 0.089142
0.889028 0.000010 0.000010 0.000010 0.000010 0.000010 0.110892 0.000010 0.000010 0.000010
0.000010 0.000010 0.999910 0.000010 0.000010 0.000010 0.000010 0.000010 0.000010 0.000010
0.000010 0.000010 0.274834 0.304666 0.255722 0.000010 0.001934 0.162793 0.000010 0.000010
0.000010 0.000010 0.384358 0.615562 0.000010 0.000010 0.000010 0.000010 0.000010 0.000010
0.999910 0.000010 0.000010 0.000010 0.000010 0.000010 0.000010 0.000010 0.000010 0.000010
0.000010 0.000010 0.999910 0.000010 0.000010 0.000010 0.000010 0.000010 0.000010 0.000010
0.914358 0.000010 0.000010 0.000010 0.000010 0.000010 0.085562 0.000010 0.000010 0.000010
0.000010 0.000010 0.273551 0.726369 0.000010 0.000010 0.000010 0.000010 0.000010 0.000010
0.000010 0.000010 0.462737 0.449334 0.000010 0.000010 0.000010 0.087858 0.000010 0.000010
0.007623 0.000010 0.417843 0.459455 0.000010 0.115018 0.000010 0.000010 0.000010 0.000010
0.000010 0.000010 0.827872 0.000010 0.000010 0.000010 0.000010 0.000010 0.000010 0.172048
0.000010 0.000010 0.961570 0.000010 0.000010 0.038350 0.000010 0.000010 0.000010 0.000010
0.000010 0.000010 0.468018 0.311022 0.123308 0.024007 0.000010 0.000010 0.000010 0.073595
0.000010 0.000010 0.000010 0.999910 0.000010 0.000010 0.000010 0.000010 0.000010 0.000010
0.000010 0.020979 0.442132 0.239907 0.035994 0.000010 0.004805 0.251759 0.004393 0.000010
0.000010 0.000010 0.326427 0.622791 0.000010 0.000010 0.000010 0.050712 0.000010 0.000010
0.000010 0.000010 0.386854 0.288716 0.055650 0.220793 0.000010 0.000010 0.000010 0.047938
0.000010 0.000010 0.999910 0.000010 0.000010 0.000010 0.000010 0.000010 0.000010 0.000010
0.000010 0.000010 0.630228 0.005318 0.255360 0.074528 0.000010 0.034516 0.000010 0.000010
0.000010 0.000010 0.402085 0.237036 0.141024 0.000010 0.018180 0.000010 0.000010 0.201625
0.000010 0.000010 0.000010 0.000010 0.000010 0.808546 0.000010 0.191374 0.000010 0.000010
0.013363 0.000010 0.000010 0.000010 0.105847 0.413053 0.000010 0.000010 0.000010 0.467677
0.000010 0.000010 0.000010 0.000010 0.000010 0.753761 0.000010 0.064383 0.000010 0.181786
0.000010 0.126558 0.000010 0.000010 0.082875 0.126269 0.000010 0.061166 0.000010 0.603081
0.000010 0.000010 0.000010 0.000010 0.000010 0.000010 0.000010 0.650286 0.051060 0.298584
0.000010 0.000010 0.000010 0.000010 0.000010 0.338596 0.000010 0.318940 0.000010 0.342394
0.000010 0.000010 0.045356 0.000010 0.088326 0.276019 0.000010 0.314424 0.000010 0.275825
0.000010 0.000010 0.000010 0.008949 0.011878 0.291403 0.000010 0.262158 0.000010 0.425562
0.007998 0.000010 0.130434 0.000010 0.000010 0.159469 0.000010 0.101579 0.000010 0.600470
0.000010 0.000010 0.000010 0.067996 0.081270 0.141131 0.000010 0.689837 0.000010 0.019716
0.000010 0.000010 0.000010 0.000010 0.000010 0.252144 0.000010 0.000010 0.000010 0.747776
0.000010 0.016412 0.000010 0.000010 0.000010 0.194068 0.000010 0.291855 0.000010 0.497606
0.767724 0.000010 0.000010 0.000010 0.000010 0.000010 0.232196 0.000010 0.000010 0.000010
0.000010 0.000010 0.000010 0.000010 0.000010 0.000010 0.000010 0.017122 0.140158 0.842650
0.000010 0.000010 0.036663 0.000010 0.000010 0.261837 0.000010 0.434636 0.000010 0.266805
0.000010 0.000010 0.000010 0.000010 0.000010 0.394734 0.012339 0.342409 0.000010 0.250458
0.027252 0.000010 0.115491 0.000010 0.000010 0.354762 0.000010 0.365873 0.000010 0.136572
0.000010 0.000010 0.000010 0.000010 0.107099 0.010770 0.000010 0.557424 0.000010 0.324648
0.000010 0.000010 0.000010 0.000010 0.000010 0.284661 0.000010 0.187548 0.000010 0.527721
0.000010 0.000010 0.000010 0.000010 0.034070 0.285446 0.000010 0.000010 0.000010 0.680414
0.000010 0.000010 0.000010 0.000010 0.000010 0.000010 0.000010 0.625070 0.000010 0.374850
0.000010 0.000010 0.000010 0.071376 0.000010 0.156391 0.000010 0.204433 0.000010 0.567740
0.000010 0.000010 0.000010 0.000010 0.000010 0.000010 0.000010 0.000010 0.000010 0.999910
0.000010 0.000010 0.000010 0.000010 0.000010 0.000010 0.000010 0.999910 0.000010 0.000010
0.010469 0.000010 0.042588 0.000010 0.000010 0.148540 0.000010 0.404115 0.000010 0.394238
0.000010 0.000010 0.000010 0.000010 0.000010 0.154225 0.000010 0.488249 0.000010 0.357456
0.000010 0.000010 0.011660 0.000010 0.000010 0.000010 0.000010 0.000010 0.000010 0.988260
0.020012 0.000010 0.129077 0.000010 0.000010 0.000010 0.000010 0.073835 0.000010 0.777015
0.000010 0.000010 0.000010 0.000010 0.000010 0.115067 0.000010 0.546904 0.000010 0.337959
0.000010 0.000010 0.007596 0.000010 0.000010 0.217221 0.000010 0.571765 0.000010 0.203358
0.000010 0.000010 0.000010 0.086056 0.000010 0.350082 0.000010 0.394039 0.000010 0.169763
0.010854 0.000010 0.128874 0.000010 0.045908 0.190649 0.000010 0.382342 0.000010 0.241334
0.000010 0.000010 0.000010 0.017646 0.000010 0.424170 0.000010 0.384709 0.000010 0.173415
0.000010 0.000010 0.549457 0.360455 0.000010 0.000010 0.000010 0.090018 0.000010 0.000010
0.000010 0.000010 0.000010 0.000010 0.000010 0.000010 0.000010 0.999910 0.000010 0.000010
0.030085 0.000010 0.000010 0.000010 0.085693 0.359517 0.000010 0.000010 0.000010 0.524645
0.000010 0.000010 0.000010 0.000010 0.218497 0.000010 0.000010 0.567992 0.085796 0.127655
0.000010 0.000010 0.000010 0.000010 0.000010 0.246529 0.000010 0.215448 0.000010 0.537953
0.000010 0.000010 0.000010 0.077970 0.000010 0.038477 0.000010 0.442657 0.000010 0.440835
0.000010 0.000010 0.053265 0.000010 0.000010 0.111469 0.000010 0.243161 0.000010 0.592044
0.000010 0.000010 0.022614 0.000010 0.101660 0.198551 0.000010 0.319791 0.000010 0.357334
0.000010 0.000010 0.000010 0.000010 0.066720 0.246428 0.000010 0.452588 0.000010 0.234204
0.000010 0.000010 0.000010 0.000010 0.000010 0.207396 0.000010 0.754598 0.000010 0.037937
0.000010 0.000010 0.000010 0.000010 0.000010 0.384354 0.000010 0.075345 0.000010 0.540231
0.000010 0.000010 0.000010 0.000010 0.161349 0.255915 0.000010 0.254466 0.000010 0.328210
0.000010 0.000010 0.089223 0.000010 0.000010 0.222765 0.000010 0.000010 0.000010 0.687942
0.000010 0.000010 0.000010 0.072167 0.000010 0.227727 0.000010 0.476234 0.000010 0.223812
0.000010 0.000010 0.000010 0.000010 0.000010 0.242995 0.000010 0.000010 0.000010 0.756925
0.000010 0.000010 0.000010 0.095306 0.000019 0.096076 0.000010 0.322503 0.000010 0.486045
0.000010 0.000010 0.000010 0.081663 0.000010 0.787724 0.000010 0.000010 0.000010 0.130542
0.000010 0.000010 0.000010 0.107589 0.000010 0.064948 0.000010 0.000010 0.000010 0.827393
0.000010 0.000010 0.000010 0.000010 0.000010 0.528315 0.000010 0.324164 0.000010 0.147450
0.000010 0.000010 0.000010 0.048211 0.000010 0.243441 0.000010 0.191564 0.000010 0.516725
0.000010 0.000010 0.129710 0.079905 0.085507 0.251884 0.000010 0.237501 0.000010 0.215454
0.000010 0.000010 0.000010 0.000010 0.000010 0.163072 0.000010 0.000010 0.000010 0.836848
0.000010 0.000010 0.000010 0.000010 0.000010 0.380368 0.000010 0.212353 0.000010 0.407209
0.000010 0.000010 0.081701 0.000010 0.000010 0.233381 0.000010 0.381360 0.000010 0.303498
0.000010 0.000010 0.000010 0.000010 0.000010 0.442811 0.000010 0.356604 0.000010 0.200515
0.014835 0.000010 0.000010 0.000010 0.000010 0.000010 0.000010 0.257972 0.000010 0.727124
0.000010 0.000010 0.000010 0.000010 0.000010 0.000010 0.000010 0.000010 0.000010 0.999910
0.000010 0.000010 0.000010 0.000010 0.000010 0.367802 0.000010 0.632118 0.000010 0.000010
0.000010 0.000010 0.000010 0.000010 0.000010 0.000010 0.000010 0.000010 0.000010 0.999910
0.000010 0.000010 0.140609 0.000010 0.000010 0.355944 0.000010 0.330620 0.000010 0.172767
0.000010 0.000010 0.000010 0.000010 0.000010 0.262738 0.000010 0.000010 0.000010 0.737182
0.000010 0.016670 0.000010 0.000010 0.000010 0.390526 0.000010 0.592734 0.000010 0.000010
0.026753 0.000010 0.000010 0.000010 0.000010 0.211637 0.000010 0.000010 0.000010 0.761540
0.000010 0.000010 0.000010 0.000010 0.000010 0.000010 0.999910 0.000010 0.000010 0.000010
0.000010 0.000010 0.000010 0.000010 0.000010 0.000010 0.000010 0.410737 0.000010 0.589183
0.000010 0.000010 0.000010 0.000010 0.000010 0.000013 0.000010 0.874169 0.000010 0.125749
0.018634 0.000010 0.000010 0.000010 0.000010 0.290688 0.000010 0.377732 0.000010 0.312886
0.021065 0.000010 0.000010 0.000010 0.011291 0.176794 0.000010 0.052986 0.000010 0.737813
0.000010 0.000010 0.156533 0.000010 0.056682 0.172275 0.000010 0.293626 0.000010 0.320835
0.000010 0.000010 0.000010 0.000010 0.000010 0.000010 0.000010 0.999910 0.000010 0.000010
0.000010 0.000010 0.000010 0.000010 0.000010 0.383063 0.012516 0.604352 0.000010 0.000010
0.000010 0.000010 0.000010 0.000010 0.000010 0.999910 0.000010 0.000010 0.000010 0.000010
0.000010 0.000010 0.000010 0.000010 0.000010 0.999910 0.000010 0.000010 0.000010 0.000010
0.000010 0.000010 0.000010 0.000010 0.000010 0.090562 0.000010 0.769066 0.018732 0.121580
0.000010 0.000010 0.000010 0.000010 0.000010 0.100605 0.000010 0.555479 0.117894 0.225962
0.005235 0.000010 0.000010 0.057096 0.000010 0.122217 0.003504 0.260690 0.000010 0.551218
0.000010 0.000010 0.000010 0.000010 0.081553 0.224528 0.000010 0.409124 0.000010 0.284736
0.000010 0.000010 0.117651 0.000010 0.000010 0.245235 0.000010 0.637044 0.000010 0.000010
0.000010 0.000010 0.000010 0.000010 0.000010 0.376487 0.000010 0.432610 0.000010 0.190833
0.000010 0.000010 0.000010 0.000010 0.999910 0.000010 0.000010 0.000010 0.000010 0.000010
0.000010 0.217517 0.000010 0.000010 0.671007 0.000010 0.000010 0.111406 0.000010 0.000010
0.000010 0.062730 0.000010 0.000010 0.937190 0.000010 0.000010 0.000010 0.000010 0.000010
0.000010 0.000010 0.000010 0.255530 0.435637 0.000010 0.000010 0.271294 0.037480 0.000010
0.000010 0.000010 0.000010 0.000010 0.999910 0.000010 0.000010 0.000010 0.000010 0.000010
0.000010 0.000010 0.000010 0.000010 0.999910 0.000010 0.000010 0.000010 0.000010 0.000010
0.031565 0.000010 0.000010 0.000010 0.902659 0.000010 0.000010 0.000010 0.065706 0.000010
0.000010 0.000010 0.000010 0.000010 0.919559 0.080361 0.000010 0.000010 0.000010 0.000010
0.000010 0.000010 0.000010 0.115403 0.778448 0.000010 0.000010 0.000010 0.105551 0.000539
0.000010 0.000010 0.000010 0.076578 0.804041 0.000010 0.000010 0.119311 0.000010 0.000010
0.001432 0.000010 0.000010 0.000010 0.885267 0.015703 0.000010 0.097538 0.000010 0.000010
0.000010 0.000010 0.000010 0.283775 0.625097 0.065990 0.000010 0.000010 0.000010 0.025079
0.000010 0.000010 0.099483 0.229140 0.654648 0.014254 0.000010 0.000010 0.002425 0.000010
0.000010 0.000010 0.000010 0.000010 0.999910 0.000010 0.000010 0.000010 0.000010 0.000010
0.007950 0.000010 0.000010 0.000010 0.895558 0.096423 0.000010 0.000010 0.000010 0.000010
0.962960 0.000010 0.000010 0.000010 0.000010 0.000010 0.036960 0.000010 0.000010 0.000010
0.000010 0.000010 0.000010 0.211288 0.738835 0.049807 0.000010 0.000010 0.000010 0.000010
0.000010 0.000010 0.083096 0.000010 0.736613 0.000010 0.000010 0.002918 0.000010 0.177312
0.000010 0.000010 0.000010 0.000010 0.809546 0.148764 0.000010 0.041621 0.000010 0.000010
0.000010 0.000010 0.000010 0.208109 0.529996 0.000010 0.000010 0.239625 0.022209 0.000010
0.009929 0.000010 0.000010 0.392402 0.597599 0.000010 0.000010 0.000010 0.000010 0.000010
0.000010 0.000010 0.000010 0.000010 0.812797 0.000010 0.000010 0.187123 0.000010 0.000010
0.025526 0.000010 0.000010 0.053967 0.795477 0.000010 0.000010 0.124967 0.000013 0.000010
0.000010 0.000010 0.173313 0.000010 0.763690 0.000010 0.000010 0.007303 0.000010 0.055634
0.000010 0.000010 0.000010 0.000010 0.908492 0.000010 0.000010 0.000010 0.000010 0.091428
0.000010 0.000010 0.000010 0.000010 0.999910 0.000010 0.000010 0.000010 0.000010 0.000010
0.000010 0.000010 0.000010 0.051591 0.910416 0.000010 0.000010 0.000010 0.000010 0.037923
0.007342 0.000010 0.000010 0.135265 0.857323 0.000010 0.000010 0.000010 0.000010 0.000010
0.000010 0.021289 0.000010 0.095155 0.716356 0.069158 0.000010 0.000010 0.000010 0.097991
0.000010 0.000010 0.087814 0.000010 0.641586 0.000010 0.000010 0.270531 0.000010 0.000010
0.019128 0.000010 0.074219 0.000010 0.906583 0.000010 0.000010 0.000010 0.000010 0.000010
0.000010 0.000010 0.000010 0.000010 0.999910 0.000010 0.000010 0.000010 0.000010 0.000010
0.000010 0.000010 0.000010 0.000010 0.846451 0.153469 0.000010 0.000010 0.000010 0.000010
0.000010 0.000010 0.056865 0.000010 0.943055 0.000010 0.000010 0.000010 0.000010 0.000010
0.000010 0.000010 0.000010 0.000010 0.999910 0.000010 0.000010 0.000010 0.000010 0.000010
0.772410 0.000010 0.000010 0.000010 0.000010 0.000010 0.227510 0.000010 0.000010 0.000010
0.000010 0.000010 0.075518 0.117750 0.806662 0.000010 0.000010 0.000010 0.000010 0.000010
0.000010 0.000010 0.000010 0.000010 0.931250 0.068670 0.000010 0.000010 0.000010 0.000010
0.932111 0.000010 0.000010 0.000010 0.000010 0.000010 0.067809 0.000010 0.000010 0.000010
0.000010 0.079293 0.000010 0.000010 0.920627 0.000010 0.000010 0.000010 0.000010 0.000010
0.000010 0.000010 0.000010 0.000010 0.946068 0.000010 0.000010 0.000010 0.028802 0.025059
0.000010 0.000010 0.000010 0.000010 0.739278 0.000010 0.000010 0.098140 0.000010 0.162512
0.000010 0.000010 0.000010 0.000010 0.881570 0.000010 0.000010 0.118350 0.000010 0.000010
0.000010 0.000010 0.000010 0.073075 0.926845 0.000010 0.000010 0.000010 0.000010 0.000010
0.000010 0.000010 0.183507 0.000010 0.719416 0.000010 0.009114 0.087903 0.000010 0.000010
0.000010 0.000010 0.000010 0.132098 0.867822 0.000010 0.000010 0.000010 0.000010 0.000010
0.605081 0.000010 0.000010 0.000010 0.000010 0.000010 0.394839 0.000010 0.000010 0.000010
0.000010 0.000010 0.000010 0.000010 0.999910 0.000010 0.000010 0.000010 0.000010 0.000010
0.000010 0.000010 0.000010 0.174987 0.824933 0.000010 0.000010 0.000010 0.000010 0.000010
0.000010 0.000010 0.000010 0.000010 0.999910 0.000010 0.000010 0.000010 0.000010 0.000010
0.000010 0.044831 0.000010 0.000010 0.955089 0.000010 0.000010 0.000010 0.000010 0.000010
0.000010 0.000010 0.000010 0.000010 0.999910 0.000010 0.000010 0.000010 0.000010 0.000010
0.000010 0.000010 0.000010 0.000010 0.000010 0.000010 0.000010 0.999910 0.000010 0.000010
