0.000010 0.289927 0.241491 0.241962 0.133859 0.092712 0.000010 0.000010 0.000010 0.000010
0.000010 0.000010 0.222399 0.777521 0.000010 0.000010 0.000010 0.000010 0.000010 0.000010
0.000010 0.000010 0.999910 0.000010 0.000010 0.000010 0.000010 0.000010 0.000010 0.000010
0.000010 0.075825 0.924095 0.000010 0.000010 0.000010 0.000010 0.000010 0.000010 0.000010
0.000010 0.000010 0.000010 0.877639 0.000010 0.000010 0.000010 0.000010 0.000010 0.122281
0.000010 0.112511 0.887409 0.000010 0.000010 0.000010 0.000010 0.000010 0.000010 0.000010
0.000010 0.000010 0.999910 0.000010 0.000010 0.000010 0.000010 0.000010 0.000010 0.000010
0.000010 0.000010 0.000010 0.990667 0.000010 0.000010 0.000010 0.009253 0.000010 0.000010
0.000010 0.000010 0.999910 0.000010 0.000010 0.000010 0.000010 0.000010 0.000010 0.000010
0.000013 0.000010 0.000010 0.000010 0.000010 0.000010 0.000010 0.000010 0.999907 0.000010
0.000010 0.000010 0.000010 0.000010 0.000010 0.000010 0.000010 0.000010 0.999910 0.000010
0.000010 0.000010 0.286614 0.534222 0.177934 0.000010 0.000010 0.001170 0.000010 0.000010
0.000010 0.257329 0.588082 0.000010 0.154520 0.000010 0.000010 0.000010 0.000010 0.000010
0.000010 0.426441 0.362816 0.176987 0.000010 0.000010 0.000010 0.033696 0.000010 0.000010
0.000010 0.093621 0.906299 0.000010 0.000010 0.000010 0.000010 0.000010 0.000010 0.000010
0.000010 0.000010 0.913410 0.086510 0.000010 0.000010 0.000010 0.000010 0.000010 0.000010
0.000010 0.147935 0.660511 0.191484 0.000010 0.000010 0.000010 0.000010 0.000010 0.000010
0.000010 0.285824 0.227975 0.272519 0.185514 0.000010 0.000010 0.028117 0.000010 0.000010
0.000010 0.000010 0.570435 0.104999 0.183832 0.000010 0.000010 0.140674 0.000010 0.000010
0.000010 0.000010 0.379004 0.620916 0.000010 0.000010 0.000010 0.000010 0.000010 0.000010
0.000010 0.000010 0.602176 0.386781 0.010973 0.000010 0.000010 0.000010 0.000010 0.000010
0.000010 0.000010 0.140301 0.733262 0.000010 0.126366 0.000010 0.000010 0.000010 0.000010
0.000010 0.000010 0.000010 0.999910 0.000010 0.000010 0.000010 0.000010 0.000010 0.000010
0.000010 0.000010 0.987602 0.000010 0.012318 0.000010 0.000010 0.000010 0.000010 0.000010
0.000010 0.000011 0.827422 0.172497 0.000010 0.000010 0.000010 0.000010 0.000010 0.000010
0.000010 0.000010 0.000010 0.999910 0.000010 0.000010 0.000010 0.000010 0.000010 0.000010
0.000010 0.000010 0.371440 0.238310 0.177709 0.035270 0.000010 0.135813 0.041418 0.000010
0.000665 0.116549 0.000010 0.000010 0.027317 0.057356 0.000010 0.385711 0.000010 0.412362
0.000010 0.537267 0.347456 0.000010 0.000010 0.115207 0.000010 0.000010 0.000010 0.000010
0.000010 0.476651 0.215817 0.206360 0.053624 0.000010 0.000010 0.000010 0.000010 0.047498
0.000010 0.000010 0.000010 0.000010 0.000010 0.000010 0.000010 0.000010 0.999910 0.000010
0.021040 0.494531 0.239345 0.025972 0.127935 0.091137 0.000010 0.000010 0.000010 0.000010
0.000010 0.379489 0.000010 0.569421 0.051020 0.000010 0.000010 0.000010 0.000010 0.000010
0.000010 0.000010 0.000010 0.000010 0.000010 0.000010 0.000010 0.000010 0.999910 0.000010
0.000010 0.000010 0.000010 0.000010 0.000010 0.000010 0.000010 0.000010 0.999910 0.000010
0.000010 0.000010 0.000010 0.000010 0.000010 0.000010 0.000010 0.000010 0.999910 0.000010
0.000010 0.604614 0.395306 0.000010 0.000010 0.000010 0.000010 0.000010 0.000010 0.000010
0.000010 0.000010 0.000010 0.000010 0.000010 0.000010 0.000010 0.000010 0.999910 0.000010
0.000010 0.300360 0.453254 0.144518 0.000010 0.000010 0.000010 0.000010 0.000010 0.101808
0.000010 0.574028 0.308881 0.000010 0.000010 0.000010 0.000010 0.000010 0.000010 0.117021
0.000010 0.587688 0.338695 0.000010 0.000010 0.000010 0.000010 0.073547 0.000010 0.000010
0.000010 0.999910 0.000010 0.000010 0.000010 0.000010 0.000010 0.000010 0.000010 0.000010
0.000010 0.820470 0.000010 0.000010 0.000010 0.179450 0.000010 0.000010 0.000010 0.000010
0.000010 0.737353 0.172825 0.000010 0.089751 0.000010 0.000010 0.000010 0.000010 0.000010
0.000010 0.000010 0.000010 0.000010 0.000010 0.000010 0.999910 0.000010 0.000010 0.000010
0.000010 0.313276 0.000010 0.444286 0.000010 0.225734 0.016643 0.000010 0.000010 0.000010
0.000010 0.222755 0.000010 0.405436 0.142729 0.175282 0.000010 0.000010 0.000010 0.053748
0.000010 0.444172 0.228041 0.000010 0.196846 0.000010 0.000010 0.130881 0.000010 0.000010
0.000010 0.650079 0.000010 0.245618 0.000010 0.000010 0.000010 0.000010 0.104233 0.000010
0.000010 0.000010 0.000010 0.000010 0.000010 0.000010 0.999910 0.000010 0.000010 0.000010
0.000010 0.613245 0.000010 0.326050 0.000010 0.060635 0.000010 0.000010 0.000010 0.000010
0.000010 0.307830 0.593662 0.000010 0.000010 0.000010 0.000010 0.000010 0.000010 0.098437
0.000010 0.000010 0.000010 0.000010 0.000010 0.000010 0.999910 0.000010 0.000010 0.000010
0.023234 0.611920 0.042488 0.247948 0.000010 0.000010 0.000010 0.074360 0.000010 0.000010
0.000010 0.000010 0.000010 0.000010 0.000010 0.000010 0.999910 0.000010 0.000010 0.000010
0.000010 0.000010 0.000010 0.000010 0.000010 0.000010 0.999910 0.000010 0.000010 0.000010
0.000010 0.535697 0.123839 0.065117 0.103687 0.171611 0.000010 0.000010 0.000010 0.000010
0.000010 0.000010 0.000010 0.000010 0.000010 0.000010 0.999910 0.000010 0.000010 0.000010
0.000010 0.999910 0.000010 0.000010 0.000010 0.000010 0.000010 0.000010 0.000010 0.000010
0.000010 0.000010 0.000010 0.000010 0.000010 0.000010 0.999910 0.000010 0.000010 0.000010
0.000010 0.999910 0.000010 0.000010 0.000010 0.000010 0.000010 0.000010 0.000010 0.000010
0.000010 0.766138 0.000010 0.000010 0.000010 0.233782 0.000010 0.000010 0.000010 0.000010
0.000010 0.583900 0.000010 0.368883 0.000010 0.000010 0.000010 0.047147 0.000010 0.000010
0.000010 0.631884 0.000010 0.000010 0.000010 0.000010 0.000010 0.000010 0.000010 0.368036
0.000010 0.665359 0.000010 0.286610 0.047962 0.000010 0.000010 0.000010 0.000010 0.000010
0.000010 0.000010 0.109272 0.000010 0.000010 0.000010 0.000010 0.664720 0.000010 0.225937
0.024599 0.029015 0.000010 0.000010 0.000010 0.261236 0.000010 0.207779 0.000010 0.477322
0.000010 0.000010 0.000010 0.000010 0.000010 0.461340 0.000010 0.538580 0.000010 0.000010
0.000010 0.000010 0.020509 0.000010 0.093241 0.000010 0.000010 0.562176 0.000010 0.324015
0.000010 0.000010 0.000010 0.000010 0.000010 0.118715 0.000010 0.616063 0.000010 0.265152
0.000010 0.000010 0.000010 0.000010 0.000010 0.000010 0.000010 0.999910 0.000010 0.000010
0.000010 0.000010 0.000010 0.000010 0.000010 0.534039 0.000010 0.465881 0.000010 0.000010
0.000010 0.000010 0.000010 0.026506 0.000010 0.332868 0.000010 0.115232 0.000010 0.525334
0.814018 0.000010 0.000010 0.000010 0.000010 0.000010 0.185902 0.000010 0.000010 0.000010
0.000010 0.113623 0.000010 0.000010 0.000010 0.046752 0.000010 0.141313 0.000010 0.698252
0.000010 0.000010 0.000010 0.000010 0.143288 0.000010 0.000010 0.345951 0.000010 0.510691
0.000010 0.000010 0.000010 0.000010 0.000010 0.190886 0.000010 0.430976 0.000010 0.378068
0.000010 0.000010 0.000010 0.000010 0.000010 0.000010 0.000010 0.000010 0.000010 0.999910
0.000010 0.000010 0.000010 0.000010 0.000010 0.000010 0.000010 0.999910 0.000010 0.000010
0.000010 0.000010 0.000010 0.000010 0.000010 0.123032 0.000010 0.527628 0.000010 0.349269
0.000010 0.000010 0.000010 0.000010 0.000010 0.000010 0.000010 0.000010 0.000010 0.999910
0.000010 0.101122 0.684334 0.115514 0.000010 0.000010 0.000010 0.000010 0.000010 0.098970
0.000010 0.059251 0.000010 0.275741 0.000010 0.334088 0.000010 0.191483 0.000010 0.139387
0.996551 0.000010 0.000010 0.000010 0.000010 0.000010 0.003369 0.000010 0.000010 0.000010
0.000010 0.000010 0.000010 0.000010 0.000010 0.733649 0.000010 0.266271 0.000010 0.000010
0.000010 0.083965 0.000010 0.000010 0.000010 0.470243 0.000010 0.445723 0.000010 0.000010
0.000010 0.000010 0.000010 0.000010 0.000010 0.241633 0.000010 0.674443 0.000010 0.083854
0.000010 0.000010 0.000010 0.026357 0.000010 0.000010 0.000010 0.369524 0.000010 0.604049
0.000010 0.000010 0.000010 0.000010 0.019836 0.244049 0.000010 0.000010 0.000010 0.736045
0.999910 0.000010 0.000010 0.000010 0.000010 0.000010 0.000010 0.000010 0.000010 0.000010
0.000010 0.000010 0.000010 0.000010 0.000010 0.000010 0.000010 0.825464 0.000010 0.174456
0.000010 0.026106 0.000010 0.000010 0.023041 0.129222 0.000010 0.437895 0.000010 0.383686
0.999910 0.000010 0.000010 0.000010 0.000010 0.000010 0.000010 0.000010 0.000010 0.000010
0.000010 0.000010 0.000010 0.000010 0.000010 0.351956 0.000010 0.647964 0.000010 0.000010
0.999910 0.000010 0.000010 0.000010 0.000010 0.000010 0.000010 0.000010 0.000010 0.000010
0.999910 0.000010 0.000010 0.000010 0.000010 0.000010 0.000010 0.000010 0.000010 0.000010
0.743949 0.000010 0.000010 0.000010 0.000010 0.000010 0.255971 0.000010 0.000010 0.000010
0.000010 0.000010 0.000010 0.000010 0.000010 0.195421 0.000010 0.804499 0.000010 0.000010
0.000010 0.000010 0.000010 0.194596 0.000010 0.000010 0.000010 0.133082 0.000010 0.672252
0.000010 0.000010 0.051840 0.023648 0.794987 0.000010 0.000010 0.006957 0.000010 0.122519
0.000010 0.151514 0.000010 0.000010 0.765675 0.082742 0.000010 0.000010 0.000010 0.000010
0.000010 0.000010 0.330173 0.000010 0.613412 0.000011 0.000010 0.056344 0.000010 0.000010
0.000010 0.000010 0.000010 0.000010 0.869335 0.000010 0.000010 0.000010 0.000010 0.130585
0.000010 0.000010 0.000010 0.151428 0.604730 0.223673 0.020109 0.000010 0.000010 0.000010
0.000010 0.000010 0.043650 0.127783 0.646681 0.000010 0.000010 0.000010 0.000010 0.181826
0.000010 0.000010 0.000010 0.000010 0.000010 0.146212 0.000010 0.252276 0.000010 0.601442
0.999910 0.000010 0.000010 0.000010 0.000010 0.000010 0.000010 0.000010 0.000010 0.000010
0.000010 0.000010 0.000010 0.000010 0.000010 0.075726 0.000010 0.339097 0.000010 0.585107
0.000010 0.000010 0.000010 0.000010 0.000010 0.000010 0.000010 0.999910 0.000010 0.000010
0.000010 0.054688 0.000010 0.000010 0.000010 0.311515 0.000010 0.437302 0.000010 0.196436
0.999910 0.000010 0.000010 0.000010 0.000010 0.000010 0.000010 0.000010 0.000010 0.000010
0.000010 0.000010 0.000010 0.000010 0.000010 0.160715 0.000010 0.280006 0.000010 0.559210
0.000010 0.000010 0.000010 0.000010 0.000010 0.999910 0.000010 0.000010 0.000010 0.000010
0.000010 0.000010 0.000010 0.000010 0.075182 0.000016 0.000010 0.586297 0.000010 0.338445
0.000010 0.000010 0.000010 0.000010 0.000010 0.999910 0.000010 0.000010 0.000010 0.000010
0.000010 0.000010 0.000010 0.006324 0.198443 0.219913 0.000010 0.220095 0.000010 0.355174
0.000010 0.000010 0.000010 0.000010 0.000010 0.443733 0.000010 0.142290 0.000010 0.413907
0.000010 0.040955 0.000010 0.000010 0.008490 0.000010 0.000010 0.428499 0.000010 0.521995
0.000010 0.049638 0.000010 0.000010 0.000010 0.434513 0.000010 0.000010 0.000010 0.515779
0.000010 0.000010 0.072159 0.000010 0.000010 0.240963 0.000010 0.000010 0.000010 0.686808
0.999910 0.000010 0.000010 0.000010 0.000010 0.000010 0.000010 0.000010 0.000010 0.000010
0.000010 0.000010 0.000010 0.000010 0.000010 0.999910 0.000010 0.000010 0.000010 0.000010
0.000010 0.130435 0.000010 0.000010 0.000010 0.000010 0.000010 0.000010 0.000010 0.869485
0.000010 0.000010 0.000010 0.000010 0.000010 0.045407 0.000010 0.000010 0.000010 0.954513
0.000010 0.000010 0.000010 0.000010 0.000010 0.999910 0.000010 0.000010 0.000010 0.000010
0.000010 0.000010 0.000010 0.000010 0.000010 0.608312 0.000010 0.000010 0.000010 0.391608
0.000010 0.000010 0.000010 0.000010 0.000010 0.999910 0.000010 0.000010 0.000010 0.000010
0.000010 0.000010 0.000010 0.000010 0.000010 0.700258 0.000010 0.299662 0.000010 0.000010
0.000010 0.000010 0.000010 0.000010 0.000010 0.120176 0.000010 0.110905 0.000010 0.768850
0.000010 0.078907 0.000010 0.000010 0.000010 0.216672 0.000010 0.147609 0.000010 0.556752
0.000010 0.000010 0.000010 0.000010 0.000010 0.697393 0.000010 0.302527 0.000010 0.000010
0.000010 0.000010 0.000010 0.000010 0.024135 0.158261 0.000010 0.055431 0.000010 0.762113
0.000010 0.020568 0.000010 0.000010 0.000010 0.525760 0.000010 0.453602 0.000010 0.000010
0.000010 0.000010 0.000010 0.000010 0.000010 0.999910 0.000010 0.000010 0.000010 0.000010
0.000010 0.000010 0.081170 0.000010 0.000010 0.161694 0.000010 0.107813 0.000010 0.649263
0.000010 0.075792 0.000010 0.082514 0.011981 0.046539 0.023012 0.103679 0.000010 0.656452
0.000010 0.000010 0.000010 0.000010 0.000010 0.582715 0.000010 0.000010 0.000010 0.417205
0.000010 0.000010 0.000010 0.000010 0.000010 0.999910 0.000010 0.000010 0.000010 0.000010
0.000010 0.000010 0.000010 0.000010 0.000010 0.000010 0.000010 0.999910 0.000010 0.000010
0.000010 0.000010 0.000010 0.045419 0.000010 0.423038 0.000010 0.380934 0.000010 0.150550
0.000010 0.000010 0.000010 0.000010 0.000010 0.146910 0.000010 0.000010 0.000010 0.853010
0.999910 0.000010 0.000010 0.000010 0.000010 0.000010 0.000010 0.000010 0.000010 0.000010
0.999910 0.000010 0.000010 0.000010 0.000010 0.000010 0.000010 0.000010 0.000010 0.000010
0.000010 0.101540 0.000010 0.000010 0.000010 0.224266 0.000010 0.000010 0.000010 0.674125
0.999910 0.000010 0.000010 0.000010 0.000010 0.000010 0.000010 0.000010 0.000010 0.000010
0.000010 0.000010 0.000010 0.000010 0.000010 0.000010 0.000010 0.999910 0.000010 0.000010
0.000010 0.000010 0.000010 0.000010 0.000010 0.000010 0.000010 0.999910 0.000010 0.000010
0.999910 0.000010 0.000010 0.000010 0.000010 0.000010 0.000010 0.000010 0.000010 0.000010
0.999910 0.000010 0.000010 0.000010 0.000010 0.000010 0.000010 0.000010 0.000010 0.000010
0.000010 0.000010 0.000010 0.042474 0.000010 0.391048 0.000010 0.000010 0.000010 0.566408
0.999910 0.000010 0.000010 0.000010 0.000010 0.000010 0.000010 0.000010 0.000010 0.000010
0.999910 0.000010 0.000010 0.000010 0.000010 0.000010 0.000010 0.000010 0.000010 0.000010
0.999910 0.000010 0.000010 0.000010 0.000010 0.000010 0.000010 0.000010 0.000010 0.000010
0.000010 0.000010 0.816156 0.000010 0.000010 0.183764 0.000010 0.000010 0.000010 0.000010
0.000010 0.000010 0.606753 0.277597 0.000010 0.000010 0.000010 0.000010 0.000010 0.115580
0.000010 0.000010 0.000010 0.862673 0.126556 0.010701 0.000010 0.000010 0.000010 0.000010
0.000010 0.000010 0.000010 0.999910 0.000010 0.000010 0.000010 0.000010 0.000010 0.000010
0.000010 0.000010 0.000010 0.000010 0.000010 0.000010 0.999910 0.000010 0.000010 0.000010
0.000010 0.000010 0.113233 0.000010 0.000010 0.558983 0.000010 0.000010 0.000010 0.327714
0.000010 0.231715 0.462962 0.194871 0.000010 0.000010 0.000010 0.005537 0.000010 0.104865
0.000010 0.000010 0.999909 0.000010 0.000010 0.000010 0.000011 0.000010 0.000010 0.000010
0.000010 0.000010 0.630518 0.321752 0.000010 0.047661 0.000010 0.000010 0.000010 0.000010
0.000010 0.223885 0.191901 0.584144 0.000010 0.000010 0.000010 0.000010 0.000010 0.000010
0.000010 0.060240 0.000010 0.847426 0.092264 0.000010 0.000010 0.000010 0.000010 0.000010
0.000010 0.000010 0.526220 0.455606 0.018104 0.000010 0.000010 0.000010 0.000010 0.000010
0.000010 0.017368 0.610105 0.168874 0.000010 0.000010 0.000010 0.101429 0.102175 0.000010
0.000010 0.156791 0.713528 0.000010 0.000010 0.000010 0.000010 0.129611 0.000010 0.000010
0.000010 0.000010 0.368362 0.631557 0.000010 0.000010 0.000010 0.000010 0.000010 0.000010
0.000010 0.000010 0.000010 0.933160 0.066760 0.000010 0.000010 0.000010 0.000010 0.000010
0.000010 0.000010 0.999910 0.000010 0.000010 0.000010 0.000010 0.000010 0.000010 0.000010
0.000010 0.128950 0.750809 0.000010 0.093193 0.000010 0.000010 0.000010 0.000010 0.026988
0.017532 0.000010 0.820013 0.000010 0.000010 0.000010 0.000010 0.162384 0.000010 0.000010
0.000010 0.000010 0.000010 0.893098 0.106822 0.000010 0.000010 0.000010 0.000010 0.000010
0.000010 0.000010 0.000010 0.939577 0.060343 0.000010 0.000010 0.000010 0.000010 0.000010
0.000010 0.125521 0.056584 0.645958 0.000010 0.171876 0.000010 0.000010 0.000010 0.000010
0.000010 0.000010 0.474234 0.456971 0.000010 0.000010 0.000010 0.000010 0.000010 0.068725
0.000010 0.157287 0.262206 0.335453 0.151665 0.066273 0.000010 0.000010 0.000010 0.027076
0.000010 0.000010 0.959879 0.000010 0.040041 0.000010 0.000010 0.000010 0.000010 0.000010
0.000010 0.000010 0.363002 0.636918 0.000010 0.000010 0.000010 0.000010 0.000010 0.000010
0.000010 0.000010 0.000010 0.999910 0.000010 0.000010 0.000010 0.000010 0.000010 0.000010
0.000010 0.000010 0.000010 0.000010 0.000010 0.000010 0.999910 0.000010 0.000010 0.000010
0.000010 0.000010 0.199432 0.768833 0.000799 0.000010 0.000010 0.000010 0.000010 0.030876
0.000010 0.093818 0.529217 0.187380 0.103829 0.085707 0.000010 0.000010 0.000010 0.000010
0.000010 0.447153 0.356723 0.196054 0.000010 0.000010 0.000010 0.000010 0.000010 0.000010
0.000010 0.000010 0.000010 0.000010 0.000010 0.000010 0.999910 0.000010 0.000010 0.000010
0.000010 0.000010 0.000010 0.999908 0.000010 0.000010 0.000010 0.000012 0.000010 0.000010
0.000010 0.000010 0.000010 0.000010 0.000010 0.000010 0.999910 0.000010 0.000010 0.000010
0.000010 0.435088 0.559021 0.000010 0.000010 0.005822 0.000010 0.000010 0.000010 0.000010
0.000010 0.000010 0.000010 0.999910 0.000010 0.000010 0.000010 0.000010 0.000010 0.000010
0.000010 0.253926 0.176850 0.561793 0.000010 0.007370 0.000010 0.000010 0.000010 0.000010
0.000010 0.130326 0.476559 0.361953 0.000010 0.031103 0.000010 0.000010 0.000010 0.000010
0.000010 0.000010 0.410308 0.312668 0.276954 0.000010 0.000010 0.000010 0.000010 0.000010
0.000010 0.000010 0.523012 0.349383 0.127535 0.000010 0.000010 0.000010 0.000010 0.000010
0.000010 0.128347 0.000010 0.871573 0.000010 0.000010 0.000010 0.000010 0.000010 0.000010
0.000010 0.353395 0.635001 0.000010 0.000010 0.000010 0.000010 0.000010 0.000010 0.011534
0.000010 0.086503 0.000010 0.913417 0.000010 0.000010 0.000010 0.000010 0.000010 0.000010
0.000010 0.290767 0.524700 0.000010 0.000010 0.078813 0.000010 0.000010 0.000010 0.105660
0.000010 0.000010 0.689384 0.310536 0.000010 0.000010 0.000010 0.000010 0.000010 0.000010
0.000010 0.000010 0.552646 0.142254 0.235870 0.000010 0.000010 0.000010 0.000010 0.069170
0.000010 0.154572 0.262225 0.142105 0.235718 0.100656 0.000010 0.000010 0.084692 0.020001
0.000010 0.000010 0.000010 0.000010 0.000010 0.999910 0.000010 0.000010 0.000010 0.000010
0.017922 0.000010 0.000010 0.000010 0.130578 0.131784 0.000010 0.391159 0.000010 0.328507
0.000010 0.000010 0.000010 0.000010 0.000010 0.646936 0.000010 0.352984 0.000010 0.000010
0.000010 0.024433 0.000010 0.000010 0.001924 0.346698 0.000010 0.134172 0.000010 0.492723
0.000010 0.000010 0.000010 0.075055 0.000010 0.298440 0.001462 0.000010 0.000010 0.624983
0.000010 0.066352 0.000010 0.000010 0.000010 0.234434 0.000010 0.000010 0.000010 0.699145
0.000010 0.000010 0.109282 0.000010 0.034119 0.390410 0.000010 0.000010 0.000010 0.466129
0.000010 0.000010 0.000010 0.000010 0.000010 0.462353 0.000010 0.241680 0.000010 0.295897
0.000010 0.000010 0.198450 0.000010 0.000010 0.287046 0.000010 0.238326 0.000010 0.276118
0.000010 0.000010 0.000010 0.000010 0.000010 0.000010 0.000010 0.999910 0.000010 0.000010
0.000010 0.000010 0.000010 0.000010 0.000010 0.552848 0.000010 0.091833 0.000010 0.355249
0.000010 0.000010 0.000010 0.000010 0.114678 0.317436 0.000010 0.250840 0.000010 0.316986
0.000010 0.000010 0.000010 0.000010 0.000010 0.000010 0.999910 0.000010 0.000010 0.000010
0.000010 0.000010 0.000010 0.000010 0.000010 0.423806 0.000010 0.000010 0.000010 0.576114
0.000010 0.039310 0.000010 0.000010 0.000010 0.074367 0.000010 0.259518 0.000010 0.626745
0.000010 0.000010 0.000010 0.033033 0.000010 0.122219 0.000010 0.000010 0.000010 0.844678
0.000010 0.000010 0.000010 0.000010 0.000010 0.207167 0.000010 0.185289 0.000010 0.607475
0.000010 0.000010 0.000010 0.000010 0.000010 0.000010 0.000010 0.999910 0.000010 0.000010
0.000010 0.079589 0.000010 0.000010 0.000010 0.271944 0.000010 0.163686 0.000010 0.484721
0.000010 0.000010 0.000010 0.000010 0.000010 0.000010 0.000010 0.749391 0.000010 0.250529
0.000010 0.000010 0.037879 0.059024 0.000010 0.103285 0.000010 0.561185 0.000010 0.238576
0.000010 0.100737 0.017036 0.000010 0.000010 0.335522 0.000010 0.001203 0.000010 0.545452
0.000010 0.000010 0.000010 0.041859 0.000010 0.064640 0.000010 0.540796 0.000010 0.352645
0.000010 0.000010 0.000010 0.000010 0.000010 0.000010 0.000010 0.012467 0.000010 0.987453
0.000010 0.093482 0.000010 0.000010 0.000010 0.000010 0.000010 0.231983 0.000010 0.674465
0.000010 0.000010 0.000010 0.000010 0.000010 0.000010 0.000010 0.331644 0.000010 0.668276
0.000010 0.000010 0.046335 0.000010 0.000010 0.000010 0.000010 0.507849 0.000010 0.445746
0.000010 0.080121 0.000010 0.000010 0.000010 0.158196 0.000010 0.000010 0.000010 0.761613
0.000010 0.000010 0.000010 0.000010 0.000010 0.360447 0.000010 0.639473 0.000010 0.000010
0.000010 0.000010 0.000010 0.000010 0.000010 0.420844 0.000010 0.579076 0.000010 0.000010
0.000010 0.108616 0.000010 0.107782 0.000010 0.000010 0.000010 0.565839 0.000010 0.217703
0.000010 0.000010 0.000010 0.000010 0.076434 0.086931 0.000010 0.623870 0.000010 0.212705
0.000010 0.000010 0.000010 0.034674 0.000010 0.235481 0.000010 0.000010 0.000010 0.729776
0.000010 0.000010 0.910196 0.000010 0.089724 0.000010 0.000010 0.000010 0.000010 0.000010
0.000010 0.000010 0.000010 0.000010 0.000010 0.000010 0.000010 0.000010 0.000010 0.999910
0.000010 0.000010 0.000010 0.000010 0.000010 0.000010 0.000010 0.000010 0.000010 0.999910
0.000010 0.000010 0.000010 0.000010 0.000010 0.000010 0.000010 0.425521 0.000010 0.574399
0.000010 0.000010 0.000010 0.000010 0.049123 0.082583 0.000010 0.551293 0.000010 0.316941
0.000010 0.000010 0.000010 0.061571 0.000010 0.000010 0.000010 0.472540 0.000010 0.465819
0.000010 0.000010 0.032326 0.000010 0.000010 0.291634 0.000010 0.306586 0.000010 0.369394
0.000010 0.000010 0.000010 0.000010 0.000010 0.391879 0.000010 0.608041 0.000010 0.000010
0.000010 0.000010 0.000010 0.192294 0.000010 0.199960 0.000010 0.386646 0.000010 0.221041
0.000010 0.000010 0.000010 0.000010 0.000010 0.000010 0.000010 0.999910 0.000010 0.000010
0.000010 0.000010 0.000010 0.000010 0.035848 0.000010 0.000010 0.000010 0.000010 0.964072
0.000010 0.130134 0.090278 0.000010 0.000010 0.000010 0.000010 0.368052 0.000010 0.411476
0.000010 0.000010 0.000010 0.105701 0.080716 0.066648 0.000010 0.202903 0.000010 0.543983
0.000010 0.000010 0.000010 0.000010 0.000010 0.248487 0.001896 0.000010 0.000010 0.749546
0.000010 0.000010 0.000010 0.000010 0.000010 0.304531 0.000010 0.000010 0.000010 0.695389
0.000010 0.000010 0.000010 0.000010 0.000010 0.027703 0.000010 0.218775 0.000010 0.753451
0.000010 0.000010 0.000010 0.000010 0.000010 0.241563 0.000010 0.520966 0.000010 0.237401
0.000010 0.000010 0.000010 0.048182 0.000010 0.223812 0.000010 0.328823 0.000010 0.399123
0.000010 0.000010 0.000010 0.159636 0.092711 0.193427 0.000010 0.305396 0.000010 0.248779
0.000010 0.000010 0.000010 0.000010 0.000010 0.276231 0.000010 0.016692 0.000010 0.707007
0.000010 0.000010 0.132312 0.000010 0.000010 0.000010 0.021892 0.213092 0.000010 0.632645
0.000010 0.000010 0.000010 0.000010 0.000010 0.177493 0.000010 0.295996 0.000010 0.526441
0.000010 0.000010 0.000010 0.000010 0.000010 0.379801 0.000010 0.446226 0.000010 0.173903
0.000010 0.000010 0.000010 0.095938 0.000010 0.215684 0.000010 0.000010 0.000010 0.688309
0.000010 0.000010 0.000010 0.000010 0.000010 0.000010 0.000010 0.000010 0.000010 0.999910
0.000010 0.000010 0.000010 0.044967 0.000010 0.000010 0.000010 0.104794 0.000010 0.850169
0.000010 0.000010 0.000010 0.000010 0.000010 0.999910 0.000010 0.000010 0.000010 0.000010
0.000010 0.160869 0.000010 0.000010 0.000010 0.000010 0.000010 0.216881 0.000010 0.622180
0.000010 0.000010 0.000010 0.000010 0.000010 0.999910 0.000010 0.000010 0.000010 0.000010
0.000010 0.000010 0.000010 0.000010 0.000010 0.181769 0.000010 0.016199 0.000010 0.801962
0.000010 0.000010 0.000010 0.000010 0.000010 0.298602 0.000010 0.135334 0.000010 0.565994
0.000010 0.000010 0.000010 0.100806 0.000010 0.116752 0.000010 0.326286 0.000010 0.456095
0.000010 0.024647 0.000010 0.000010 0.000010 0.000010 0.000010 0.387354 0.000010 0.587929
0.999910 0.000010 0.000010 0.000010 0.000010 0.000010 0.000010 0.000010 0.000010 0.000010
0.000010 0.000010 0.000010 0.000010 0.101880 0.026892 0.000010 0.550300 0.000010 0.320868
0.000010 0.053587 0.000010 0.000010 0.000010 0.179563 0.000010 0.766780 0.000010 0.000010
0.000010 0.000010 0.000010 0.000010 0.000010 0.538409 0.000010 0.301976 0.000010 0.159545
0.000010 0.060592 0.000010 0.000010 0.000010 0.139379 0.000010 0.344283 0.000010 0.455685
0.000010 0.041302 0.178262 0.000010 0.000010 0.000010 0.000010 0.401887 0.000010 0.378490
0.000010 0.000010 0.000010 0.000010 0.000010 0.173518 0.000010 0.826402 0.000010 0.000010
0.000010 0.158196 0.000010 0.000010 0.000010 0.185183 0.000010 0.362234 0.000010 0.294328
0.000010 0.000010 0.000010 0.000010 0.000010 0.000010 0.000010 0.999910 0.000010 0.000010
0.000010 0.000010 0.000010 0.000010 0.000010 0.000010 0.000010 0.999910 0.000010 0.000010
0.008705 0.000010 0.000010 0.000010 0.000010 0.153764 0.000010 0.311856 0.000010 0.525615
0.000010 0.000010 0.122896 0.000010 0.000010 0.000010 0.000010 0.253702 0.000010 0.623332
0.000010 0.190221 0.000010 0.000010 0.000010 0.073027 0.000010 0.000010 0.000010 0.736682
0.000010 0.142760 0.000010 0.000010 0.000010 0.022487 0.000010 0.455047 0.000010 0.379645
0.005337 0.000010 0.072989 0.000010 0.000010 0.000010 0.000010 0.318303 0.000010 0.603311
0.000010 0.000010 0.000010 0.000010 0.000010 0.000010 0.000010 0.525795 0.000010 0.474125
0.000010 0.163071 0.004253 0.000010 0.832606 0.000010 0.000010 0.000010 0.000010 0.000010
0.006572 0.000010 0.000010 0.000010 0.888914 0.000010 0.000010 0.000010 0.000010 0.104444
0.017470 0.233770 0.013603 0.000010 0.735096 0.000010 0.000010 0.000010 0.000010 0.000010
0.000010 0.154509 0.261000 0.000010 0.324901 0.259530 0.000010 0.000010 0.000010 0.000010
0.000010 0.000010 0.000010 0.000010 0.999910 0.000010 0.000010 0.000010 0.000010 0.000010
0.000010 0.000010 0.000010 0.000010 0.999910 0.000010 0.000010 0.000010 0.000010 0.000010
0.000462 0.051548 0.093894 0.000010 0.681537 0.025123 0.000010 0.000010 0.000010 0.147396
0.000010 0.000010 0.000010 0.000010 0.869802 0.000010 0.000010 0.130118 0.000010 0.000010
0.000010 0.146678 0.156839 0.000010 0.490789 0.000010 0.000010 0.000010 0.000010 0.205633
0.000010 0.000010 0.000010 0.000010 0.852523 0.000010 0.000010 0.000010 0.000010 0.147397
0.000010 0.138953 0.000010 0.000010 0.860967 0.000010 0.000010 0.000010 0.000010 0.000010
0.000010 0.000010 0.000010 0.191912 0.736849 0.000010 0.000010 0.009235 0.000010 0.061944
0.000010 0.000010 0.263666 0.000010 0.681119 0.000010 0.000010 0.000010 0.000010 0.055145
0.000010 0.000010 0.000010 0.000010 0.930378 0.069542 0.000010 0.000010 0.000010 0.000010
0.000010 0.122844 0.000010 0.000010 0.877076 0.000010 0.000010 0.000010 0.000010 0.000010
0.008711 0.000010 0.000010 0.000010 0.000010 0.000010 0.991209 0.000010 0.000010 0.000010
0.000010 0.057248 0.000010 0.000010 0.908889 0.033793 0.000010 0.000010 0.000010 0.000010
0.000010 0.000010 0.000010 0.000010 0.899710 0.000010 0.000010 0.100210 0.000010 0.000010
0.000010 0.000010 0.000010 0.000010 0.675998 0.323922 0.000010 0.000010 0.000010 0.000010
0.000010 0.138983 0.000010 0.000010 0.860937 0.000010 0.000010 0.000010 0.000010 0.000010
0.000010 0.155910 0.000010 0.022747 0.613836 0.000010 0.000010 0.000010 0.000010 0.207446
0.000010 0.000010 0.000010 0.123427 0.840185 0.036318 0.000010 0.000010 0.000010 0.000010
0.000010 0.000010 0.000010 0.000010 0.756870 0.212484 0.006648 0.023938 0.000010 0.000010
0.000010 0.000010 0.000010 0.000010 0.877080 0.021404 0.000010 0.000010 0.000010 0.101446
0.000010 0.152045 0.000010 0.000010 0.847875 0.000010 0.000010 0.000010 0.000010 0.000010
0.000010 0.000010 0.148501 0.000010 0.729906 0.121523 0.000010 0.000010 0.000010 0.000010
0.000010 0.000010 0.000010 0.076241 0.923679 0.000010 0.000010 0.000010 0.000010 0.000010
0.000010 0.000010 0.109590 0.000010 0.890330 0.000010 0.000010 0.000010 0.000010 0.000010
0.000010 0.000010 0.000010 0.000010 0.999910 0.000010 0.000010 0.000010 0.000010 0.000010
0.000010 0.000010 0.000010 0.000010 0.999910 0.000010 0.000010 0.000010 0.000010 0.000010
0.000010 0.000010 0.000010 0.000010 0.999910 0.000010 0.000010 0.000010 0.000010 0.000010
0.000010 0.089620 0.000010 0.000010 0.898991 0.000010 0.000010 0.011319 0.000010 0.000010
0.000010 0.000010 0.000010 0.019056 0.911425 0.000010 0.000010 0.000010 0.000010 0.069450
0.000010 0.000010 0.178189 0.000010 0.667273 0.154468 0.000010 0.000010 0.000010 0.000010
0.000010 0.000010 0.234312 0.000010 0.765608 0.000010 0.000010 0.000010 0.000010 0.000010
0.000010 0.000010 0.000010 0.000010 0.000010 0.000010 0.999910 0.000010 0.000010 0.000010
0.000010 0.000010 0.087742 0.000010 0.899807 0.000010 0.000010 0.012381 0.000010 0.000010
0.000010 0.000010 0.000010 0.000010 0.999910 0.000010 0.000010 0.000010 0.000010 0.000010
0.000010 0.000010 0.000010 0.000010 0.000010 0.000010 0.999910 0.000010 0.000010 0.000010
0.000010 0.207912 0.000010 0.000010 0.792007 0.000011 0.000010 0.000010 0.000010 0.000010
0.000010 0.000010 0.000010 0.000010 0.781665 0.000010 0.000010 0.218255 0.000010 0.000010
0.000010 0.000010 0.000010 0.000010 0.710414 0.000010 0.000010 0.289506 0.000010 0.000010
0.000010 0.000010 0.114051 0.000010 0.876153 0.009726 0.000010 0.000010 0.000010 0.000010
0.000010 0.000010 0.000010 0.000010 0.999910 0.000010 0.000010 0.000010 0.000010 0.000010
0.000010 0.000010 0.160531 0.000010 0.704504 0.000010 0.000010 0.000010 0.000010 0.134895
0.000010 0.159895 0.000010 0.000010 0.743572 0.024485 0.000010 0.071988 0.000010 0.000010
0.000010 0.000010 0.000010 0.000010 0.000010 0.000010 0.999910 0.000010 0.000010 0.000010
0.000010 0.126771 0.000010 0.000010 0.873149 0.000010 0.000010 0.000010 0.000010 0.000010
0.000010 0.000010 0.096388 0.046017 0.857525 0.000010 0.000010 0.000010 0.000010 0.000010
0.000010 0.000010 0.000010 0.000010 0.999910 0.000010 0.000010 0.000010 0.000010 0.000010
0.000010 0.000010 0.000010 0.000010 0.878074 0.000010 0.000010 0.121846 0.000010 0.000010
0.000010 0.000010 0.073720 0.000010 0.804267 0.000010 0.000010 0.121942 0.000010 0.000010
0.000010 0.000010 0.000010 0.000010 0.000010 0.000010 0.000010 0.000010 0.000010 0.999910
