0.125903 0.000010 0.769245 0.095607 0.009225 0.000010
0.180800 0.037213 0.781957 0.000010 0.000010 0.000010
0.072824 0.000010 0.868526 0.000010 0.011005 0.047624
0.198724 0.000010 0.801236 0.000010 0.000010 0.000010
0.000010 0.000010 0.860962 0.014107 0.000010 0.124901
0.122249 0.000010 0.656825 0.181331 0.000010 0.039575
0.000010 0.000010 0.999950 0.000010 0.000010 0.000010
0.244536 0.000010 0.755424 0.000010 0.000010 0.000010
0.000010 0.000010 0.999950 0.000010 0.000010 0.000010
0.000010 0.999950 0.000010 0.000010 0.000010 0.000010
0.000010 0.937983 0.061977 0.000010 0.000010 0.000010
0.305842 0.000010 0.694118 0.000010 0.000010 0.000010
0.000010 0.000010 0.874827 0.000010 0.000010 0.125133
0.025106 0.000010 0.916652 0.000010 0.000010 0.058212
0.000010 0.000010 0.999950 0.000010 0.000010 0.000010
0.051036 0.000010 0.899913 0.000010 0.000010 0.049022
0.000010 0.000010 0.999950 0.000010 0.000010 0.000010
0.155799 0.000010 0.844161 0.000010 0.000010 0.000010
0.198815 0.000010 0.801145 0.000010 0.000010 0.000010
0.000010 0.000010 0.997988 0.000010 0.001972 0.000010
0.000010 0.000010 0.952113 0.000010 0.000010 0.047847
0.000010 0.000010 0.969366 0.000010 0.030594 0.000010
0.000010 0.000010 0.999950 0.000010 0.000010 0.000010
0.087910 0.000010 0.855545 0.000010 0.000010 0.056515
0.000010 0.000010 0.940085 0.000010 0.000010 0.059875
0.184204 0.000010 0.675295 0.140471 0.000010 0.000010
0.223149 0.082649 0.565560 0.082656 0.000010 0.045976
0.000010 0.000010 0.135591 0.341005 0.000010 0.523374
0.000010 0.000010 0.873321 0.000010 0.000010 0.126639
0.000010 0.000010 0.999950 0.000010 0.000010 0.000010
0.000010 0.000010 0.970280 0.029680 0.000010 0.000010
0.000010 0.000010 0.976566 0.023394 0.000010 0.000010
0.000010 0.000010 0.999950 0.000010 0.000010 0.000010
0.000010 0.000010 0.999950 0.000010 0.000010 0.000010
0.000010 0.999950 0.000010 0.000010 0.000010 0.000010
0.000010 0.734475 0.265485 0.000010 0.000010 0.000010
0.117789 0.000010 0.737764 0.000010 0.000010 0.144417
0.000010 0.000010 0.977247 0.022713 0.000010 0.000010
0.000010 0.000010 0.808932 0.000010 0.024247 0.166792
0.000010 0.000010 0.838578 0.161382 0.000010 0.000010
0.000010 0.000010 0.973302 0.026658 0.000010 0.000010
0.000010 0.000010 0.941260 0.000010 0.000010 0.058700
0.000010 0.000010 0.826741 0.000010 0.000010 0.173219
0.000010 0.000010 0.892116 0.000010 0.000010 0.107844
0.000010 0.000010 0.000010 0.000010 0.999950 0.000010
0.000010 0.000010 0.885304 0.108145 0.006521 0.000010
0.109268 0.000010 0.715869 0.142725 0.000010 0.032118
0.210045 0.000010 0.738538 0.000010 0.006014 0.045383
0.000010 0.000010 0.877757 0.118264 0.003950 0.000010
0.000010 0.000010 0.000010 0.000010 0.999950 0.000010
0.000010 0.149378 0.632529 0.218063 0.000010 0.000010
0.064035 0.000010 0.736618 0.000010 0.003913 0.195414
0.000010 0.000010 0.000010 0.000010 0.999950 0.000010
0.000010 0.180808 0.715258 0.019027 0.000010 0.084886
0.000010 0.000010 0.000010 0.000010 0.999950 0.000010
0.000010 0.000010 0.000010 0.000010 0.999950 0.000010
0.266104 0.000010 0.614980 0.104954 0.013942 0.000010
0.000010 0.000010 0.000010 0.000010 0.999950 0.000010
0.000010 0.999950 0.000010 0.000010 0.000010 0.000010
0.000010 0.000010 0.000010 0.000010 0.999950 0.000010
0.000010 0.999950 0.000010 0.000010 0.000010 0.000010
0.133304 0.235244 0.542528 0.088905 0.000010 0.000010
0.000010 0.172791 0.742972 0.000010 0.000010 0.084207
0.058491 0.000010 0.801844 0.139635 0.000010 0.000010
0.088712 0.000010 0.911248 0.000010 0.000010 0.000010
0.000010 0.000010 0.000010 0.999950 0.000010 0.000010
0.000010 0.000010 0.000010 0.517512 0.033591 0.448867
0.000010 0.000010 0.000010 0.477418 0.000010 0.522542
0.131860 0.000010 0.000010 0.282893 0.000010 0.585217
0.000010 0.000010 0.000010 0.999950 0.000010 0.000010
0.000010 0.000010 0.000010 0.234024 0.000829 0.765117
0.000010 0.000010 0.000010 0.999950 0.000010 0.000010
0.126523 0.000010 0.000010 0.386957 0.000010 0.486490
0.000010 0.000010 0.000010 0.000010 0.999950 0.000010
0.000010 0.000010 0.000010 0.296444 0.000010 0.703516
0.001747 0.000010 0.000010 0.265502 0.000010 0.732721
0.000010 0.000010 0.029803 0.543030 0.000010 0.427136
0.000010 0.000010 0.000010 0.000010 0.000010 0.999950
0.000010 0.000010 0.000010 0.499785 0.000010 0.500175
0.000010 0.000010 0.000010 0.455698 0.000010 0.544262
0.000010 0.000010 0.000010 0.611641 0.000010 0.388319
0.139561 0.000010 0.670035 0.000010 0.000010 0.190374
0.055644 0.000010 0.246658 0.124867 0.000010 0.572810
0.000010 0.000010 0.000010 0.000010 0.999950 0.000010
0.000010 0.000010 0.000010 0.999950 0.000010 0.000010
0.000010 0.000010 0.000010 0.999950 0.000010 0.000010
0.000010 0.000010 0.000010 0.624759 0.000010 0.375201
0.000010 0.000010 0.118101 0.405985 0.000010 0.475884
0.226571 0.000010 0.000010 0.000010 0.000010 0.773389
0.000010 0.000010 0.000010 0.000010 0.999950 0.000010
0.076402 0.000010 0.000010 0.543084 0.000010 0.380484
0.016383 0.000010 0.000010 0.487157 0.000010 0.496430
0.000010 0.000010 0.000010 0.000010 0.999950 0.000010
0.000010 0.000010 0.000010 0.705561 0.000010 0.294399
0.000010 0.000010 0.000010 0.000010 0.999950 0.000010
0.000010 0.000010 0.000010 0.000010 0.999950 0.000010
0.000010 0.000010 0.000010 0.000010 0.999950 0.000010
0.015628 0.000010 0.000010 0.310966 0.001380 0.672006
0.000010 0.000010 0.077711 0.507534 0.000010 0.414725
0.855966 0.048000 0.000010 0.000010 0.000010 0.096004
0.922209 0.000010 0.000010 0.000010 0.022773 0.054989
0.794636 0.000010 0.199567 0.000010 0.000010 0.005768
0.999950 0.000010 0.000010 0.000010 0.000010 0.000010
0.803606 0.000010 0.070339 0.126024 0.000010 0.000010
0.759052 0.000010 0.093123 0.000010 0.000010 0.147795
0.000010 0.000010 0.000010 0.100665 0.000010 0.899295
0.000010 0.000010 0.000010 0.000010 0.999950 0.000010
0.000010 0.000010 0.000010 0.514456 0.000010 0.485504
0.019095 0.000010 0.000010 0.519652 0.000010 0.461223
0.000010 0.000010 0.000010 0.132403 0.000010 0.867557
0.000010 0.000010 0.000010 0.000010 0.999950 0.000010
0.000010 0.000010 0.000010 0.225629 0.000010 0.774331
0.000010 0.000010 0.000010 0.279602 0.000010 0.720358
0.046379 0.000010 0.000010 0.564772 0.018019 0.370810
0.000010 0.000010 0.000010 0.317690 0.000010 0.682270
0.196097 0.000010 0.000010 0.144009 0.000010 0.659864
0.000010 0.000010 0.000010 0.147918 0.000010 0.852042
0.044249 0.000010 0.000010 0.534897 0.000010 0.420823
0.000010 0.000010 0.021471 0.489440 0.000010 0.489059
0.000010 0.000010 0.056265 0.217798 0.001429 0.724489
0.000010 0.000010 0.000010 0.000010 0.999950 0.000010
0.000010 0.000010 0.000010 0.999950 0.000010 0.000010
0.000010 0.051452 0.000010 0.638891 0.000010 0.309626
0.000010 0.000010 0.000010 0.321597 0.000010 0.678363
0.000010 0.000010 0.000010 0.999950 0.000010 0.000010
0.000010 0.000010 0.000010 0.000010 0.000010 0.999950
0.000010 0.069787 0.000010 0.801370 0.000010 0.128813
0.079457 0.000010 0.000010 0.000010 0.000010 0.920503
0.000010 0.000010 0.000010 0.293814 0.000010 0.706146
0.000010 0.000010 0.149663 0.272636 0.005304 0.572376
0.000010 0.000010 0.000010 0.000010 0.000010 0.999950
0.057403 0.000010 0.000010 0.614494 0.000010 0.328073
0.000010 0.000010 0.000010 0.999950 0.000010 0.000010
0.000010 0.000010 0.000010 0.999950 0.000010 0.000010
0.000010 0.000010 0.000010 0.271857 0.000010 0.728103
0.013920 0.000010 0.000010 0.524291 0.014016 0.447753
0.000010 0.000010 0.000010 0.268622 0.004061 0.727286
0.000010 0.000010 0.000010 0.999950 0.000010 0.000010
0.000010 0.000010 0.000010 0.715216 0.000010 0.284744
0.000010 0.000010 0.000010 0.999950 0.000010 0.000010
0.062107 0.000010 0.000010 0.511217 0.000010 0.426647
0.000010 0.000010 0.000010 0.000010 0.999950 0.000010
0.000010 0.000010 0.000010 0.000010 0.999950 0.000010
0.000010 0.000010 0.051964 0.275314 0.000010 0.672692
0.000010 0.000010 0.000010 0.000010 0.999950 0.000010
0.000010 0.000010 0.000010 0.349055 0.000010 0.650905
0.000010 0.000010 0.000010 0.321930 0.000010 0.678030
0.000010 0.000010 0.000010 0.000010 0.999950 0.000010
0.000010 0.000010 0.000016 0.000010 0.999944 0.000010
0.000010 0.000010 0.000010 0.385780 0.000010 0.614180
0.000010 0.000010 0.000010 0.000010 0.999950 0.000010
0.000010 0.000010 0.000010 0.000010 0.999950 0.000010
0.000010 0.000010 0.000010 0.000010 0.999950 0.000010
0.155561 0.000010 0.598101 0.246308 0.000010 0.000010
0.181822 0.000010 0.674536 0.042740 0.000010 0.100882
0.000010 0.000010 0.958143 0.041817 0.000010 0.000010
0.000010 0.000010 0.999950 0.000010 0.000010 0.000010
0.000010 0.000010 0.000010 0.000010 0.999950 0.000010
0.088702 0.000010 0.000010 0.227402 0.000010 0.683865
0.000010 0.000010 0.999950 0.000010 0.000010 0.000010
0.000010 0.000010 0.981095 0.000010 0.018865 0.000010
0.000010 0.000010 0.844615 0.140367 0.014988 0.000010
0.000010 0.000010 0.870680 0.000010 0.000010 0.129280
0.000010 0.000010 0.917334 0.000010 0.000010 0.082626
0.000010 0.000010 0.999950 0.000010 0.000010 0.000010
0.000010 0.000010 0.976998 0.022962 0.000010 0.000010
0.000010 0.000010 0.912400 0.087560 0.000010 0.000010
0.174050 0.000010 0.752652 0.073268 0.000010 0.000010
0.042543 0.000010 0.957417 0.000010 0.000010 0.000010
0.201809 0.000010 0.734205 0.000010 0.000010 0.063955
0.082762 0.033443 0.867925 0.015850 0.000010 0.000010
0.000790 0.000010 0.817170 0.000010 0.000010 0.182011
0.000010 0.000010 0.991663 0.008297 0.000010 0.000010
0.000010 0.000010 0.999950 0.000010 0.000010 0.000010
0.000010 0.000010 0.834326 0.165634 0.000010 0.000010
0.000010 0.024390 0.868278 0.107302 0.000010 0.000010
0.000010 0.000010 0.781378 0.000010 0.001010 0.217583
0.188594 0.000010 0.796249 0.015128 0.000010 0.000010
0.000010 0.000010 0.998558 0.001402 0.000010 0.000010
0.000010 0.000010 0.919393 0.000010 0.000010 0.080567
0.009375 0.000010 0.000010 0.000010 0.990226 0.000369
0.000010 0.000010 0.902577 0.040768 0.000010 0.056625
0.275954 0.000010 0.545629 0.000010 0.000010 0.178388
0.000010 0.000010 0.999950 0.000010 0.000010 0.000010
0.000010 0.000010 0.000010 0.000010 0.999950 0.000010
0.000010 0.000010 0.999950 0.000010 0.000010 0.000010
0.000010 0.010983 0.000010 0.000010 0.988977 0.000010
0.000010 0.000010 0.999950 0.000010 0.000010 0.000010
0.000010 0.000010 0.907538 0.036510 0.000010 0.055922
0.000010 0.000010 0.997004 0.000010 0.000010 0.002956
0.135423 0.000010 0.800225 0.000010 0.000010 0.064321
0.000010 0.000010 0.976156 0.023804 0.000010 0.000010
0.244941 0.000010 0.718639 0.036390 0.000010 0.000010
0.000010 0.000010 0.999950 0.000010 0.000010 0.000010
0.074502 0.000010 0.652693 0.000010 0.000010 0.272775
0.000010 0.000010 0.999950 0.000010 0.000010 0.000010
0.081854 0.000010 0.689910 0.182150 0.000010 0.046066
0.000010 0.000010 0.999950 0.000010 0.000010 0.000010
0.268576 0.000010 0.621813 0.109581 0.000010 0.000010
0.219005 0.000010 0.557944 0.000010 0.021538 0.201493
0.000010 0.000010 0.000010 0.999950 0.000010 0.000010
0.109038 0.000010 0.000010 0.419046 0.000010 0.471886
0.000010 0.000010 0.000010 0.852333 0.000010 0.147627
0.101293 0.000010 0.000010 0.192765 0.001390 0.704531
0.000010 0.000010 0.000010 0.000010 0.000010 0.999950
0.000010 0.000010 0.000010 0.335576 0.000010 0.664384
0.087993 0.000010 0.022916 0.043381 0.000010 0.845691
0.013885 0.000010 0.000010 0.300119 0.000010 0.685965
0.000010 0.000010 0.000010 0.012978 0.000010 0.986982
0.105780 0.000010 0.000010 0.483798 0.000010 0.410392
0.000010 0.000010 0.000010 0.000010 0.000010 0.999950
0.000010 0.000010 0.000010 0.248624 0.000010 0.751336
0.000010 0.000010 0.000010 0.000010 0.999950 0.000010
0.000010 0.000010 0.000010 0.000010 0.000010 0.999950
0.000010 0.000010 0.037054 0.406260 0.000010 0.556655
0.000010 0.000010 0.000010 0.367490 0.012594 0.619886
0.018936 0.000010 0.000010 0.388041 0.013976 0.579027
0.065568 0.000010 0.000010 0.120547 0.000010 0.813856
0.000010 0.000010 0.000010 0.217715 0.000010 0.782245
0.049705 0.000010 0.000010 0.234853 0.000010 0.715411
0.000010 0.000010 0.000010 0.000010 0.000010 0.999950
0.000010 0.000010 0.000010 0.170187 0.000010 0.829773
0.000010 0.000010 0.000010 0.000010 0.000010 0.999950
0.000010 0.000010 0.000010 0.088648 0.000010 0.911312
0.035064 0.000010 0.000010 0.231623 0.001813 0.731480
0.000010 0.000010 0.000010 0.000010 0.000010 0.999950
0.000010 0.000010 0.000010 0.000010 0.000010 0.999950
0.000010 0.000010 0.017616 0.000010 0.013475 0.968880
0.000010 0.000010 0.000010 0.308748 0.000010 0.691212
0.000010 0.000010 0.011620 0.440542 0.000010 0.547808
0.000010 0.000010 0.050481 0.450474 0.000010 0.499016
0.139179 0.000010 0.000010 0.190748 0.011444 0.658609
0.000010 0.000010 0.000010 0.332930 0.000010 0.667030
0.034074 0.000010 0.859046 0.000010 0.000010 0.106850
0.106502 0.000010 0.000010 0.000010 0.000010 0.893458
0.052358 0.000010 0.000010 0.186113 0.026526 0.734982
0.342390 0.000010 0.000010 0.000010 0.000010 0.657570
0.000010 0.000010 0.000010 0.291288 0.000010 0.708672
0.000010 0.000010 0.000010 0.000010 0.000010 0.999950
0.000010 0.000010 0.028213 0.109293 0.000010 0.862463
0.112217 0.000010 0.000010 0.210297 0.000010 0.677457
0.082999 0.000010 0.000010 0.373828 0.000010 0.543143
0.000010 0.000010 0.000010 0.371626 0.000010 0.628334
0.000010 0.000010 0.000010 0.209311 0.000010 0.790649
0.165024 0.000010 0.000010 0.212532 0.000010 0.622414
0.000010 0.000010 0.000010 0.193654 0.000010 0.806306
0.000010 0.000010 0.000010 0.074012 0.000010 0.925948
0.000010 0.000010 0.000010 0.209129 0.000010 0.790831
0.031976 0.000010 0.069376 0.084920 0.000010 0.813708
0.000010 0.000010 0.050393 0.791209 0.000010 0.158369
0.000010 0.000010 0.075414 0.153771 0.003094 0.767701
0.000010 0.000010 0.000010 0.635859 0.000010 0.364101
0.000010 0.000010 0.000014 0.323070 0.000010 0.676886
0.118247 0.000010 0.148994 0.229525 0.000010 0.503214
0.000010 0.000010 0.000010 0.000010 0.000010 0.999950
0.000010 0.000010 0.000010 0.439017 0.000010 0.560943
0.000010 0.000010 0.010139 0.281329 0.000010 0.708501
0.000010 0.000010 0.000010 0.330697 0.000010 0.669263
0.000010 0.000010 0.000010 0.000010 0.000010 0.999950
0.000010 0.000010 0.000010 0.000010 0.000010 0.999950
0.000010 0.100030 0.000010 0.469387 0.000010 0.430554
0.000010 0.000010 0.000010 0.000010 0.000010 0.999950
0.064956 0.000010 0.008809 0.176587 0.000010 0.749628
0.000010 0.000010 0.000010 0.276168 0.000010 0.723792
0.000010 0.000010 0.000010 0.518385 0.000010 0.481575
0.000010 0.000010 0.000010 0.134678 0.023870 0.841422
0.000010 0.000010 0.000010 0.000010 0.999950 0.000010
0.000010 0.000010 0.000010 0.063123 0.000010 0.936837
0.000010 0.000010 0.000010 0.000010 0.000010 0.999950
0.000010 0.000010 0.000010 0.379194 0.018352 0.602424
0.000010 0.000010 0.000010 0.000010 0.030244 0.969716
0.133137 0.000010 0.014252 0.259817 0.000010 0.592774
0.000010 0.000010 0.000010 0.171598 0.000010 0.828362
0.000010 0.000010 0.000010 0.608398 0.012314 0.379258
0.000010 0.000010 0.000010 0.999950 0.000010 0.000010
0.000010 0.000010 0.000010 0.999950 0.000010 0.000010
0.000010 0.000010 0.000010 0.022657 0.000010 0.977303
0.001056 0.000010 0.119939 0.000010 0.000010 0.878974
0.000010 0.000010 0.000010 0.000010 0.009274 0.990686
0.078417 0.000010 0.000010 0.216244 0.000010 0.705309
0.100945 0.000010 0.013621 0.479651 0.000010 0.405764
0.000010 0.000010 0.000010 0.447838 0.000010 0.552122
0.999950 0.000010 0.000010 0.000010 0.000010 0.000010
0.826775 0.161736 0.000010 0.000010 0.000010 0.011458
0.999950 0.000010 0.000010 0.000010 0.000010 0.000010
0.572010 0.000010 0.213153 0.000010 0.000010 0.214807
0.999950 0.000010 0.000010 0.000010 0.000010 0.000010
0.999950 0.000010 0.000010 0.000010 0.000010 0.000010
0.968791 0.000010 0.000010 0.000010 0.031169 0.000010
0.919568 0.000010 0.000010 0.080392 0.000010 0.000010
0.944567 0.000010 0.055393 0.000010 0.000010 0.000010
0.938094 0.000010 0.000010 0.000010 0.000010 0.061866
0.918007 0.000010 0.000010 0.081953 0.000010 0.000010
0.724724 0.000010 0.212593 0.062653 0.000010 0.000010
0.694356 0.000010 0.305604 0.000010 0.000010 0.000010
0.999950 0.000010 0.000010 0.000010 0.000010 0.000010
0.903695 0.000010 0.000010 0.096265 0.000010 0.000010
0.000010 0.000010 0.000010 0.000010 0.999950 0.000010
0.772228 0.000010 0.184983 0.042759 0.000010 0.000010
0.851755 0.000010 0.000010 0.000010 0.000010 0.148205
0.847904 0.000010 0.000010 0.152056 0.000010 0.000010
0.701810 0.000010 0.228091 0.000010 0.000010 0.070069
0.580151 0.000010 0.419809 0.000010 0.000010 0.000010
0.999054 0.000010 0.000010 0.000010 0.000010 0.000906
0.869406 0.000010 0.000010 0.000010 0.018918 0.111646
0.890695 0.000010 0.000010 0.041164 0.000010 0.068112
0.999950 0.000010 0.000010 0.000010 0.000010 0.000010
0.999950 0.000010 0.000010 0.000010 0.000010 0.000010
0.999950 0.000010 0.000010 0.000010 0.000010 0.000010
0.904788 0.000010 0.087602 0.000010 0.007580 0.000010
0.757681 0.000010 0.120383 0.000010 0.000010 0.121906
0.817800 0.000010 0.000010 0.000010 0.000010 0.182160
0.978828 0.000010 0.000010 0.000010 0.021132 0.000010
0.999950 0.000010 0.000010 0.000010 0.000010 0.000010
0.856051 0.000010 0.000010 0.143909 0.000010 0.000010
0.918040 0.000010 0.081920 0.000010 0.000010 0.000010
0.999950 0.000010 0.000010 0.000010 0.000010 0.000010
0.000010 0.000010 0.000010 0.000010 0.999950 0.000010
0.839271 0.000010 0.160689 0.000010 0.000010 0.000010
0.932849 0.000010 0.000010 0.067111 0.000010 0.000010
0.000010 0.000010 0.000010 0.000010 0.999950 0.000010
0.999950 0.000010 0.000010 0.000010 0.000010 0.000010
0.999950 0.000010 0.000010 0.000010 0.000010 0.000010
0.750814 0.000010 0.000010 0.000010 0.000010 0.249146
0.941159 0.000010 0.000010 0.027084 0.000010 0.031727
0.999950 0.000010 0.000010 0.000010 0.000010 0.000010
0.894211 0.000010 0.023434 0.000010 0.020903 0.061432
0.999950 0.000010 0.000010 0.000010 0.000010 0.000010
0.000010 0.000010 0.000010 0.000010 0.999950 0.000010
0.999950 0.000010 0.000010 0.000010 0.000010 0.000010
0.867661 0.000010 0.132299 0.000010 0.000010 0.000010
0.999950 0.000010 0.000010 0.000010 0.000010 0.000010
0.996177 0.000010 0.000010 0.003783 0.000010 0.000010
0.999950 0.000010 0.000010 0.000010 0.000010 0.000010
0.000010 0.000010 0.000010 0.000010 0.000010 0.999950
