0.091380 0.000010 0.133954 0.599914 0.000010 0.000010 0.015319 0.159403
0.000010 0.000010 0.125194 0.743008 0.000010 0.000010 0.000010 0.131749
0.123003 0.000010 0.000010 0.876937 0.000010 0.000010 0.000010 0.000010
0.000010 0.000010 0.165538 0.691397 0.000010 0.143014 0.000010 0.000010
0.000010 0.066048 0.000010 0.623380 0.047757 0.000010 0.000010 0.262775
0.179748 0.085966 0.177779 0.340182 0.000010 0.064294 0.000010 0.152010
0.000010 0.000010 0.000010 0.916792 0.000010 0.083148 0.000010 0.000010
0.000010 0.000010 0.196300 0.803640 0.000010 0.000010 0.000010 0.000010
0.000010 0.000010 0.000010 0.999930 0.000010 0.000010 0.000010 0.000010
0.000010 0.000010 0.000010 0.000010 0.000010 0.999930 0.000010 0.000010
0.000010 0.000010 0.000010 0.000010 0.000010 0.999930 0.000010 0.000010
0.000010 0.000010 0.274553 0.674839 0.000010 0.000010 0.000010 0.050558
0.046605 0.068043 0.000010 0.885302 0.000010 0.000010 0.000010 0.000010
0.143542 0.000010 0.000010 0.740388 0.000010 0.000010 0.000010 0.116019
0.000010 0.000010 0.006295 0.764673 0.000010 0.112552 0.000010 0.116440
0.058834 0.031350 0.033315 0.833797 0.000010 0.000010 0.000010 0.042674
0.000010 0.000010 0.000010 0.859851 0.000010 0.063733 0.000010 0.076365
0.066058 0.000010 0.158261 0.755287 0.000010 0.000010 0.000010 0.020354
0.028042 0.000010 0.180271 0.791636 0.000010 0.000010 0.000010 0.000010
0.000010 0.000010 0.000010 0.995154 0.000010 0.000010 0.004786 0.000010
0.177533 0.000010 0.000010 0.822407 0.000010 0.000010 0.000010 0.000010
0.000010 0.000010 0.000010 0.969340 0.000010 0.000010 0.030600 0.000010
0.000010 0.000010 0.000010 0.875005 0.000010 0.000010 0.000010 0.124935
0.047622 0.000010 0.110737 0.543752 0.000010 0.000010 0.000010 0.297849
0.069900 0.000010 0.000010 0.930040 0.000010 0.000010 0.000010 0.000010
0.000010 0.097873 0.146015 0.690564 0.065508 0.000010 0.000010 0.000010
0.000010 0.082757 0.203655 0.473266 0.075211 0.165081 0.000010 0.000010
0.324264 0.436062 0.000010 0.000010 0.105311 0.000010 0.000010 0.134323
0.000010 0.128447 0.000010 0.527250 0.000010 0.000010 0.000010 0.344254
0.000010 0.000010 0.000010 0.659012 0.000010 0.000010 0.000010 0.340928
0.000010 0.000010 0.000010 0.000010 0.000010 0.000010 0.000010 0.999930
0.000010 0.000010 0.000010 0.519285 0.000010 0.000010 0.000010 0.480655
0.000010 0.000010 0.000010 0.533873 0.000010 0.000010 0.000010 0.466067
0.000010 0.000010 0.000010 0.000010 0.000010 0.000010 0.000010 0.999930
0.000010 0.000010 0.000010 0.000010 0.000010 0.999930 0.000010 0.000010
0.000010 0.000010 0.000010 0.000010 0.000010 0.999930 0.000010 0.000010
0.000010 0.162140 0.056431 0.341884 0.000010 0.000010 0.000010 0.439506
0.000010 0.000010 0.000010 0.000010 0.000010 0.000010 0.000010 0.999930
0.129721 0.000010 0.000010 0.462209 0.000010 0.000010 0.030611 0.377419
0.178674 0.004874 0.000010 0.497486 0.000010 0.000010 0.000010 0.318926
0.000010 0.000010 0.000010 0.563552 0.013196 0.000010 0.000010 0.423203
0.120348 0.000010 0.000010 0.380149 0.000010 0.000010 0.000010 0.499453
0.205635 0.000010 0.000010 0.405076 0.000010 0.068772 0.000010 0.320477
0.143826 0.000010 0.000010 0.363793 0.000010 0.000010 0.000010 0.492331
0.000010 0.000010 0.000010 0.000010 0.000010 0.000010 0.999930 0.000010
0.000010 0.000010 0.000010 0.592102 0.131017 0.000010 0.000010 0.276831
0.120315 0.000010 0.101709 0.472433 0.126811 0.004305 0.000010 0.174408
0.181692 0.000010 0.188899 0.155988 0.000010 0.000010 0.013850 0.459540
0.000010 0.068524 0.000010 0.251557 0.029461 0.000010 0.004609 0.645818
0.000010 0.000010 0.000010 0.000010 0.000010 0.000010 0.999930 0.000010
0.000010 0.000010 0.000010 0.294120 0.158545 0.000010 0.000010 0.547286
0.201187 0.025913 0.089020 0.105231 0.037315 0.000010 0.000010 0.541314
0.000010 0.000010 0.000010 0.000010 0.000010 0.000010 0.999930 0.000010
0.130184 0.000010 0.000010 0.313432 0.027438 0.134452 0.000010 0.394464
0.000010 0.000010 0.000010 0.000010 0.000010 0.000010 0.999930 0.000010
0.000010 0.000010 0.000010 0.000010 0.000010 0.000010 0.999930 0.000010
0.093590 0.000010 0.254965 0.420014 0.000010 0.000010 0.015065 0.216337
0.000010 0.000010 0.000010 0.000010 0.000010 0.000010 0.999930 0.000010
0.000010 0.000010 0.000010 0.000010 0.000010 0.000010 0.000010 0.999930
0.000010 0.000010 0.000010 0.000010 0.000010 0.000010 0.999930 0.000010
0.000010 0.000010 0.000010 0.000010 0.000010 0.000010 0.000010 0.999930
0.000010 0.000010 0.128078 0.268673 0.093933 0.000010 0.000010 0.509276
0.000014 0.177703 0.000010 0.474899 0.000010 0.000010 0.000010 0.347344
0.012486 0.115185 0.067736 0.521676 0.000010 0.000010 0.000010 0.282887
0.000010 0.000010 0.061218 0.499812 0.000010 0.000010 0.000010 0.438919
0.000010 0.999930 0.000010 0.000010 0.000010 0.000010 0.000010 0.000010
0.485285 0.000010 0.000010 0.000010 0.468569 0.000010 0.046095 0.000010
0.450922 0.000010 0.000010 0.000010 0.549018 0.000010 0.000010 0.000010
0.295967 0.311870 0.127777 0.000010 0.264345 0.000010 0.000010 0.000010
0.000010 0.584238 0.000010 0.000010 0.415702 0.000010 0.000010 0.000010
0.127339 0.645226 0.000010 0.000010 0.227385 0.000010 0.000010 0.000010
0.000010 0.999930 0.000010 0.000010 0.000010 0.000010 0.000010 0.000010
0.299478 0.089824 0.126978 0.000010 0.483680 0.000010 0.000010 0.000010
0.000010 0.000010 0.000010 0.000010 0.000010 0.000010 0.999930 0.000010
0.374978 0.000010 0.000010 0.000010 0.624962 0.000010 0.000010 0.000010
0.191350 0.498864 0.000010 0.000010 0.291345 0.000010 0.000010 0.018401
0.060471 0.263396 0.000010 0.084678 0.591415 0.000010 0.000010 0.000010
0.866283 0.000010 0.000010 0.000010 0.133657 0.000010 0.000010 0.000010
0.518026 0.000010 0.000010 0.000010 0.481914 0.000010 0.000010 0.000010
0.141926 0.541851 0.000010 0.000010 0.316173 0.000010 0.000010 0.000010
0.081268 0.195317 0.000010 0.000010 0.723365 0.000010 0.000010 0.000010
0.224154 0.000010 0.169966 0.567092 0.000010 0.038748 0.000010 0.000010
0.305635 0.249074 0.039455 0.000010 0.178483 0.000010 0.000010 0.227323
0.000010 0.000010 0.000010 0.000010 0.000010 0.000010 0.999930 0.000010
0.000010 0.000010 0.000010 0.000010 0.999930 0.000010 0.000010 0.000010
0.000010 0.000010 0.000010 0.000010 0.986449 0.000010 0.013491 0.000010
0.006304 0.644744 0.000010 0.000010 0.348901 0.000010 0.000010 0.000010
0.439425 0.051980 0.000010 0.000010 0.429841 0.000010 0.000010 0.078713
0.738987 0.067784 0.193179 0.000010 0.000010 0.000010 0.000010 0.000010
0.000010 0.000010 0.000010 0.000010 0.000010 0.000010 0.999930 0.000010
0.171141 0.106587 0.118770 0.000010 0.603462 0.000010 0.000010 0.000010
0.000010 0.999930 0.000010 0.000010 0.000010 0.000010 0.000010 0.000010
0.000010 0.000010 0.000010 0.000010 0.000010 0.000010 0.999930 0.000010
0.000010 0.222945 0.000010 0.000010 0.776995 0.000010 0.000010 0.000010
0.000010 0.000010 0.000010 0.000010 0.000010 0.000010 0.999930 0.000010
0.000010 0.000010 0.000010 0.000010 0.000010 0.000010 0.999930 0.000010
0.000010 0.000010 0.000010 0.000010 0.000010 0.000010 0.999930 0.000010
0.145723 0.614414 0.008586 0.000010 0.231237 0.000010 0.000010 0.000010
0.597121 0.000010 0.000010 0.073360 0.329469 0.000010 0.000010 0.000010
0.025153 0.000010 0.795853 0.096431 0.082524 0.000010 0.000010 0.000010
0.000010 0.123685 0.856342 0.000010 0.000010 0.000010 0.019923 0.000010
0.000010 0.000010 0.799315 0.107076 0.000010 0.000010 0.000010 0.093559
0.000010 0.000010 0.929249 0.000010 0.002956 0.000010 0.000010 0.067745
0.000010 0.000010 0.825755 0.000010 0.148835 0.000010 0.000010 0.025359
0.191915 0.000010 0.730241 0.000010 0.000010 0.000010 0.000010 0.077794
0.343499 0.000010 0.000010 0.000010 0.656441 0.000010 0.000010 0.000010
0.000010 0.000010 0.000010 0.000010 0.000010 0.000010 0.999930 0.000010
0.445326 0.554614 0.000010 0.000010 0.000010 0.000010 0.000010 0.000010
0.188737 0.349067 0.028699 0.000010 0.433457 0.000010 0.000010 0.000010
0.269476 0.442874 0.000010 0.000010 0.287600 0.000010 0.000010 0.000010
0.000010 0.000010 0.000010 0.000010 0.000010 0.000010 0.999930 0.000010
0.454430 0.143383 0.000010 0.000010 0.402137 0.000010 0.000010 0.000010
0.000010 0.999930 0.000010 0.000010 0.000010 0.000010 0.000010 0.000010
0.000010 0.999930 0.000010 0.000010 0.000010 0.000010 0.000010 0.000010
0.000010 0.999930 0.000010 0.000010 0.000010 0.000010 0.000010 0.000010
0.221815 0.516402 0.166206 0.000010 0.095537 0.000010 0.000010 0.000010
0.628420 0.371520 0.000010 0.000010 0.000010 0.000010 0.000010 0.000010
0.441120 0.510943 0.011474 0.000010 0.036423 0.000010 0.000010 0.000010
0.267001 0.352271 0.000010 0.006001 0.374687 0.000010 0.000010 0.000010
0.210871 0.189794 0.000010 0.069192 0.530104 0.000010 0.000010 0.000010
0.000010 0.000010 0.000010 0.000010 0.000010 0.000010 0.999930 0.000010
0.000010 0.000010 0.000010 0.000010 0.999930 0.000010 0.000010 0.000010
0.431651 0.196081 0.000010 0.116349 0.255879 0.000010 0.000010 0.000010
0.481022 0.220686 0.000010 0.000010 0.298241 0.000010 0.000010 0.000010
0.000010 0.275680 0.000010 0.000010 0.724260 0.000010 0.000010 0.000010
0.217353 0.554943 0.000010 0.000010 0.227654 0.000010 0.000010 0.000010
0.000010 0.445795 0.000010 0.000010 0.439637 0.000010 0.000010 0.114518
0.000010 0.999930 0.000010 0.000010 0.000010 0.000010 0.000010 0.000010
0.342882 0.129581 0.006434 0.000010 0.521063 0.000010 0.000010 0.000010
0.183642 0.734530 0.000010 0.000010 0.000010 0.000010 0.001214 0.080574
0.000010 0.999930 0.000010 0.000010 0.000010 0.000010 0.000010 0.000010
0.100304 0.664973 0.006424 0.000010 0.219078 0.000010 0.009192 0.000010
0.000010 0.556381 0.000010 0.000010 0.443559 0.000010 0.000010 0.000010
0.000010 0.000010 0.000010 0.000010 0.999930 0.000010 0.000010 0.000010
0.094557 0.455688 0.000010 0.000010 0.449705 0.000010 0.000010 0.000010
0.307525 0.176643 0.000010 0.000010 0.508450 0.000010 0.007341 0.000010
0.291767 0.000010 0.000010 0.000010 0.708173 0.000010 0.000010 0.000010
0.000010 0.000010 0.000010 0.000010 0.999930 0.000010 0.000010 0.000010
0.000010 0.873072 0.000010 0.000010 0.126868 0.000010 0.000010 0.000010
0.000010 0.999930 0.000010 0.000010 0.000010 0.000010 0.000010 0.000010
0.258713 0.240164 0.062089 0.000010 0.438994 0.000010 0.000010 0.000010
0.000010 0.000010 0.000010 0.000010 0.000010 0.000010 0.999930 0.000010
0.000010 0.000010 0.000010 0.000010 0.000010 0.000010 0.999930 0.000010
0.393900 0.026422 0.000010 0.000010 0.492150 0.000010 0.000010 0.087488
0.000010 0.000010 0.000010 0.000010 0.000010 0.000010 0.999930 0.000010
0.327777 0.375911 0.000010 0.000010 0.296262 0.000010 0.000010 0.000010
0.283287 0.425419 0.000010 0.000010 0.291244 0.000010 0.000010 0.000010
0.000010 0.000010 0.000010 0.000010 0.000010 0.000010 0.999930 0.000010
0.000010 0.000010 0.000010 0.000010 0.000010 0.000010 0.999930 0.000010
0.284573 0.424072 0.000010 0.000010 0.291305 0.000010 0.000010 0.000010
0.000010 0.000010 0.000010 0.000010 0.000010 0.000010 0.999930 0.000010
0.000010 0.000010 0.000010 0.000010 0.000010 0.000010 0.999930 0.000010
0.000010 0.000010 0.000010 0.000010 0.000010 0.000010 0.999930 0.000010
0.000010 0.283251 0.000010 0.716689 0.000010 0.000010 0.000010 0.000010
0.006485 0.135389 0.080484 0.777602 0.000010 0.000010 0.000010 0.000010
0.000010 0.000010 0.000010 0.999930 0.000010 0.000010 0.000010 0.000010
0.000010 0.000010 0.000010 0.983355 0.016585 0.000010 0.000010 0.000010
0.000010 0.000010 0.000010 0.000010 0.000010 0.000010 0.999930 0.000010
0.226897 0.182816 0.087852 0.000010 0.502395 0.000010 0.000010 0.000010
0.000624 0.000010 0.000010 0.999316 0.000010 0.000010 0.000010 0.000010
0.000010 0.000010 0.000010 0.982441 0.000010 0.000010 0.017499 0.000010
0.000010 0.227610 0.000010 0.537151 0.000010 0.072554 0.006736 0.155919
0.000010 0.000010 0.000010 0.658396 0.186676 0.137318 0.000010 0.017569
0.000010 0.033915 0.000010 0.811756 0.071726 0.000010 0.000010 0.082564
0.000010 0.000010 0.000010 0.930656 0.000010 0.000010 0.000010 0.069284
0.000010 0.000010 0.000010 0.789327 0.123317 0.087307 0.000010 0.000010
0.071684 0.000010 0.061379 0.536284 0.000010 0.111844 0.000010 0.218778
0.000010 0.000010 0.107041 0.728677 0.098608 0.000010 0.000010 0.065635
0.000010 0.000010 0.000010 0.945387 0.000010 0.000010 0.000010 0.054553
0.111964 0.000010 0.170410 0.717576 0.000010 0.000010 0.000010 0.000010
0.000010 0.000010 0.042622 0.776845 0.074278 0.020858 0.000010 0.085367
0.205638 0.078939 0.000010 0.604257 0.000010 0.000010 0.000010 0.111125
0.069035 0.000010 0.000010 0.918871 0.000010 0.000010 0.000010 0.012044
0.000010 0.000010 0.000010 0.999930 0.000010 0.000010 0.000010 0.000010
0.000010 0.120618 0.000010 0.831915 0.047417 0.000010 0.000010 0.000010
0.042533 0.000010 0.000010 0.840575 0.042916 0.073935 0.000010 0.000010
0.086147 0.134488 0.000010 0.779315 0.000010 0.000010 0.000010 0.000010
0.000010 0.041810 0.123412 0.834728 0.000010 0.000010 0.000010 0.000010
0.031437 0.000010 0.000010 0.857470 0.000010 0.000010 0.000010 0.111043
0.000010 0.000010 0.000010 0.910934 0.069639 0.000010 0.000010 0.019377
0.016040 0.000010 0.000010 0.000010 0.000010 0.000010 0.983900 0.000010
0.148567 0.000010 0.000010 0.851373 0.000010 0.000010 0.000010 0.000010
0.195490 0.000010 0.293298 0.511162 0.000010 0.000010 0.000010 0.000010
0.000010 0.000010 0.000010 0.999930 0.000010 0.000010 0.000010 0.000010
0.000010 0.000010 0.000010 0.000010 0.000010 0.000010 0.999930 0.000010
0.000010 0.000010 0.000010 0.999930 0.000010 0.000010 0.000010 0.000010
0.000010 0.000010 0.000010 0.000010 0.000010 0.000010 0.982563 0.017377
0.000010 0.000010 0.000010 0.999930 0.000010 0.000010 0.000010 0.000010
0.052538 0.064629 0.000010 0.882784 0.000010 0.000010 0.000010 0.000010
0.122281 0.000010 0.000010 0.784332 0.000010 0.000010 0.000010 0.093337
0.112864 0.000010 0.069752 0.734830 0.000010 0.000010 0.000010 0.082514
0.000010 0.000010 0.000010 0.999930 0.000010 0.000010 0.000010 0.000010
0.000010 0.152327 0.098164 0.749459 0.000010 0.000010 0.000010 0.000010
0.000010 0.000010 0.000010 0.999930 0.000010 0.000010 0.000010 0.000010
0.226690 0.091163 0.058834 0.475351 0.000010 0.050228 0.000010 0.097713
0.000010 0.000010 0.000010 0.999930 0.000010 0.000010 0.000010 0.000010
0.000010 0.033884 0.006166 0.674642 0.234040 0.000010 0.000010 0.051237
0.000010 0.000010 0.000010 0.999930 0.000010 0.000010 0.000010 0.000010
0.000010 0.089496 0.235470 0.674985 0.000010 0.000010 0.000010 0.000010
0.133667 0.093105 0.222150 0.479430 0.000010 0.055964 0.015664 0.000010
0.000010 0.000010 0.000010 0.000010 0.999930 0.000010 0.000010 0.000010
0.000010 0.000010 0.148277 0.000010 0.851663 0.000010 0.000010 0.000010
0.000010 0.117248 0.000010 0.000010 0.882692 0.000010 0.000010 0.000010
0.000010 0.000010 0.078651 0.000010 0.921289 0.000010 0.000010 0.000010
0.069482 0.370560 0.000010 0.000010 0.545772 0.000010 0.000010 0.014146
0.249781 0.364205 0.000010 0.000010 0.385964 0.000010 0.000010 0.000010
0.340844 0.014950 0.101543 0.000010 0.494785 0.000010 0.000010 0.047848
0.285850 0.421912 0.000455 0.000010 0.291743 0.000010 0.000010 0.000010
0.802204 0.197736 0.000010 0.000010 0.000010 0.000010 0.000010 0.000010
0.131895 0.647797 0.088338 0.000010 0.131930 0.000010 0.000010 0.000010
0.999930 0.000010 0.000010 0.000010 0.000010 0.000010 0.000010 0.000010
0.439134 0.000010 0.000010 0.000010 0.560806 0.000010 0.000010 0.000010
0.000010 0.000010 0.000010 0.000010 0.000010 0.000010 0.999930 0.000010
0.428763 0.000010 0.000010 0.000010 0.494470 0.000010 0.000010 0.076718
0.362175 0.373647 0.000010 0.000010 0.207684 0.000010 0.000010 0.056454
0.525540 0.417461 0.000010 0.000010 0.044386 0.000010 0.012573 0.000010
0.561476 0.430367 0.000010 0.008106 0.000010 0.000010 0.000010 0.000010
0.637597 0.273169 0.041035 0.000010 0.048159 0.000010 0.000010 0.000010
0.389899 0.251655 0.000010 0.000010 0.358397 0.000010 0.000010 0.000010
0.540519 0.000010 0.000010 0.000010 0.459421 0.000010 0.000010 0.000010
0.999930 0.000010 0.000010 0.000010 0.000010 0.000010 0.000010 0.000010
0.426073 0.360182 0.000010 0.000010 0.213695 0.000010 0.000010 0.000010
0.999930 0.000010 0.000010 0.000010 0.000010 0.000010 0.000010 0.000010
0.719683 0.280257 0.000010 0.000010 0.000010 0.000010 0.000010 0.000010
0.763010 0.071241 0.000010 0.000010 0.165699 0.000010 0.000010 0.000010
0.575745 0.000010 0.000010 0.000010 0.424195 0.000010 0.000010 0.000010
0.999930 0.000010 0.000010 0.000010 0.000010 0.000010 0.000010 0.000010
0.682958 0.000010 0.000010 0.000010 0.302840 0.000010 0.014152 0.000010
0.000010 0.695367 0.000010 0.000010 0.304573 0.000010 0.000010 0.000010
0.000010 0.626943 0.000010 0.000010 0.372997 0.000010 0.000010 0.000010
0.539766 0.048715 0.000010 0.086326 0.325153 0.000010 0.000010 0.000010
0.711240 0.000010 0.060797 0.000010 0.215974 0.000010 0.011949 0.000010
0.318496 0.227355 0.000010 0.017976 0.436133 0.000010 0.000010 0.000010
0.081662 0.000010 0.000010 0.918278 0.000010 0.000010 0.000010 0.000010
0.561878 0.227703 0.174009 0.000010 0.036371 0.000010 0.000010 0.000010
0.773905 0.000010 0.008502 0.000010 0.209600 0.000010 0.007952 0.000010
0.707983 0.000010 0.279948 0.000010 0.000010 0.012019 0.000010 0.000010
0.248610 0.751056 0.000010 0.000010 0.000284 0.000010 0.000010 0.000010
0.397821 0.602119 0.000010 0.000010 0.000010 0.000010 0.000010 0.000010
0.231833 0.325439 0.000010 0.000010 0.404838 0.000010 0.000010 0.037850
0.391405 0.000010 0.108114 0.000010 0.500431 0.000010 0.000010 0.000010
0.441205 0.255612 0.069910 0.000010 0.233233 0.000010 0.000010 0.000010
0.552784 0.085508 0.000010 0.000010 0.361659 0.000010 0.000010 0.000010
0.481525 0.000010 0.000010 0.000010 0.518415 0.000010 0.000010 0.000010
0.412501 0.202759 0.148479 0.000010 0.236221 0.000010 0.000010 0.000010
0.499347 0.102135 0.000010 0.000010 0.398468 0.000010 0.000010 0.000010
0.405146 0.366695 0.000010 0.000010 0.228109 0.000010 0.000010 0.000010
0.607759 0.000010 0.000010 0.000010 0.392181 0.000010 0.000010 0.000010
0.000010 0.295429 0.030281 0.080010 0.594240 0.000010 0.000010 0.000010
0.081954 0.627729 0.000010 0.105341 0.184936 0.000010 0.000010 0.000010
0.229906 0.000010 0.000010 0.071052 0.698992 0.000010 0.000010 0.000010
0.409788 0.409615 0.000010 0.000010 0.180547 0.000010 0.000010 0.000010
0.459377 0.251589 0.000010 0.000010 0.288984 0.000010 0.000010 0.000010
0.660752 0.000010 0.003935 0.167058 0.168215 0.000010 0.000010 0.000010
0.616129 0.383811 0.000010 0.000010 0.000010 0.000010 0.000010 0.000010
0.000010 0.538354 0.000010 0.000010 0.461586 0.000010 0.000010 0.000010
0.364045 0.104580 0.000010 0.002711 0.528625 0.000010 0.000010 0.000010
0.460005 0.360986 0.000010 0.000010 0.178959 0.000010 0.000010 0.000010
0.491016 0.508924 0.000010 0.000010 0.000010 0.000010 0.000010 0.000010
0.000010 0.000010 0.000010 0.000010 0.999930 0.000010 0.000010 0.000010
0.999930 0.000010 0.000010 0.000010 0.000010 0.000010 0.000010 0.000010
0.000010 0.000010 0.000010 0.000010 0.999930 0.000010 0.000010 0.000010
0.729877 0.000010 0.013695 0.006007 0.250381 0.000010 0.000010 0.000010
0.224453 0.775487 0.000010 0.000010 0.000010 0.000010 0.000010 0.000010
0.576008 0.000010 0.000010 0.000010 0.423932 0.000010 0.000010 0.000010
0.288742 0.499166 0.000010 0.000010 0.204115 0.000010 0.007937 0.000010
0.000010 0.000010 0.000010 0.000010 0.000010 0.000010 0.999930 0.000010
0.782352 0.000010 0.000010 0.000010 0.217588 0.000010 0.000010 0.000010
0.466647 0.372848 0.000010 0.000010 0.160455 0.000010 0.000010 0.000010
0.434191 0.000010 0.000010 0.000010 0.565749 0.000010 0.000010 0.000010
0.999930 0.000010 0.000010 0.000010 0.000010 0.000010 0.000010 0.000010
0.513773 0.275881 0.129634 0.011035 0.069647 0.000010 0.000010 0.000010
0.425590 0.574350 0.000010 0.000010 0.000010 0.000010 0.000010 0.000010
0.233100 0.161747 0.000010 0.000010 0.592989 0.000010 0.012124 0.000010
0.999930 0.000010 0.000010 0.000010 0.000010 0.000010 0.000010 0.000010
0.999930 0.000010 0.000010 0.000010 0.000010 0.000010 0.000010 0.000010
0.698817 0.301123 0.000010 0.000010 0.000010 0.000010 0.000010 0.000010
0.421180 0.101443 0.000010 0.000010 0.331567 0.000010 0.000010 0.145770
0.425392 0.000010 0.000010 0.000010 0.524493 0.000010 0.000323 0.049753
0.746247 0.083559 0.058537 0.000010 0.111617 0.000010 0.000010 0.000010
0.502507 0.000010 0.000010 0.063078 0.434365 0.000010 0.000010 0.000010
0.345832 0.372882 0.000010 0.000010 0.281237 0.000010 0.000010 0.000010
0.000010 0.000010 0.999930 0.000010 0.000010 0.000010 0.000010 0.000010
0.000010 0.000010 0.681765 0.000010 0.000010 0.000010 0.000010 0.318175
0.000010 0.000010 0.999930 0.000010 0.000010 0.000010 0.000010 0.000010
0.278412 0.003191 0.520857 0.110209 0.000010 0.000010 0.000010 0.087302
0.000010 0.000010 0.999930 0.000010 0.000010 0.000010 0.000010 0.000010
0.000010 0.000010 0.999930 0.000010 0.000010 0.000010 0.000010 0.000010
0.000010 0.000010 0.905694 0.000010 0.000010 0.000010 0.031897 0.062359
0.000010 0.000010 0.925939 0.000010 0.074001 0.000010 0.000010 0.000010
0.000010 0.000010 0.857921 0.000010 0.000010 0.000010 0.000010 0.142019
0.077247 0.030719 0.891985 0.000010 0.000010 0.000010 0.000010 0.000010
0.107293 0.000010 0.883793 0.000010 0.008864 0.000010 0.000010 0.000010
0.039810 0.005585 0.687369 0.230216 0.036991 0.000010 0.000010 0.000010
0.079002 0.000010 0.626333 0.114982 0.000010 0.000010 0.000010 0.179642
0.000010 0.000010 0.999930 0.000010 0.000010 0.000010 0.000010 0.000010
0.000010 0.078619 0.891288 0.000010 0.030043 0.000010 0.000010 0.000010
0.000010 0.000010 0.000010 0.000010 0.000010 0.000010 0.999930 0.000010
0.000010 0.083221 0.752200 0.164528 0.000010 0.000010 0.000010 0.000010
0.105871 0.047515 0.809389 0.000010 0.037185 0.000010 0.000010 0.000010
0.128746 0.024981 0.835854 0.000010 0.010379 0.000010 0.000010 0.000010
0.162204 0.000010 0.626597 0.142653 0.000010 0.000010 0.000010 0.068506
0.079916 0.000010 0.540140 0.376731 0.000010 0.000010 0.003173 0.000010
0.101170 0.000010 0.898770 0.000010 0.000010 0.000010 0.000010 0.000010
0.144072 0.000010 0.835630 0.000010 0.000010 0.000010 0.020249 0.000010
0.000010 0.141226 0.858714 0.000010 0.000010 0.000010 0.000010 0.000010
0.000010 0.000010 0.999930 0.000010 0.000010 0.000010 0.000010 0.000010
0.000010 0.000010 0.974801 0.000010 0.025139 0.000010 0.000010 0.000010
0.000010 0.041767 0.958173 0.000010 0.000010 0.000010 0.000010 0.000010
0.000010 0.000012 0.863403 0.133734 0.000010 0.000010 0.002811 0.000010
0.150235 0.000010 0.717988 0.118020 0.000010 0.000010 0.000010 0.013717
0.264592 0.000010 0.735348 0.000010 0.000010 0.000010 0.000010 0.000010
0.000010 0.000010 0.978625 0.000010 0.000010 0.000010 0.021315 0.000010
0.000010 0.000010 0.999930 0.000010 0.000010 0.000010 0.000010 0.000010
0.025584 0.077404 0.864122 0.000010 0.032850 0.000010 0.000010 0.000010
0.000010 0.000010 0.956211 0.000010 0.000010 0.000010 0.000010 0.043729
0.000010 0.000010 0.999930 0.000010 0.000010 0.000010 0.000010 0.000010
0.000010 0.000010 0.000010 0.000010 0.000010 0.000010 0.999930 0.000010
0.000010 0.000010 0.812021 0.086241 0.000010 0.000010 0.000010 0.101688
0.000010 0.107853 0.875814 0.000010 0.000010 0.000010 0.000010 0.016283
0.000010 0.000010 0.000010 0.000010 0.000010 0.000010 0.999930 0.000010
0.000010 0.082674 0.917266 0.000010 0.000010 0.000010 0.000010 0.000010
0.049915 0.000010 0.950025 0.000010 0.000010 0.000010 0.000010 0.000010
0.048859 0.000010 0.783752 0.000010 0.167338 0.000010 0.000010 0.000010
0.101810 0.000010 0.898130 0.000010 0.000010 0.000010 0.000010 0.000010
0.000010 0.000010 0.999930 0.000010 0.000010 0.000010 0.000010 0.000010
0.134739 0.000010 0.747415 0.108827 0.000010 0.000010 0.008980 0.000010
0.000010 0.000010 0.999930 0.000010 0.000010 0.000010 0.000010 0.000010
0.000010 0.000010 0.000010 0.000010 0.000010 0.000010 0.999930 0.000010
0.000010 0.000010 0.999930 0.000010 0.000010 0.000010 0.000010 0.000010
0.000010 0.000010 0.860563 0.113204 0.000010 0.000010 0.000010 0.026183
0.000010 0.000010 0.999930 0.000010 0.000010 0.000010 0.000010 0.000010
0.000010 0.107876 0.883880 0.000010 0.000010 0.000010 0.000010 0.008195
0.000010 0.000010 0.999930 0.000010 0.000010 0.000010 0.000010 0.000010
0.999930 0.000010 0.000010 0.000010 0.000010 0.000010 0.000010 0.000010
