0.000010 0.000010 0.161972 0.397372 0.076632 0.000010 0.000010 0.363984
0.000010 0.000010 0.003468 0.957586 0.000010 0.000010 0.000010 0.038896
0.000010 0.000010 0.000010 0.914892 0.085048 0.000010 0.000010 0.000010
0.000010 0.000010 0.000010 0.817434 0.044397 0.000010 0.000010 0.138119
0.138441 0.000010 0.000010 0.692798 0.000010 0.000010 0.000010 0.168711
0.000010 0.104045 0.000010 0.785012 0.000010 0.000010 0.000010 0.110893
0.000010 0.000010 0.000010 0.999930 0.000010 0.000010 0.000010 0.000010
0.000010 0.053384 0.000010 0.886625 0.026569 0.000010 0.033382 0.000010
0.000010 0.000010 0.000010 0.999930 0.000010 0.000010 0.000010 0.000010
0.000010 0.000010 0.000010 0.000010 0.000010 0.999930 0.000010 0.000010
0.000010 0.000010 0.000010 0.000010 0.000010 0.995341 0.000010 0.004599
0.000010 0.000010 0.187466 0.786209 0.026275 0.000010 0.000010 0.000010
0.000010 0.000010 0.170642 0.549692 0.000010 0.000010 0.000010 0.279617
0.000010 0.000010 0.000010 0.502094 0.031564 0.000010 0.000010 0.466291
0.000010 0.000010 0.000010 0.838867 0.017498 0.000010 0.000010 0.143585
0.000010 0.066844 0.046505 0.886601 0.000010 0.000010 0.000010 0.000010
0.000010 0.000010 0.000010 0.808473 0.000010 0.000010 0.000010 0.191467
0.035057 0.000010 0.237811 0.415315 0.000010 0.000010 0.000010 0.311776
0.000010 0.032547 0.259404 0.707998 0.000010 0.000010 0.000010 0.000010
0.000010 0.000010 0.000010 0.999930 0.000010 0.000010 0.000010 0.000010
0.000010 0.000010 0.024582 0.975358 0.000010 0.000010 0.000010 0.000010
0.041265 0.000010 0.000010 0.688633 0.000010 0.000010 0.000070 0.269992
0.000010 0.000010 0.000010 0.859364 0.000010 0.000010 0.004944 0.135642
0.000010 0.000010 0.000010 0.919374 0.080566 0.000010 0.000010 0.000010
0.000010 0.000010 0.000010 0.999930 0.000010 0.000010 0.000010 0.000010
0.082722 0.000010 0.000010 0.917218 0.000010 0.000010 0.000010 0.000010
0.000010 0.163512 0.197428 0.639010 0.000010 0.000010 0.000010 0.000010
0.513774 0.237829 0.115836 0.000010 0.066140 0.000010 0.000010 0.066390
0.000010 0.085693 0.000010 0.184477 0.090651 0.000010 0.000010 0.639139
0.000010 0.039761 0.113929 0.191650 0.000010 0.000010 0.000010 0.654619
0.000010 0.000010 0.000010 0.000010 0.000010 0.000010 0.000010 0.999930
0.000010 0.019933 0.107283 0.121490 0.100143 0.000010 0.000010 0.651120
0.000010 0.000010 0.046456 0.000010 0.000010 0.000010 0.000010 0.953484
0.000010 0.000010 0.000010 0.000010 0.000010 0.000010 0.000010 0.999930
0.000010 0.000010 0.000010 0.000010 0.000010 0.999930 0.000010 0.000010
0.000010 0.000010 0.000010 0.000010 0.000010 0.999930 0.000010 0.000010
0.000010 0.021206 0.000010 0.310338 0.000010 0.000010 0.000010 0.668406
0.000010 0.000010 0.000010 0.000010 0.000010 0.000010 0.000010 0.999930
0.090592 0.000010 0.000010 0.474754 0.000010 0.000010 0.000010 0.434604
0.000010 0.000010 0.000010 0.050388 0.174646 0.000010 0.000010 0.774916
0.000010 0.000010 0.000010 0.141749 0.273712 0.000010 0.000010 0.584489
0.000010 0.000010 0.000010 0.000010 0.000010 0.000010 0.000010 0.999930
0.000010 0.000010 0.000010 0.000010 0.131387 0.000010 0.000010 0.868553
0.000010 0.000010 0.156759 0.000010 0.000010 0.000010 0.000010 0.843181
0.000010 0.000010 0.000010 0.000010 0.000010 0.000010 0.999930 0.000010
0.000010 0.000010 0.000010 0.243527 0.200360 0.000010 0.026863 0.529211
0.000010 0.173948 0.197498 0.209452 0.066674 0.000010 0.000010 0.352398
0.021346 0.000010 0.205536 0.091889 0.151087 0.000010 0.000010 0.530112
0.000010 0.000010 0.000010 0.000010 0.000010 0.000010 0.000010 0.999930
0.000010 0.000010 0.000010 0.000010 0.000010 0.000010 0.999930 0.000010
0.000010 0.000010 0.000010 0.000010 0.122483 0.000010 0.000010 0.877457
0.033759 0.023275 0.014033 0.514867 0.000010 0.000010 0.000010 0.414035
0.000010 0.000010 0.000010 0.000010 0.000010 0.000010 0.999930 0.000010
0.000010 0.046074 0.000010 0.168402 0.000010 0.000010 0.009643 0.775840
0.000010 0.000010 0.000010 0.000010 0.000010 0.000010 0.999930 0.000010
0.000010 0.000010 0.000010 0.000010 0.000010 0.000010 0.999930 0.000010
0.000010 0.000010 0.000010 0.082028 0.262188 0.000010 0.000010 0.655734
0.000010 0.000010 0.000010 0.000010 0.000010 0.000010 0.999930 0.000010
0.000010 0.000010 0.000010 0.000010 0.000010 0.391098 0.000010 0.608842
0.000010 0.000010 0.000010 0.000010 0.000010 0.000010 0.999930 0.000010
0.000010 0.000010 0.000010 0.000010 0.000010 0.000010 0.000010 0.999930
0.000010 0.098531 0.000010 0.000010 0.055413 0.000010 0.000010 0.846006
0.000010 0.000010 0.122872 0.000010 0.000010 0.000010 0.000010 0.877068
0.351216 0.000010 0.000010 0.000010 0.000010 0.000010 0.000010 0.648724
0.000010 0.000010 0.129651 0.000010 0.000010 0.000010 0.000010 0.870289
0.595462 0.056021 0.000010 0.053642 0.294834 0.000010 0.000010 0.000010
0.584479 0.312575 0.000010 0.000010 0.051085 0.000010 0.023808 0.028023
0.245717 0.273150 0.000010 0.000010 0.481083 0.000010 0.000010 0.000010
0.815667 0.000010 0.149561 0.000010 0.034722 0.000010 0.000010 0.000010
0.370547 0.357548 0.000010 0.000010 0.271855 0.000010 0.000010 0.000010
0.267389 0.519354 0.161712 0.008196 0.043319 0.000010 0.000010 0.000010
0.209430 0.649628 0.000010 0.000010 0.140891 0.000010 0.000010 0.000010
0.598392 0.257510 0.000010 0.000010 0.144047 0.000010 0.000010 0.000010
0.000010 0.000010 0.000010 0.000010 0.000010 0.000010 0.999930 0.000010
0.827981 0.048108 0.000010 0.000010 0.000010 0.000010 0.005208 0.118663
0.799540 0.000010 0.200400 0.000010 0.000010 0.000010 0.000010 0.000010
0.618115 0.267952 0.000010 0.000010 0.113883 0.000010 0.000010 0.000010
0.861164 0.000010 0.042204 0.000010 0.096582 0.000010 0.000010 0.000010
0.627968 0.000010 0.108863 0.000010 0.263119 0.000010 0.000010 0.000010
0.749911 0.000010 0.000010 0.000010 0.250029 0.000010 0.000010 0.000010
0.717690 0.175215 0.000010 0.000010 0.107046 0.000010 0.000010 0.000010
0.000010 0.035947 0.008498 0.699563 0.000010 0.000010 0.000010 0.255952
0.012127 0.512110 0.000010 0.211797 0.122330 0.000010 0.000010 0.141606
0.000010 0.000010 0.000010 0.000010 0.000010 0.000010 0.999930 0.000010
0.000010 0.275916 0.000010 0.000010 0.724024 0.000010 0.000010 0.000010
0.000010 0.442194 0.000010 0.000010 0.484923 0.000010 0.000010 0.072832
0.552387 0.384929 0.000010 0.000010 0.062635 0.000010 0.000010 0.000010
0.779267 0.000010 0.000010 0.000010 0.180709 0.000010 0.000010 0.039974
0.465791 0.371545 0.102860 0.000010 0.000010 0.000010 0.000010 0.059764
0.000010 0.000010 0.000010 0.000010 0.000010 0.000010 0.999930 0.000010
0.614646 0.238028 0.000010 0.000010 0.147276 0.000010 0.000010 0.000010
0.520334 0.370519 0.039167 0.000010 0.069940 0.000010 0.000010 0.000010
0.000010 0.000010 0.000010 0.000010 0.000010 0.000010 0.999930 0.000010
0.299751 0.180997 0.000010 0.000010 0.519202 0.000010 0.000010 0.000010
0.000010 0.000010 0.000010 0.000010 0.000010 0.000010 0.999930 0.000010
0.000010 0.000010 0.000010 0.000010 0.000010 0.000010 0.999930 0.000010
0.000010 0.000010 0.000010 0.000010 0.000010 0.000010 0.999930 0.000010
0.254053 0.506221 0.120837 0.000010 0.118849 0.000010 0.000010 0.000010
0.820969 0.000010 0.000010 0.178971 0.000010 0.000010 0.000010 0.000010
0.196243 0.000010 0.803697 0.000010 0.000010 0.000010 0.000010 0.000010
0.000010 0.108369 0.717953 0.000010 0.000010 0.000010 0.000010 0.173628
0.036280 0.000010 0.683088 0.218976 0.061616 0.000010 0.000010 0.000010
0.002132 0.000010 0.925843 0.000010 0.000010 0.000010 0.000010 0.071975
0.000010 0.157128 0.583945 0.098292 0.138913 0.000010 0.021692 0.000010
0.146965 0.000010 0.671236 0.124180 0.057580 0.000010 0.000010 0.000010
0.841487 0.085195 0.000010 0.000010 0.073269 0.000010 0.000010 0.000010
0.000010 0.000010 0.000010 0.000010 0.000010 0.000010 0.999930 0.000010
0.762266 0.185731 0.000010 0.000010 0.051953 0.000010 0.000010 0.000010
0.512754 0.141690 0.000010 0.000010 0.345507 0.000010 0.000010 0.000010
0.292084 0.593121 0.000010 0.000010 0.114745 0.000010 0.000010 0.000010
0.000010 0.000010 0.000010 0.000010 0.000010 0.000010 0.999930 0.000010
0.836904 0.163036 0.000010 0.000010 0.000010 0.000010 0.000010 0.000010
0.000010 0.731811 0.000010 0.000010 0.268129 0.000010 0.000010 0.000010
0.479883 0.321026 0.127973 0.000010 0.071078 0.000010 0.000010 0.000010
0.000010 0.719245 0.000010 0.000010 0.280695 0.000010 0.000010 0.000010
0.470350 0.321956 0.207645 0.000010 0.000010 0.000010 0.000010 0.000010
0.936361 0.008996 0.000010 0.000010 0.054593 0.000010 0.000010 0.000010
0.728725 0.000010 0.044357 0.000010 0.226868 0.000010 0.000010 0.000010
0.384082 0.319563 0.000010 0.000010 0.246521 0.000010 0.000010 0.049794
0.595456 0.213162 0.000010 0.000010 0.037197 0.000010 0.000010 0.154144
0.000010 0.000010 0.000010 0.000010 0.000010 0.000010 0.999930 0.000010
0.000010 0.000010 0.000010 0.000010 0.999930 0.000010 0.000010 0.000010
0.844760 0.000010 0.000010 0.000010 0.000010 0.000010 0.000010 0.155180
0.760474 0.000010 0.000010 0.000010 0.239466 0.000010 0.000010 0.000010
0.000010 0.000010 0.000010 0.000010 0.999930 0.000010 0.000010 0.000010
0.000010 0.999930 0.000010 0.000010 0.000010 0.000010 0.000010 0.000010
0.000010 0.909690 0.000010 0.000010 0.090250 0.000010 0.000010 0.000010
0.000010 0.999930 0.000010 0.000010 0.000010 0.000010 0.000010 0.000010
0.905088 0.094852 0.000010 0.000010 0.000010 0.000010 0.000010 0.000010
0.620520 0.299427 0.000010 0.000010 0.000010 0.000010 0.000010 0.080003
0.000010 0.999930 0.000010 0.000010 0.000010 0.000010 0.000010 0.000010
0.535941 0.275081 0.092508 0.000010 0.096430 0.000010 0.000010 0.000010
0.678242 0.071858 0.000010 0.000010 0.188453 0.000010 0.000010 0.061408
0.000010 0.000010 0.000010 0.000010 0.999930 0.000010 0.000010 0.000010
0.572603 0.388429 0.000010 0.038918 0.000010 0.000010 0.000010 0.000010
0.722721 0.122808 0.026429 0.000010 0.000010 0.000010 0.020955 0.107058
0.470847 0.487421 0.000010 0.000010 0.041682 0.000010 0.000010 0.000010
0.000010 0.000010 0.000010 0.000010 0.999930 0.000010 0.000010 0.000010
0.419287 0.432051 0.026180 0.000010 0.122442 0.000010 0.000010 0.000010
0.736546 0.000010 0.000010 0.000010 0.153190 0.000010 0.000010 0.110214
0.890836 0.000010 0.000010 0.000010 0.109104 0.000010 0.000010 0.000010
0.000010 0.000010 0.000010 0.000010 0.000010 0.000010 0.999930 0.000010
0.000010 0.000010 0.000010 0.000010 0.000010 0.000010 0.999930 0.000010
0.466614 0.377927 0.000010 0.000010 0.000010 0.000010 0.000010 0.155409
0.000010 0.000010 0.000010 0.000010 0.000010 0.000010 0.999930 0.000010
0.789032 0.001959 0.000010 0.000010 0.208959 0.000010 0.000010 0.000010
0.922349 0.000010 0.000010 0.000010 0.077591 0.000010 0.000010 0.000010
0.000010 0.000010 0.000010 0.000010 0.000010 0.000010 0.999930 0.000010
0.000010 0.000010 0.000010 0.000010 0.000010 0.000010 0.999930 0.000010
0.417907 0.471342 0.000010 0.016669 0.094041 0.000010 0.000010 0.000010
0.000010 0.000010 0.000010 0.000010 0.000010 0.000010 0.999930 0.000010
0.000010 0.000010 0.000010 0.000010 0.000010 0.000010 0.999930 0.000010
0.000010 0.000010 0.000010 0.000010 0.000010 0.000010 0.999930 0.000010
0.000010 0.000010 0.000010 0.787110 0.212830 0.000010 0.000010 0.000010
0.178798 0.000010 0.000010 0.821142 0.000010 0.000010 0.000010 0.000010
0.000010 0.000010 0.076629 0.728213 0.195107 0.000010 0.000010 0.000010
0.000010 0.000010 0.000010 0.852242 0.000010 0.000010 0.000010 0.147698
0.000010 0.000010 0.000010 0.000010 0.000010 0.000010 0.999930 0.000010
0.172035 0.454074 0.000010 0.090373 0.283477 0.000010 0.000010 0.000010
0.142349 0.000010 0.013243 0.653788 0.000010 0.000010 0.000010 0.190580
0.000010 0.000010 0.084862 0.868710 0.046378 0.000010 0.000010 0.000010
0.000010 0.000010 0.000010 0.919643 0.080297 0.000010 0.000010 0.000010
0.000010 0.000010 0.000010 0.638751 0.000010 0.000010 0.000010 0.361189
0.000010 0.000010 0.137216 0.619936 0.000010 0.000010 0.000010 0.242798
0.000010 0.000010 0.012093 0.984672 0.003186 0.000010 0.000010 0.000010
0.000010 0.004709 0.000010 0.856428 0.000010 0.000010 0.000010 0.138813
0.000010 0.074049 0.000010 0.753878 0.017222 0.000010 0.000010 0.154811
0.000010 0.000010 0.000010 0.959458 0.040482 0.000010 0.000010 0.000010
0.000010 0.057179 0.107028 0.834651 0.000010 0.000010 0.000010 0.001103
0.000010 0.000010 0.176227 0.713160 0.000010 0.000010 0.000010 0.110562
0.000010 0.000010 0.102170 0.731934 0.052018 0.000010 0.000010 0.113838
0.000010 0.000010 0.000010 0.801264 0.180614 0.000010 0.018072 0.000010
0.000010 0.000010 0.080878 0.919062 0.000010 0.000010 0.000010 0.000010
0.000010 0.000010 0.105055 0.894885 0.000010 0.000010 0.000010 0.000010
0.000010 0.132435 0.000010 0.641308 0.000010 0.000010 0.000010 0.226208
0.055690 0.000010 0.000010 0.847963 0.000010 0.000010 0.000010 0.096297
0.000010 0.073151 0.187511 0.544975 0.004548 0.000010 0.000010 0.189785
0.000010 0.000010 0.085753 0.914187 0.000010 0.000010 0.000010 0.000010
0.000010 0.000010 0.000010 0.879386 0.000010 0.017078 0.002964 0.100532
0.000010 0.000010 0.000010 0.827553 0.000010 0.000010 0.000010 0.172387
0.000010 0.000010 0.000010 0.000010 0.000010 0.000010 0.999930 0.000010
0.064723 0.000010 0.053874 0.880052 0.000010 0.000010 0.000010 0.001311
0.000010 0.000013 0.104079 0.568004 0.124682 0.000010 0.000010 0.203192
0.000010 0.000010 0.000010 0.436155 0.000010 0.000010 0.000010 0.563785
0.000010 0.000010 0.000010 0.000010 0.000010 0.000010 0.999930 0.000010
0.019301 0.000010 0.000010 0.980639 0.000010 0.000010 0.000010 0.000010
0.000010 0.000010 0.000010 0.000010 0.000010 0.000010 0.999930 0.000010
0.000010 0.000010 0.000010 0.416300 0.047496 0.000010 0.000010 0.536154
0.000010 0.000010 0.000010 0.947115 0.000010 0.000010 0.000010 0.052825
0.000010 0.000010 0.000010 0.623321 0.104522 0.027103 0.000010 0.245014
0.008112 0.000010 0.000010 0.690296 0.000010 0.000010 0.000010 0.301542
0.000010 0.000010 0.284147 0.697012 0.018790 0.000010 0.000010 0.000010
0.000010 0.044697 0.121780 0.833473 0.000010 0.000010 0.000010 0.000010
0.000010 0.000010 0.000010 0.763230 0.000010 0.000010 0.000010 0.236710
0.060668 0.000010 0.000010 0.543537 0.000010 0.000010 0.005573 0.390182
0.000010 0.166165 0.000010 0.585968 0.000010 0.000010 0.000010 0.247817
0.000010 0.131591 0.000010 0.487726 0.000010 0.000010 0.000010 0.380633
0.000010 0.000010 0.000010 0.999930 0.000010 0.000010 0.000010 0.000010
0.000010 0.106449 0.223543 0.669958 0.000010 0.000010 0.000010 0.000010
0.000010 0.115033 0.252623 0.310859 0.002563 0.000010 0.000010 0.318892
0.000010 0.787377 0.000010 0.000010 0.212563 0.000010 0.000010 0.000010
0.404268 0.355160 0.180708 0.000010 0.055690 0.000010 0.004144 0.000010
0.000010 0.753321 0.000010 0.000010 0.246619 0.000010 0.000010 0.000010
0.491048 0.365674 0.064303 0.000010 0.078935 0.000010 0.000010 0.000010
0.523849 0.346846 0.000010 0.069424 0.055624 0.000010 0.004227 0.000010
0.543056 0.308150 0.000010 0.000010 0.053108 0.000010 0.000010 0.095645
0.446699 0.268752 0.038573 0.005139 0.177068 0.000010 0.000010 0.063750
0.439372 0.454385 0.000010 0.000010 0.106194 0.000010 0.000010 0.000010
0.226605 0.238721 0.108902 0.000010 0.425732 0.000010 0.000010 0.000010
0.389124 0.496042 0.086261 0.000010 0.000010 0.000010 0.000010 0.028533
0.167712 0.416340 0.000010 0.000010 0.415898 0.000010 0.000010 0.000010
0.450950 0.224861 0.113138 0.000010 0.211011 0.000010 0.000010 0.000010
0.000010 0.000010 0.000010 0.000010 0.000010 0.000010 0.999930 0.000010
0.361679 0.374257 0.000010 0.000010 0.264014 0.000010 0.000010 0.000010
0.902769 0.097171 0.000010 0.000010 0.000010 0.000010 0.000010 0.000010
0.779614 0.000010 0.000010 0.000010 0.220326 0.000010 0.000010 0.000010
0.750377 0.000010 0.000010 0.000010 0.249563 0.000010 0.000010 0.000010
0.573457 0.220979 0.120238 0.000010 0.085286 0.000010 0.000010 0.000010
0.547569 0.300088 0.000010 0.000010 0.083737 0.000010 0.000010 0.068566
0.790347 0.000010 0.000010 0.000010 0.209593 0.000010 0.000010 0.000010
0.607792 0.269756 0.000010 0.122402 0.000010 0.000010 0.000010 0.000010
0.398099 0.414869 0.000010 0.049485 0.096944 0.000010 0.000010 0.040572
0.511956 0.186868 0.000010 0.000010 0.301127 0.000010 0.000010 0.000010
0.999930 0.000010 0.000010 0.000010 0.000010 0.000010 0.000010 0.000010
0.723089 0.163009 0.113853 0.000010 0.000010 0.000010 0.000010 0.000010
0.523304 0.401469 0.046185 0.000010 0.029003 0.000010 0.000010 0.000010
0.454710 0.109351 0.067736 0.000010 0.368162 0.000010 0.000010 0.000010
0.502178 0.113197 0.000010 0.000010 0.336976 0.000010 0.016574 0.031044
0.000010 0.999930 0.000010 0.000010 0.000010 0.000010 0.000010 0.000010
0.000010 0.908781 0.091159 0.000010 0.000010 0.000010 0.000010 0.000010
0.669125 0.000010 0.000010 0.115852 0.209440 0.000010 0.000010 0.005543
0.578170 0.200153 0.109795 0.000010 0.111842 0.000010 0.000010 0.000010
0.645422 0.354361 0.000010 0.000010 0.000010 0.000010 0.000010 0.000166
0.000010 0.000010 0.149464 0.742562 0.107924 0.000010 0.000010 0.000010
0.899926 0.000010 0.000010 0.000010 0.100014 0.000010 0.000010 0.000010
0.753548 0.000010 0.000010 0.000010 0.246392 0.000010 0.000010 0.000010
0.999930 0.000010 0.000010 0.000010 0.000010 0.000010 0.000010 0.000010
0.482499 0.421740 0.095711 0.000010 0.000010 0.000010 0.000010 0.000010
0.508358 0.491582 0.000010 0.000010 0.000010 0.000010 0.000010 0.000010
0.572018 0.427922 0.000010 0.000010 0.000010 0.000010 0.000010 0.000010
0.499208 0.496714 0.000010 0.000010 0.001820 0.000010 0.000010 0.002218
0.194404 0.424541 0.033426 0.136812 0.210787 0.000010 0.000010 0.000010
0.442051 0.268740 0.000010 0.000010 0.289159 0.000010 0.000010 0.000010
0.831635 0.000010 0.000010 0.000010 0.168305 0.000010 0.000010 0.000010
0.702118 0.047227 0.064213 0.000010 0.000010 0.000012 0.000010 0.186399
0.554951 0.236636 0.133803 0.057982 0.016598 0.000010 0.000010 0.000010
0.820543 0.000010 0.000010 0.000010 0.179397 0.000010 0.000010 0.000010
0.398139 0.388819 0.000010 0.000010 0.212992 0.000010 0.000010 0.000010
0.524063 0.475877 0.000010 0.000010 0.000010 0.000010 0.000010 0.000010
0.653450 0.000010 0.017772 0.000010 0.328728 0.000010 0.000010 0.000010
0.594197 0.297785 0.000010 0.000010 0.107968 0.000010 0.000010 0.000010
0.509217 0.129359 0.144581 0.102696 0.114116 0.000010 0.000010 0.000010
0.615733 0.337541 0.000010 0.000010 0.046676 0.000010 0.000010 0.000010
0.795662 0.000010 0.000010 0.144538 0.043169 0.000010 0.016591 0.000010
0.756912 0.243028 0.000010 0.000010 0.000010 0.000010 0.000010 0.000010
0.421481 0.578459 0.000010 0.000010 0.000010 0.000010 0.000010 0.000010
0.622568 0.219549 0.000010 0.000010 0.080104 0.000010 0.000010 0.077739
0.655611 0.181674 0.000010 0.000010 0.162665 0.000010 0.000010 0.000010
0.999930 0.000010 0.000010 0.000010 0.000010 0.000010 0.000010 0.000010
0.000010 0.999930 0.000010 0.000010 0.000010 0.000010 0.000010 0.000010
0.743653 0.000010 0.000010 0.000010 0.170735 0.085562 0.000010 0.000010
0.000010 0.999930 0.000010 0.000010 0.000010 0.000010 0.000010 0.000010
0.855083 0.000010 0.000010 0.000010 0.144857 0.000010 0.000010 0.000010
0.648117 0.351823 0.000010 0.000010 0.000010 0.000010 0.000010 0.000010
0.583429 0.100252 0.000010 0.059703 0.256576 0.000010 0.000010 0.000010
0.598190 0.401750 0.000010 0.000010 0.000010 0.000010 0.000010 0.000010
0.000010 0.000010 0.000010 0.000010 0.000010 0.000010 0.999930 0.000010
0.655688 0.112986 0.110334 0.000010 0.120951 0.000010 0.000010 0.000010
0.457571 0.488701 0.000010 0.000010 0.053678 0.000010 0.000010 0.000010
0.235945 0.495243 0.000010 0.000010 0.268762 0.000010 0.000010 0.000010
0.605232 0.182149 0.000010 0.000010 0.173624 0.000010 0.000010 0.038955
0.386244 0.362107 0.081794 0.097106 0.070754 0.000010 0.000010 0.001975
0.317139 0.536439 0.000010 0.000010 0.146371 0.000010 0.000010 0.000010
0.551984 0.045244 0.000010 0.000010 0.219031 0.000010 0.000010 0.183701
0.000010 0.000010 0.000010 0.000010 0.999930 0.000010 0.000010 0.000010
0.000010 0.000010 0.000010 0.000010 0.999930 0.000010 0.000010 0.000010
0.681150 0.096174 0.000010 0.000010 0.207934 0.000010 0.013661 0.001050
0.399465 0.204344 0.000010 0.000010 0.269733 0.000010 0.000010 0.126418
0.673162 0.157139 0.000010 0.000010 0.000010 0.000010 0.000010 0.169648
0.810340 0.000010 0.000010 0.000010 0.000010 0.000010 0.000010 0.189600
0.599307 0.149574 0.000010 0.091443 0.110396 0.000010 0.014788 0.034473
0.979451 0.000010 0.020489 0.000010 0.000010 0.000010 0.000010 0.000010
0.000010 0.000010 0.838636 0.000010 0.000056 0.000010 0.000010 0.161259
0.088473 0.005543 0.905934 0.000010 0.000010 0.000010 0.000010 0.000010
0.000010 0.000010 0.682485 0.000010 0.065147 0.000010 0.014774 0.237554
0.000010 0.135099 0.451493 0.078311 0.106777 0.000010 0.000010 0.228289
0.000010 0.000010 0.999930 0.000010 0.000010 0.000010 0.000010 0.000010
0.000010 0.000010 0.914357 0.000010 0.085583 0.000010 0.000010 0.000010
0.171137 0.000010 0.692577 0.053999 0.000010 0.000010 0.000010 0.082247
0.000010 0.000010 0.910315 0.000010 0.089625 0.000010 0.000010 0.000010
0.000010 0.075740 0.538564 0.000010 0.084964 0.000010 0.000010 0.300693
0.117034 0.000010 0.753203 0.000010 0.129713 0.000010 0.000010 0.000010
0.012060 0.000010 0.846988 0.000010 0.000010 0.000010 0.000010 0.140902
0.077758 0.000010 0.720952 0.201240 0.000010 0.000010 0.000010 0.000010
0.000010 0.000010 0.673855 0.228121 0.097974 0.000010 0.000010 0.000010
0.000010 0.000010 0.947600 0.000010 0.052340 0.000010 0.000010 0.000010
0.000010 0.000010 0.873177 0.000010 0.000010 0.000010 0.000010 0.126763
0.000010 0.000010 0.000010 0.000010 0.000010 0.000010 0.999930 0.000010
0.000010 0.087671 0.912269 0.000010 0.000010 0.000010 0.000010 0.000010
0.000010 0.000010 0.899717 0.000010 0.100223 0.000010 0.000010 0.000010
0.000010 0.088076 0.658526 0.000010 0.253348 0.000010 0.000010 0.000010
0.000010 0.000010 0.867133 0.000010 0.000010 0.000010 0.000010 0.132807
0.214706 0.000010 0.608103 0.038594 0.000010 0.000010 0.000010 0.138558
0.000010 0.059473 0.940467 0.000010 0.000010 0.000010 0.000010 0.000010
0.000010 0.000010 0.753959 0.000010 0.238950 0.000010 0.007041 0.000010
0.123499 0.000010 0.841210 0.000010 0.035242 0.000010 0.000010 0.000010
0.000010 0.000010 0.841036 0.000010 0.000010 0.000010 0.000010 0.158904
0.000010 0.000010 0.752942 0.111659 0.135350 0.000010 0.000010 0.000010
0.000010 0.000010 0.953673 0.046267 0.000010 0.000010 0.000010 0.000010
0.000010 0.000010 0.999930 0.000010 0.000010 0.000010 0.000010 0.000010
0.000010 0.000010 0.999930 0.000010 0.000010 0.000010 0.000010 0.000010
0.000010 0.000010 0.999930 0.000010 0.000010 0.000010 0.000010 0.000010
0.000010 0.000010 0.999930 0.000010 0.000010 0.000010 0.000010 0.000010
0.032269 0.000010 0.938077 0.000010 0.000010 0.000010 0.000010 0.029605
0.039565 0.000010 0.896293 0.000010 0.064092 0.000010 0.000010 0.000010
0.000010 0.000010 0.744796 0.000010 0.255144 0.000010 0.000010 0.000010
0.000010 0.000010 0.825592 0.174348 0.000010 0.000010 0.000010 0.000010
0.000010 0.000010 0.000010 0.000010 0.000010 0.000010 0.999930 0.000010
0.000010 0.000010 0.999930 0.000010 0.000010 0.000010 0.000010 0.000010
0.000010 0.000010 0.999930 0.000010 0.000010 0.000010 0.000010 0.000010
0.000010 0.000010 0.000010 0.000010 0.000010 0.000010 0.999930 0.000010
0.000010 0.000010 0.797523 0.000010 0.000010 0.000010 0.000010 0.202417
0.000010 0.082326 0.837042 0.000010 0.080579 0.000010 0.000013 0.000010
0.216628 0.000010 0.783312 0.000010 0.000010 0.000010 0.000010 0.000010
0.000010 0.000010 0.855000 0.000010 0.105268 0.000010 0.000010 0.039683
0.000010 0.000010 0.999930 0.000010 0.000010 0.000010 0.000010 0.000010
0.141480 0.000010 0.813820 0.044650 0.000010 0.000010 0.000010 0.000010
0.000010 0.156639 0.776432 0.000010 0.000010 0.000010 0.000010 0.066879
0.000010 0.000010 0.000010 0.000010 0.000010 0.000010 0.999930 0.000010
0.000010 0.000010 0.887388 0.000010 0.000010 0.000010 0.000010 0.112552
0.000010 0.000010 0.909011 0.000010 0.071773 0.000010 0.000010 0.019166
0.000010 0.000010 0.999930 0.000010 0.000010 0.000010 0.000010 0.000010
0.000010 0.091440 0.908500 0.000010 0.000010 0.000010 0.000010 0.000010
0.009203 0.000010 0.881774 0.000010 0.108972 0.000010 0.000010 0.000010
0.750088 0.249852 0.000010 0.000010 0.000010 0.000010 0.000010 0.000010
