0.592066 0.407854 0.000010 0.000010 0.000010 0.000010 0.000010 0.000010 0.000010 0.000010
0.000010 0.000010 0.000010 0.000010 0.000010 0.999910 0.000010 0.000010 0.000010 0.000010
0.120808 0.000010 0.435525 0.000010 0.328937 0.000010 0.114670 0.000010 0.000010 0.000010
0.118405 0.324214 0.403117 0.000010 0.154204 0.000010 0.000010 0.000010 0.000010 0.000010
0.246192 0.187414 0.455329 0.049880 0.061135 0.000010 0.000010 0.000010 0.000010 0.000010
0.188272 0.300746 0.201859 0.037118 0.000010 0.000010 0.093360 0.178605 0.000010 0.000010
0.000010 0.440429 0.000010 0.100742 0.000010 0.000010 0.000010 0.458758 0.000010 0.000010
0.000010 0.000010 0.394040 0.027288 0.000010 0.000010 0.000010 0.578603 0.000010 0.000010
0.084349 0.056820 0.484836 0.000010 0.000010 0.000010 0.080587 0.293357 0.000010 0.000010
0.000010 0.000010 0.000010 0.000010 0.000010 0.000010 0.000010 0.000010 0.000010 0.999910
0.000010 0.000010 0.000010 0.000010 0.000010 0.000010 0.000010 0.000010 0.000010 0.999910
0.176780 0.284171 0.354773 0.133136 0.010388 0.000010 0.040712 0.000010 0.000010 0.000010
0.000010 0.000010 0.000010 0.000010 0.000010 0.352868 0.000010 0.000010 0.000010 0.647052
0.063954 0.258193 0.230468 0.000010 0.101933 0.000010 0.000010 0.345403 0.000010 0.000010
0.999910 0.000010 0.000010 0.000010 0.000010 0.000010 0.000010 0.000010 0.000010 0.000010
0.229067 0.000010 0.000010 0.000010 0.065876 0.000010 0.201732 0.503265 0.000010 0.000010
0.999910 0.000010 0.000010 0.000010 0.000010 0.000010 0.000010 0.000010 0.000010 0.000010
0.260615 0.381512 0.357803 0.000010 0.000010 0.000010 0.000010 0.000010 0.000010 0.000010
0.000010 0.003502 0.026271 0.000010 0.000010 0.403901 0.057479 0.000010 0.000010 0.508797
0.000010 0.000010 0.000010 0.000010 0.016929 0.002674 0.000010 0.056850 0.000010 0.923487
0.000010 0.000010 0.000010 0.000010 0.000010 0.999910 0.000010 0.000010 0.000010 0.000010
0.000010 0.000010 0.000010 0.999910 0.000010 0.000010 0.000010 0.000010 0.000010 0.000010
0.000010 0.000010 0.000010 0.999910 0.000010 0.000010 0.000010 0.000010 0.000010 0.000010
0.000010 0.000010 0.000010 0.999910 0.000010 0.000010 0.000010 0.000010 0.000010 0.000010
0.000010 0.000010 0.000010 0.999910 0.000010 0.000010 0.000010 0.000010 0.000010 0.000010
0.000010 0.104498 0.263180 0.045230 0.000010 0.000010 0.000010 0.554323 0.000010 0.032719
0.000010 0.000010 0.499528 0.128717 0.000010 0.000010 0.000010 0.371685 0.000010 0.000010
0.427019 0.000010 0.000010 0.000010 0.000010 0.000010 0.000010 0.572901 0.000010 0.000010
0.000010 0.000010 0.000010 0.000010 0.000010 0.000010 0.063334 0.000010 0.000010 0.936586
0.000010 0.566624 0.000010 0.072510 0.000010 0.000010 0.000610 0.360197 0.000010 0.000010
0.093544 0.000010 0.000573 0.000010 0.000010 0.105133 0.000010 0.000010 0.000010 0.800690
0.148134 0.551160 0.000010 0.113558 0.000010 0.000010 0.142841 0.044256 0.000010 0.000010
0.000010 0.000010 0.000010 0.000010 0.000010 0.000010 0.000010 0.000010 0.000010 0.999910
0.374819 0.304214 0.139134 0.133960 0.000010 0.000010 0.000010 0.047823 0.000010 0.000010
0.000010 0.000010 0.000010 0.000010 0.000010 0.000010 0.000010 0.000010 0.999910 0.000010
0.000010 0.000010 0.000010 0.000010 0.000010 0.000010 0.000010 0.000010 0.000010 0.999910
0.000010 0.000010 0.032247 0.000010 0.000010 0.034492 0.000010 0.000010 0.000010 0.933191
0.272173 0.521023 0.000010 0.186775 0.012551 0.000010 0.000010 0.007428 0.000010 0.000010
0.000010 0.000010 0.000010 0.000010 0.999910 0.000010 0.000010 0.000010 0.000010 0.000010
0.000010 0.275861 0.600351 0.000010 0.000010 0.000010 0.123718 0.000010 0.000010 0.000010
0.000010 0.433224 0.000010 0.007679 0.364453 0.000010 0.194584 0.000010 0.000010 0.000010
0.195890 0.331264 0.000010 0.000010 0.000010 0.000010 0.000010 0.472777 0.000010 0.000010
0.000010 0.000010 0.000010 0.000010 0.000010 0.000010 0.000010 0.000010 0.000010 0.999910
0.000010 0.999910 0.000010 0.000010 0.000010 0.000010 0.000010 0.000010 0.000010 0.000010
0.196771 0.111214 0.000010 0.150174 0.000010 0.000010 0.253418 0.288374 0.000010 0.000010
0.000010 0.010902 0.292557 0.099701 0.000010 0.000010 0.000010 0.544966 0.000010 0.051824
0.000010 0.000010 0.821967 0.000010 0.000010 0.000010 0.177953 0.000010 0.000010 0.000010
0.070490 0.250341 0.347312 0.000010 0.040739 0.000010 0.153879 0.137198 0.000010 0.000010
0.000010 0.024841 0.000010 0.000010 0.234271 0.000010 0.000010 0.740818 0.000010 0.000010
0.908577 0.000010 0.000010 0.000010 0.091343 0.000010 0.000010 0.000010 0.000010 0.000010
0.000010 0.103830 0.012314 0.000010 0.000010 0.168987 0.000010 0.000010 0.000010 0.714808
0.000010 0.000010 0.536401 0.000010 0.097708 0.000010 0.000010 0.365821 0.000010 0.000010
0.399343 0.000010 0.303916 0.109777 0.028716 0.000010 0.158197 0.000010 0.000010 0.000010
0.000010 0.245426 0.242462 0.168925 0.000010 0.000010 0.053928 0.121657 0.167563 0.000010
0.127527 0.039803 0.584661 0.000418 0.000010 0.000010 0.171967 0.075584 0.000010 0.000010
0.000010 0.000010 0.000010 0.000010 0.000010 0.999910 0.000010 0.000010 0.000010 0.000010
0.000010 0.000010 0.000010 0.189807 0.000010 0.000010 0.089593 0.720530 0.000010 0.000010
0.000010 0.000010 0.000010 0.000010 0.000010 0.000010 0.999910 0.000010 0.000010 0.000010
0.000010 0.000010 0.000010 0.000010 0.000010 0.000010 0.999910 0.000010 0.000010 0.000010
0.000010 0.000010 0.000010 0.000010 0.000010 0.000010 0.000010 0.000010 0.000010 0.999910
0.000010 0.000010 0.000010 0.000010 0.000010 0.000010 0.000010 0.000010 0.000010 0.999910
0.000010 0.000010 0.293668 0.036470 0.000010 0.000010 0.186535 0.000010 0.000010 0.483267
0.000010 0.000010 0.659991 0.000010 0.148853 0.000010 0.000010 0.191085 0.000010 0.000010
0.000010 0.000010 0.000010 0.000010 0.000010 0.262132 0.000010 0.031657 0.000010 0.706141
0.000010 0.999910 0.000010 0.000010 0.000010 0.000010 0.000010 0.000010 0.000010 0.000010
0.000010 0.000010 0.864922 0.134998 0.000010 0.000010 0.000010 0.000010 0.000010 0.000010
0.121609 0.000010 0.618043 0.100327 0.137307 0.000010 0.022664 0.000010 0.000010 0.000010
0.261085 0.000010 0.222734 0.000010 0.118796 0.000010 0.200001 0.197335 0.000010 0.000010
0.276102 0.000010 0.669365 0.054462 0.000010 0.000010 0.000010 0.000010 0.000010 0.000010
0.000010 0.198279 0.251193 0.000010 0.135977 0.000010 0.000020 0.414481 0.000010 0.000010
0.000010 0.000010 0.000010 0.052730 0.000010 0.205842 0.000010 0.000010 0.000010 0.741358
0.000010 0.204946 0.445616 0.077085 0.152010 0.000010 0.120294 0.000010 0.000010 0.000010
0.412617 0.000010 0.509220 0.000010 0.000010 0.000010 0.078093 0.000010 0.000010 0.000010
0.000010 0.000010 0.000010 0.008478 0.000010 0.000010 0.000010 0.000010 0.000010 0.991442
0.000010 0.000010 0.676918 0.121477 0.201535 0.000010 0.000010 0.000010 0.000010 0.000010
0.000010 0.341543 0.070109 0.000010 0.000010 0.000010 0.337669 0.250619 0.000010 0.000010
0.137872 0.385920 0.000010 0.224081 0.000010 0.000010 0.132434 0.119643 0.000010 0.000010
0.000010 0.000010 0.000010 0.000010 0.015563 0.196475 0.000010 0.000010 0.000010 0.787892
0.000010 0.000010 0.054596 0.000010 0.000010 0.359271 0.068467 0.000010 0.000010 0.517606
0.000010 0.654702 0.000010 0.000010 0.153453 0.000010 0.048647 0.143138 0.000010 0.000010
0.000010 0.000010 0.000010 0.000010 0.000010 0.000010 0.000010 0.000010 0.000010 0.999910
0.000010 0.000010 0.000010 0.000010 0.000010 0.999910 0.000010 0.000010 0.000010 0.000010
0.000010 0.000010 0.000010 0.000010 0.000010 0.000010 0.000010 0.999910 0.000010 0.000010
0.000010 0.000010 0.000010 0.000010 0.000010 0.000010 0.000010 0.999910 0.000010 0.000010
0.000010 0.000010 0.000010 0.000010 0.000010 0.999910 0.000010 0.000010 0.000010 0.000010
0.000010 0.000010 0.000010 0.039151 0.000010 0.095394 0.000010 0.000010 0.000010 0.865385
0.000010 0.000010 0.000010 0.000010 0.000010 0.182414 0.000010 0.000010 0.155805 0.661711
0.000010 0.000010 0.000010 0.067225 0.000010 0.497968 0.000010 0.106706 0.000010 0.328041
0.247915 0.132720 0.000010 0.371708 0.059987 0.000010 0.000010 0.187620 0.000010 0.000010
0.000010 0.000010 0.000010 0.000010 0.000010 0.000010 0.000010 0.000010 0.000010 0.999910
0.091581 0.727994 0.000010 0.108376 0.000010 0.000010 0.000010 0.000010 0.000010 0.071989
0.806563 0.000010 0.000010 0.000010 0.193357 0.000010 0.000010 0.000010 0.000010 0.000010
0.000010 0.397338 0.158679 0.097537 0.000010 0.015417 0.303810 0.000010 0.000010 0.027179
0.000010 0.000010 0.000010 0.000010 0.000010 0.411538 0.000010 0.000010 0.000010 0.588382
0.000010 0.000010 0.000010 0.000010 0.999910 0.000010 0.000010 0.000010 0.000010 0.000010
0.000010 0.000010 0.000010 0.000010 0.000010 0.000010 0.000010 0.000010 0.000010 0.999910
0.000010 0.000010 0.763757 0.000010 0.000010 0.000010 0.053537 0.182636 0.000010 0.000010
0.000010 0.054494 0.470965 0.131528 0.075744 0.000010 0.073979 0.193250 0.000010 0.000010
0.519662 0.000010 0.000010 0.036185 0.444083 0.000010 0.000010 0.000010 0.000010 0.000010
0.000010 0.000010 0.000010 0.101993 0.245860 0.000010 0.000010 0.652077 0.000010 0.000010
0.363006 0.363516 0.000010 0.019340 0.148612 0.000010 0.105476 0.000010 0.000010 0.000010
0.000010 0.000010 0.006399 0.035362 0.000010 0.184425 0.000010 0.002841 0.000010 0.770924
0.000010 0.000010 0.000010 0.000010 0.000010 0.999910 0.000010 0.000010 0.000010 0.000010
0.000010 0.000010 0.000010 0.000010 0.000010 0.000010 0.999910 0.000010 0.000010 0.000010
0.000010 0.000010 0.466034 0.185223 0.189372 0.000010 0.159311 0.000010 0.000010 0.000010
0.000010 0.000010 0.000010 0.000010 0.000010 0.000010 0.000010 0.000010 0.000010 0.999910
0.000010 0.158257 0.000010 0.034601 0.000010 0.000010 0.000010 0.807072 0.000010 0.000010
0.000010 0.000010 0.647289 0.173072 0.173688 0.005891 0.000010 0.000010 0.000010 0.000010
0.000010 0.000010 0.000010 0.000010 0.000010 0.140408 0.000010 0.000010 0.000010 0.859512
0.000010 0.083713 0.000010 0.000010 0.112198 0.000010 0.000010 0.804020 0.000010 0.000010
0.000010 0.000010 0.000010 0.000010 0.059227 0.209737 0.052827 0.000010 0.000010 0.678148
