0.000010 0.000010 0.000010 0.000010 0.523699 0.476231 0.000010 0.000010 0.000010
0.000010 0.000010 0.000010 0.000010 0.000010 0.000010 0.000010 0.000010 0.999920
0.000010 0.000010 0.000010 0.000010 0.910155 0.000010 0.000010 0.089775 0.000010
0.000010 0.000010 0.000010 0.000010 0.273414 0.726516 0.000010 0.000010 0.000010
0.000010 0.000010 0.020249 0.000010 0.739629 0.240061 0.000010 0.000010 0.000010
0.000010 0.000010 0.100011 0.000010 0.202950 0.582604 0.000010 0.114385 0.000010
0.000010 0.000010 0.083358 0.000010 0.000010 0.793200 0.006726 0.086914 0.029761
0.000010 0.000010 0.000010 0.000010 0.125483 0.718680 0.000010 0.155777 0.000010
0.000010 0.000010 0.000010 0.000010 0.278598 0.547000 0.000010 0.174342 0.000010
0.999920 0.000010 0.000010 0.000010 0.000010 0.000010 0.000010 0.000010 0.000010
0.999920 0.000010 0.000010 0.000010 0.000010 0.000010 0.000010 0.000010 0.000010
0.000010 0.000010 0.097928 0.000010 0.833578 0.000010 0.000010 0.068433 0.000010
0.000010 0.800557 0.000010 0.000010 0.000010 0.000010 0.108756 0.000010 0.090628
0.000010 0.000010 0.000010 0.000010 0.303219 0.696711 0.000010 0.000010 0.000010
0.000010 0.000010 0.000010 0.000010 0.999920 0.000010 0.000010 0.000010 0.000010
0.000010 0.032645 0.002756 0.000010 0.210425 0.538301 0.000010 0.215832 0.000010
0.000010 0.000010 0.000010 0.000010 0.999920 0.000010 0.000010 0.000010 0.000010
0.000010 0.000010 0.000010 0.000010 0.312825 0.687105 0.000010 0.000010 0.000010
0.000010 0.999920 0.000010 0.000010 0.000010 0.000010 0.000010 0.000010 0.000010
0.826072 0.000010 0.000010 0.000010 0.000010 0.000010 0.000010 0.083355 0.090513
0.000010 0.000010 0.000010 0.000010 0.000010 0.000010 0.000010 0.000010 0.999920
0.000010 0.000010 0.999920 0.000010 0.000010 0.000010 0.000010 0.000010 0.000010
0.000010 0.000010 0.999920 0.000010 0.000010 0.000010 0.000010 0.000010 0.000010
0.000010 0.000010 0.999920 0.000010 0.000010 0.000010 0.000010 0.000010 0.000010
0.000010 0.000011 0.999919 0.000010 0.000010 0.000010 0.000010 0.000010 0.000010
0.000010 0.000010 0.125095 0.000010 0.000010 0.544591 0.000010 0.238839 0.091426
0.000010 0.000010 0.200366 0.000010 0.000010 0.799564 0.000010 0.000010 0.000010
0.000010 0.000010 0.000010 0.000010 0.307409 0.445260 0.000010 0.247272 0.000010
0.000010 0.999920 0.000010 0.000010 0.000010 0.000010 0.000010 0.000010 0.000010
0.000010 0.000010 0.110766 0.000010 0.000010 0.844757 0.000010 0.044417 0.000010
0.462495 0.180997 0.000010 0.000010 0.000010 0.057812 0.000010 0.000010 0.298646
0.000010 0.000010 0.170772 0.000010 0.000010 0.469479 0.000010 0.359689 0.000010
0.347059 0.652871 0.000010 0.000010 0.000010 0.000010 0.000010 0.000010 0.000010
0.000010 0.000010 0.134330 0.000010 0.580282 0.237678 0.000010 0.047660 0.000010
0.000010 0.000010 0.000010 0.999920 0.000010 0.000010 0.000010 0.000010 0.000010
0.329198 0.607184 0.000010 0.000010 0.000010 0.000010 0.000010 0.000010 0.063558
0.089311 0.894691 0.000010 0.000010 0.000010 0.000010 0.015938 0.000010 0.000010
0.000010 0.000010 0.112628 0.000010 0.680745 0.206567 0.000010 0.000010 0.000010
0.000010 0.000010 0.000010 0.000010 0.892319 0.000010 0.000010 0.107611 0.000010
0.000010 0.000010 0.000010 0.000010 0.000010 0.911265 0.000010 0.088665 0.000010
0.000010 0.000010 0.000010 0.000010 0.000010 0.999920 0.000010 0.000010 0.000010
0.000010 0.000010 0.070309 0.000010 0.091808 0.837823 0.000010 0.000010 0.000010
0.949112 0.000010 0.000010 0.000010 0.000010 0.000010 0.050818 0.000010 0.000010
0.000010 0.000010 0.000010 0.000010 0.000010 0.999920 0.000010 0.000010 0.000010
0.000010 0.000010 0.188755 0.000010 0.267616 0.185374 0.000010 0.358204 0.000010
0.000010 0.067325 0.085959 0.000010 0.426420 0.255357 0.000010 0.164899 0.000010
0.000010 0.000010 0.000010 0.000010 0.593411 0.000010 0.000010 0.406519 0.000010
0.000010 0.000010 0.000010 0.000010 0.319203 0.443238 0.000010 0.237499 0.000010
0.000010 0.000010 0.000010 0.000010 0.000010 0.878577 0.000010 0.121353 0.000010
0.000010 0.000010 0.000010 0.000010 0.999920 0.000010 0.000010 0.000010 0.000010
0.218733 0.458647 0.000010 0.000010 0.000010 0.092121 0.084639 0.000010 0.145820
0.000010 0.000010 0.049815 0.000010 0.223522 0.633681 0.000010 0.092932 0.000010
0.000010 0.000010 0.118684 0.000010 0.179240 0.648087 0.000010 0.000010 0.053939
0.000010 0.000010 0.246578 0.179690 0.000010 0.443193 0.000010 0.130489 0.000010
0.000010 0.000010 0.000010 0.000010 0.000010 0.999920 0.000010 0.000010 0.000010
0.000010 0.000010 0.000010 0.000010 0.000010 0.000010 0.000010 0.000010 0.999920
0.000010 0.000010 0.164548 0.000010 0.000010 0.687694 0.000010 0.147699 0.000010
0.000010 0.000010 0.000010 0.000010 0.000010 0.000010 0.000010 0.999920 0.000010
0.000010 0.000010 0.000010 0.000010 0.000010 0.000010 0.000010 0.999920 0.000010
0.673009 0.215306 0.000010 0.000010 0.000010 0.000010 0.000010 0.000010 0.111625
0.118818 0.881112 0.000010 0.000010 0.000010 0.000010 0.000010 0.000010 0.000010
0.000010 0.503536 0.000010 0.000010 0.273761 0.000010 0.000010 0.222643 0.000010
0.000010 0.000010 0.067681 0.000010 0.000010 0.862502 0.000010 0.069757 0.000010
0.366134 0.408616 0.000010 0.000010 0.000010 0.000010 0.080392 0.000010 0.144808
0.000010 0.000010 0.015443 0.000010 0.647398 0.337099 0.000010 0.000010 0.000010
0.000010 0.000010 0.356648 0.000010 0.275569 0.367723 0.000010 0.000010 0.000010
0.000010 0.000010 0.056454 0.000010 0.758937 0.184549 0.000010 0.000010 0.000010
0.000010 0.000010 0.000010 0.000010 0.530815 0.160246 0.000010 0.308879 0.000010
0.000010 0.000010 0.065540 0.000010 0.934390 0.000010 0.000010 0.000010 0.000010
0.000010 0.000010 0.000010 0.000010 0.000010 0.999920 0.000010 0.000010 0.000010
0.597466 0.209172 0.050800 0.000010 0.000010 0.000010 0.002300 0.000010 0.140221
0.000010 0.000010 0.145106 0.000010 0.000010 0.662767 0.000010 0.192067 0.000010
0.000010 0.000010 0.000010 0.000010 0.999920 0.000010 0.000010 0.000010 0.000010
0.994273 0.000010 0.005657 0.000010 0.000010 0.000010 0.000010 0.000010 0.000010
0.000010 0.000010 0.083567 0.000010 0.676126 0.240248 0.000010 0.000010 0.000010
0.000010 0.000010 0.000010 0.000010 0.000010 0.602132 0.000010 0.397798 0.000010
0.000010 0.000010 0.384353 0.000010 0.000010 0.615577 0.000010 0.000010 0.000010
0.000010 0.654605 0.000010 0.000010 0.000010 0.000010 0.000010 0.000010 0.345325
0.315732 0.232705 0.000010 0.000010 0.000010 0.000010 0.000010 0.093521 0.357992
0.000010 0.000010 0.076172 0.000010 0.000010 0.766152 0.000010 0.157616 0.000010
0.999920 0.000010 0.000010 0.000010 0.000010 0.000010 0.000010 0.000010 0.000010
0.000010 0.000010 0.000010 0.000010 0.000010 0.000010 0.999920 0.000010 0.000010
0.000010 0.000010 0.000010 0.000010 0.000010 0.000010 0.000010 0.999920 0.000010
0.000010 0.000010 0.000010 0.000010 0.000010 0.000010 0.000010 0.999920 0.000010
0.000010 0.000010 0.000010 0.000010 0.000010 0.000010 0.999920 0.000010 0.000010
0.999920 0.000010 0.000010 0.000010 0.000010 0.000010 0.000010 0.000010 0.000010
0.000010 0.379190 0.000010 0.000010 0.000010 0.000010 0.620740 0.000010 0.000010
0.000010 0.522032 0.066352 0.000010 0.000010 0.000010 0.000010 0.000010 0.411556
0.000010 0.000010 0.413003 0.000010 0.276577 0.310360 0.000010 0.000010 0.000010
0.999920 0.000010 0.000010 0.000010 0.000010 0.000010 0.000010 0.000010 0.000010
0.000010 0.000010 0.191526 0.000010 0.105991 0.393763 0.000010 0.195770 0.112910
0.000010 0.000010 0.000010 0.000010 0.999920 0.000010 0.000010 0.000010 0.000010
0.000010 0.105800 0.118165 0.000010 0.000010 0.440247 0.000010 0.335739 0.000010
0.226162 0.446022 0.000010 0.000010 0.000010 0.000010 0.000010 0.000010 0.327756
0.000010 0.000010 0.000010 0.000010 0.891396 0.000010 0.000010 0.108534 0.000010
0.621729 0.378201 0.000010 0.000010 0.000010 0.000010 0.000010 0.000010 0.000010
0.000010 0.000010 0.000010 0.000010 0.034328 0.965602 0.000010 0.000010 0.000010
0.000010 0.000010 0.157336 0.000010 0.128634 0.666562 0.000010 0.047419 0.000010
0.000010 0.000010 0.000010 0.000010 0.907946 0.000010 0.000010 0.091984 0.000010
0.077557 0.000010 0.063619 0.000010 0.222024 0.434918 0.000010 0.201842 0.000010
0.000010 0.033461 0.107394 0.000010 0.000010 0.653113 0.000010 0.205981 0.000010
0.000010 0.999920 0.000010 0.000010 0.000010 0.000010 0.000010 0.000010 0.000010
0.000010 0.000010 0.000010 0.000010 0.000010 0.000010 0.000010 0.000010 0.999920
0.000010 0.000010 0.000010 0.000010 0.000010 0.000010 0.000010 0.999920 0.000010
0.000010 0.000010 0.152167 0.000010 0.554572 0.000010 0.000010 0.293201 0.000010
0.000010 0.999920 0.000010 0.000010 0.000010 0.000010 0.000010 0.000010 0.000010
0.000010 0.000010 0.010822 0.000010 0.249344 0.594183 0.000010 0.145602 0.000010
0.000010 0.000010 0.087893 0.000010 0.912037 0.000010 0.000010 0.000010 0.000010
0.841519 0.000010 0.000010 0.000010 0.000010 0.000010 0.000010 0.000010 0.158411
0.000010 0.000010 0.000010 0.000010 0.593209 0.228361 0.016639 0.161741 0.000010
0.000010 0.595080 0.000010 0.000010 0.000010 0.000010 0.000010 0.082452 0.322409
