0.490911 0.000010 0.509039 0.000010 0.000010 0.000010 0.000010
0.000010 0.000010 0.000010 0.999940 0.000010 0.000010 0.000010
0.808606 0.068411 0.000010 0.000010 0.122943 0.000010 0.000010
0.517813 0.000010 0.482137 0.000010 0.000010 0.000010 0.000010
0.654285 0.025881 0.319793 0.000010 0.000010 0.000010 0.000010
0.190896 0.098326 0.616632 0.000010 0.094117 0.000010 0.000010
0.000010 0.071072 0.803209 0.034846 0.090842 0.000010 0.000010
0.191732 0.001196 0.787450 0.000010 0.019591 0.000010 0.000010
0.330043 0.000010 0.593702 0.000010 0.076216 0.000010 0.000010
0.000010 0.000010 0.000010 0.000010 0.000010 0.000010 0.999940
0.000010 0.000010 0.000010 0.000010 0.000010 0.000010 0.999940
0.425668 0.145536 0.310882 0.055452 0.062443 0.000010 0.000010
0.000010 0.000010 0.000010 0.258671 0.000010 0.000010 0.741279
0.282712 0.000010 0.717238 0.000010 0.000010 0.000010 0.000010
0.999940 0.000010 0.000010 0.000010 0.000010 0.000010 0.000010
0.172034 0.000010 0.570975 0.000010 0.228703 0.000010 0.028258
0.999940 0.000010 0.000010 0.000010 0.000010 0.000010 0.000010
0.483790 0.000010 0.516160 0.000010 0.000010 0.000010 0.000010
0.000010 0.000010 0.000010 0.000010 0.057937 0.000010 0.942013
0.052631 0.000010 0.000010 0.065188 0.000010 0.000010 0.882141
0.000010 0.000010 0.000010 0.999940 0.000010 0.000010 0.000010
0.000010 0.999940 0.000010 0.000010 0.000010 0.000010 0.000010
0.000010 0.999940 0.000010 0.000010 0.000010 0.000010 0.000010
0.000010 0.999940 0.000010 0.000010 0.000010 0.000010 0.000010
0.000010 0.999940 0.000010 0.000010 0.000010 0.000010 0.000010
0.000010 0.121302 0.707704 0.087782 0.083183 0.000010 0.000010
0.000010 0.195087 0.804863 0.000010 0.000010 0.000010 0.000010
0.010778 0.000010 0.989172 0.000010 0.000010 0.000010 0.000010
0.000010 0.000010 0.000010 0.000010 0.056678 0.000010 0.943272
0.000010 0.076259 0.858524 0.000010 0.065177 0.000010 0.000010
0.050276 0.000010 0.000010 0.290879 0.000010 0.000010 0.658805
0.000010 0.155841 0.606668 0.000010 0.237451 0.000010 0.000010
0.000010 0.000010 0.000010 0.000010 0.000010 0.000010 0.999940
0.517281 0.119902 0.362777 0.000010 0.000010 0.000010 0.000010
0.000010 0.000010 0.000010 0.000010 0.000010 0.999940 0.000010
0.000010 0.000010 0.000010 0.000010 0.000010 0.000010 0.999940
0.014963 0.000010 0.000010 0.000010 0.000010 0.000010 0.984987
0.292797 0.199839 0.507323 0.000010 0.000010 0.000010 0.000010
0.999940 0.000010 0.000010 0.000010 0.000010 0.000010 0.000010
0.000010 0.148837 0.628062 0.000010 0.223060 0.000010 0.000010
0.519077 0.013708 0.178699 0.000010 0.288486 0.000010 0.000010
0.000010 0.062227 0.937644 0.000010 0.000089 0.000010 0.000010
0.000010 0.000010 0.000010 0.000010 0.000010 0.000010 0.999940
0.000010 0.000010 0.778154 0.000010 0.221796 0.000010 0.000010
0.000010 0.264241 0.488179 0.000010 0.247539 0.000010 0.000010
0.000010 0.229701 0.721056 0.000010 0.000010 0.000010 0.049203
0.535677 0.041893 0.422389 0.000010 0.000010 0.000010 0.000010
0.297801 0.000010 0.523039 0.000010 0.179120 0.000010 0.000010
0.000010 0.013004 0.893948 0.000010 0.093008 0.000010 0.000010
0.865519 0.000010 0.134431 0.000010 0.000010 0.000010 0.000010
0.134753 0.000010 0.000010 0.287673 0.000010 0.000010 0.577535
0.447150 0.000010 0.552800 0.000010 0.000010 0.000010 0.000010
0.205428 0.118353 0.482665 0.000010 0.186318 0.000010 0.007215
0.149878 0.232349 0.315348 0.000010 0.132299 0.170105 0.000010
0.200236 0.000010 0.607678 0.000010 0.192046 0.000010 0.000010
0.000010 0.000010 0.000010 0.999940 0.000010 0.000010 0.000010
0.000010 0.159070 0.773252 0.000010 0.067638 0.000010 0.000010
0.000010 0.000010 0.000010 0.000010 0.999940 0.000010 0.000010
0.000010 0.000010 0.000010 0.000010 0.999940 0.000010 0.000010
0.000010 0.000010 0.000010 0.000010 0.000010 0.000010 0.999940
0.000010 0.000010 0.000010 0.000010 0.000010 0.000010 0.999940
0.257475 0.013034 0.074628 0.000010 0.165212 0.000010 0.489631
0.029425 0.077695 0.814367 0.000010 0.078483 0.000010 0.000010
0.000010 0.000010 0.013631 0.242441 0.000010 0.000010 0.743887
0.562228 0.066160 0.331366 0.000010 0.040216 0.000010 0.000010
0.000010 0.435937 0.564013 0.000010 0.000010 0.000010 0.000010
0.950588 0.049362 0.000010 0.000010 0.000010 0.000010 0.000010
0.503996 0.000010 0.286723 0.000010 0.209241 0.000010 0.000010
0.711499 0.067742 0.220719 0.000010 0.000010 0.000010 0.000010
0.000010 0.000010 0.903957 0.000010 0.095993 0.000010 0.000010
0.000010 0.059560 0.000010 0.192884 0.000010 0.000010 0.747515
0.550125 0.065160 0.167691 0.000010 0.216994 0.000010 0.000010
0.528528 0.000010 0.399330 0.000010 0.072102 0.000010 0.000010
0.000010 0.000010 0.000010 0.000010 0.000010 0.000010 0.999940
0.681800 0.072883 0.245277 0.000010 0.000010 0.000010 0.000010
0.089723 0.000010 0.582342 0.000010 0.327895 0.000010 0.000010
0.101650 0.308221 0.458707 0.000010 0.131392 0.000010 0.000010
0.000010 0.000010 0.000010 0.199304 0.000010 0.000010 0.800646
0.000010 0.000010 0.000010 0.438709 0.086976 0.000010 0.474275
0.000010 0.148131 0.594036 0.000010 0.257793 0.000010 0.000010
0.000010 0.000010 0.000010 0.000010 0.000010 0.000010 0.999940
0.000010 0.000010 0.000010 0.999940 0.000010 0.000010 0.000010
0.000010 0.000010 0.999940 0.000010 0.000010 0.000010 0.000010
0.000010 0.000010 0.999940 0.000010 0.000010 0.000010 0.000010
0.000010 0.000010 0.000010 0.999940 0.000010 0.000010 0.000010
0.000010 0.013705 0.000010 0.116511 0.000010 0.000010 0.869744
0.000010 0.000010 0.000010 0.169947 0.000010 0.155073 0.674939
0.000010 0.117445 0.000010 0.464318 0.000010 0.000010 0.418197
0.259482 0.419642 0.320836 0.000010 0.000010 0.000010 0.000010
0.000010 0.000010 0.000010 0.003850 0.000010 0.000010 0.996100
0.000010 0.217897 0.544871 0.000010 0.150378 0.000010 0.086823
0.639501 0.134011 0.226448 0.000010 0.000010 0.000010 0.000010
0.066287 0.182482 0.218931 0.000010 0.453919 0.000010 0.078362
0.000010 0.000010 0.000010 0.360414 0.000010 0.000010 0.639536
0.999940 0.000010 0.000010 0.000010 0.000010 0.000010 0.000010
0.000010 0.000010 0.000010 0.000010 0.000010 0.000010 0.999940
0.467206 0.000010 0.532744 0.000010 0.000010 0.000010 0.000010
0.255235 0.141231 0.565678 0.000010 0.037827 0.000010 0.000010
0.897269 0.042960 0.000010 0.008853 0.050888 0.000010 0.000010
0.000010 0.207137 0.645138 0.033363 0.114332 0.000010 0.000010
0.634815 0.025051 0.000010 0.000010 0.340094 0.000010 0.000010
0.000010 0.037549 0.000010 0.000010 0.000010 0.000010 0.962401
0.000010 0.000010 0.000010 0.999940 0.000010 0.000010 0.000010
0.000010 0.000010 0.000010 0.000010 0.999940 0.000010 0.000010
0.504350 0.202101 0.182898 0.000010 0.110622 0.000010 0.000010
0.000010 0.000010 0.000010 0.000010 0.000010 0.000010 0.999940
0.000010 0.000010 0.939316 0.000010 0.060634 0.000010 0.000010
0.944653 0.055297 0.000010 0.000010 0.000010 0.000010 0.000010
0.000010 0.000010 0.000010 0.146653 0.000010 0.000010 0.853297
0.000010 0.000010 0.999940 0.000010 0.000010 0.000010 0.000010
0.037407 0.000010 0.006565 0.278758 0.056562 0.000010 0.620688
