0.000010 0.426748 0.000010 0.445190 0.128012 0.000010 0.000010 0.000010
0.000010 0.000010 0.000010 0.000010 0.000010 0.999930 0.000010 0.000010
0.000010 0.889725 0.000010 0.000010 0.110215 0.000010 0.000010 0.000010
0.000010 0.384244 0.000010 0.615696 0.000010 0.000010 0.000010 0.000010
0.009952 0.661970 0.000010 0.328028 0.000010 0.000010 0.000010 0.000010
0.087993 0.187540 0.000010 0.587020 0.137407 0.000010 0.000010 0.000010
0.069366 0.000010 0.000010 0.787467 0.104728 0.000010 0.000010 0.038399
0.000010 0.000010 0.000010 0.967990 0.031950 0.000010 0.000010 0.000010
0.000010 0.295487 0.000010 0.613719 0.090744 0.000010 0.000010 0.000010
0.000010 0.000010 0.800896 0.000010 0.000010 0.000010 0.000010 0.199044
0.000010 0.000010 0.793815 0.000010 0.000010 0.000010 0.000010 0.206125
0.104949 0.479675 0.000010 0.292436 0.069206 0.053705 0.000010 0.000010
0.000010 0.000010 0.779205 0.000010 0.000010 0.132193 0.000010 0.088553
0.000010 0.194814 0.000010 0.805126 0.000010 0.000010 0.000010 0.000010
0.000010 0.999930 0.000010 0.000010 0.000010 0.000010 0.000010 0.000010
0.000010 0.074774 0.029467 0.680539 0.215180 0.000010 0.000010 0.000010
0.000010 0.999930 0.000010 0.000010 0.000010 0.000010 0.000010 0.000010
0.000010 0.312200 0.000010 0.687740 0.000010 0.000010 0.000010 0.000010
0.000010 0.000010 0.940131 0.000010 0.059809 0.000010 0.000010 0.000010
0.000010 0.007120 0.709750 0.043499 0.000010 0.138455 0.000010 0.101147
0.000010 0.000010 0.000010 0.000010 0.000010 0.999930 0.000010 0.000010
0.999930 0.000010 0.000010 0.000010 0.000010 0.000010 0.000010 0.000010
0.999930 0.000010 0.000010 0.000010 0.000010 0.000010 0.000010 0.000010
0.999930 0.000010 0.000010 0.000010 0.000010 0.000010 0.000010 0.000010
0.999930 0.000010 0.000010 0.000010 0.000010 0.000010 0.000010 0.000010
0.121698 0.000010 0.000010 0.722972 0.083042 0.072247 0.000010 0.000010
0.193920 0.000010 0.000010 0.806020 0.000010 0.000010 0.000010 0.000010
0.000010 0.000010 0.000010 0.999930 0.000010 0.000010 0.000010 0.000010
0.000010 0.000010 0.943748 0.000010 0.056192 0.000010 0.000010 0.000010
0.060151 0.000010 0.000010 0.838148 0.101651 0.000010 0.000010 0.000010
0.000010 0.000010 0.668802 0.060953 0.000010 0.270195 0.000010 0.000010
0.173414 0.000010 0.000010 0.548209 0.278327 0.000010 0.000010 0.000010
0.000010 0.000010 0.999930 0.000010 0.000010 0.000010 0.000010 0.000010
0.137791 0.452594 0.000010 0.393123 0.016452 0.000010 0.000010 0.000010
0.000010 0.000010 0.000010 0.000010 0.000010 0.000010 0.999930 0.000010
0.000010 0.000010 0.907839 0.000010 0.000010 0.092101 0.000010 0.000010
0.000010 0.006792 0.941174 0.000010 0.000010 0.006071 0.000010 0.045923
0.142893 0.505740 0.000010 0.351318 0.000010 0.000010 0.000010 0.000010
0.000010 0.999930 0.000010 0.000010 0.000010 0.000010 0.000010 0.000010
0.011995 0.219961 0.000010 0.516617 0.251387 0.000010 0.000010 0.000010
0.047816 0.275224 0.000010 0.339472 0.337447 0.000010 0.000010 0.000010
0.058072 0.000010 0.000010 0.897919 0.043959 0.000010 0.000010 0.000010
0.000010 0.000010 0.887138 0.000010 0.000010 0.000010 0.000010 0.112802
0.000010 0.000010 0.000010 0.713321 0.286619 0.000010 0.000010 0.000010
0.269201 0.000010 0.000010 0.478480 0.252269 0.000010 0.000010 0.000010
0.112288 0.209864 0.058979 0.618829 0.000010 0.000010 0.000010 0.000010
0.038610 0.537436 0.000010 0.391011 0.032902 0.000010 0.000010 0.000010
0.000010 0.345147 0.000010 0.443411 0.211392 0.000010 0.000010 0.000010
0.000010 0.000010 0.000010 0.871681 0.079579 0.000010 0.000010 0.048690
0.000010 0.892735 0.000010 0.107205 0.000010 0.000010 0.000010 0.000010
0.000010 0.129636 0.611680 0.000010 0.000010 0.052808 0.000010 0.205837
0.059880 0.218517 0.000010 0.721554 0.000010 0.000010 0.000010 0.000010
0.130468 0.082593 0.008155 0.573066 0.205688 0.000010 0.000010 0.000010
0.249557 0.030720 0.000010 0.403198 0.146243 0.000010 0.170252 0.000010
0.000010 0.122688 0.000010 0.737777 0.139485 0.000010 0.000010 0.000010
0.000010 0.000010 0.000010 0.000010 0.000010 0.999930 0.000010 0.000010
0.159065 0.000010 0.000010 0.755740 0.085144 0.000010 0.000010 0.000010
0.000010 0.000010 0.000010 0.000010 0.999930 0.000010 0.000010 0.000010
0.000010 0.000010 0.000010 0.000010 0.999930 0.000010 0.000010 0.000010
0.000010 0.000010 0.981024 0.000010 0.000010 0.003187 0.000010 0.015739
0.000010 0.000010 0.999930 0.000010 0.000010 0.000010 0.000010 0.000010
0.000010 0.350199 0.490473 0.000010 0.159278 0.000010 0.000010 0.000010
0.077918 0.022566 0.000010 0.823611 0.075865 0.000010 0.000010 0.000010
0.000010 0.000010 0.838648 0.000010 0.000010 0.085954 0.000010 0.075348
0.000010 0.863133 0.000010 0.000010 0.077760 0.059057 0.000010 0.000010
0.354571 0.195049 0.000010 0.450330 0.000010 0.000010 0.000010 0.000010
0.072071 0.927869 0.000010 0.000010 0.000010 0.000010 0.000010 0.000010
0.000010 0.453367 0.000010 0.327467 0.219117 0.000010 0.000010 0.000010
0.024639 0.728108 0.000010 0.224372 0.000010 0.022841 0.000010 0.000010
0.000010 0.000010 0.000010 0.936679 0.063261 0.000010 0.000010 0.000010
0.071622 0.000010 0.681461 0.000010 0.000010 0.113910 0.000010 0.132966
0.107242 0.274973 0.000010 0.324016 0.293728 0.000010 0.000010 0.000010
0.000010 0.555693 0.000010 0.367347 0.076910 0.000010 0.000010 0.000010
0.013281 0.000010 0.986659 0.000010 0.000010 0.000010 0.000010 0.000010
0.076633 0.674537 0.000010 0.248781 0.000010 0.000010 0.000010 0.000010
0.000010 0.003606 0.000010 0.637059 0.359285 0.000010 0.000010 0.000010
0.317889 0.119132 0.000010 0.430921 0.132019 0.000010 0.000010 0.000010
0.000010 0.000010 0.755315 0.000010 0.000010 0.244625 0.000010 0.000010
0.000010 0.000010 0.516532 0.000010 0.080255 0.403163 0.000010 0.000010
0.136409 0.000010 0.000010 0.651212 0.212329 0.000010 0.000010 0.000010
0.000010 0.000010 0.972927 0.000010 0.000010 0.000010 0.000010 0.027013
0.000010 0.000010 0.000010 0.000010 0.000010 0.000010 0.000010 0.999930
0.000010 0.000010 0.000010 0.999930 0.000010 0.000010 0.000010 0.000010
0.000010 0.000010 0.000010 0.999930 0.000010 0.000010 0.000010 0.000010
0.000010 0.000010 0.000010 0.000010 0.000010 0.000010 0.000010 0.999930
0.038719 0.000010 0.829125 0.000010 0.000010 0.002847 0.000010 0.129269
0.000010 0.000010 0.543680 0.000010 0.000010 0.006201 0.145836 0.304242
0.091889 0.000010 0.553144 0.000010 0.000010 0.354917 0.000010 0.000010
0.426291 0.210083 0.000010 0.363575 0.000010 0.000010 0.000010 0.000010
0.013286 0.000010 0.713961 0.000010 0.000010 0.084778 0.000010 0.187934
0.214068 0.000010 0.000010 0.518631 0.154341 0.112919 0.000010 0.000010
0.000010 0.820480 0.000010 0.179460 0.000010 0.000010 0.000010 0.000010
0.108536 0.222623 0.069505 0.155420 0.443886 0.000010 0.000010 0.000010
0.000010 0.000010 0.643010 0.000010 0.000010 0.356930 0.000010 0.000010
0.000010 0.999930 0.000010 0.000010 0.000010 0.000010 0.000010 0.000010
0.000010 0.000010 0.999930 0.000010 0.000010 0.000010 0.000010 0.000010
0.000010 0.358440 0.000010 0.641500 0.000010 0.000010 0.000010 0.000010
0.168133 0.035271 0.000010 0.701630 0.094927 0.000010 0.000010 0.000010
0.000010 0.948454 0.000010 0.000010 0.048821 0.000010 0.000010 0.002676
0.154305 0.000010 0.000010 0.696647 0.099521 0.000010 0.000010 0.049487
0.128935 0.000010 0.000010 0.505043 0.365972 0.000010 0.000010 0.000010
0.022146 0.000010 0.977794 0.000010 0.000010 0.000010 0.000010 0.000010
0.000010 0.000010 0.000010 0.000010 0.000010 0.999930 0.000010 0.000010
0.000010 0.000010 0.000010 0.000010 0.999930 0.000010 0.000010 0.000010
0.162501 0.478705 0.000010 0.201145 0.157610 0.000010 0.000010 0.000010
0.000010 0.000010 0.999930 0.000010 0.000010 0.000010 0.000010 0.000010
0.000010 0.000010 0.000010 0.932504 0.067436 0.000010 0.000010 0.000010
0.006719 0.993221 0.000010 0.000010 0.000010 0.000010 0.000010 0.000010
0.000010 0.000010 0.847559 0.000010 0.000010 0.152381 0.000010 0.000010
0.000010 0.000010 0.000010 0.999930 0.000010 0.000010 0.000010 0.000010
0.000010 0.000010 0.613328 0.000010 0.063159 0.323463 0.000010 0.000010
