0.000010 0.056415 0.083524 0.072507 0.221898 0.278343 0.000010 0.000010 0.021075 0.266208
0.000010 0.175765 0.000010 0.000014 0.195773 0.387473 0.000010 0.111308 0.017966 0.111671
0.000010 0.000010 0.000010 0.000010 0.000010 0.999910 0.000010 0.000010 0.000010 0.000010
0.000010 0.000010 0.000010 0.000010 0.000010 0.999910 0.000010 0.000010 0.000010 0.000010
0.000010 0.000010 0.000010 0.000010 0.000010 0.999910 0.000010 0.000010 0.000010 0.000010
0.000010 0.000010 0.000010 0.000010 0.000010 0.999910 0.000010 0.000010 0.000010 0.000010
0.000010 0.000010 0.000010 0.000010 0.000010 0.999910 0.000010 0.000010 0.000010 0.000010
0.078834 0.126718 0.025407 0.000010 0.195063 0.440383 0.004355 0.000010 0.000010 0.129210
0.248774 0.000010 0.000010 0.000010 0.000010 0.608929 0.000010 0.000010 0.000010 0.142227
0.262579 0.000010 0.000010 0.000010 0.000010 0.604566 0.000010 0.000010 0.000010 0.132785
0.165796 0.141537 0.000010 0.019951 0.000010 0.530816 0.000010 0.000010 0.000010 0.141849
0.000010 0.360181 0.000010 0.000010 0.043844 0.588405 0.000010 0.000010 0.000010 0.007510
0.000010 0.331419 0.000010 0.000010 0.121006 0.547506 0.000010 0.000010 0.000010 0.000010
0.000010 0.999910 0.000010 0.000010 0.000010 0.000010 0.000010 0.000010 0.000010 0.000010
0.000010 0.999910 0.000010 0.000010 0.000010 0.000010 0.000010 0.000010 0.000010 0.000010
0.000010 0.999910 0.000010 0.000010 0.000010 0.000010 0.000010 0.000010 0.000010 0.000010
0.000010 0.999910 0.000010 0.000010 0.000010 0.000010 0.000010 0.000010 0.000010 0.000010
0.000010 0.179055 0.029068 0.000010 0.092873 0.556514 0.000010 0.000010 0.000010 0.142440
0.013349 0.155465 0.042558 0.000010 0.127381 0.491793 0.000010 0.000010 0.000010 0.169413
0.000010 0.999910 0.000010 0.000010 0.000010 0.000010 0.000010 0.000010 0.000010 0.000010
0.000010 0.999910 0.000010 0.000010 0.000010 0.000010 0.000010 0.000010 0.000010 0.000010
0.000010 0.089205 0.391470 0.000010 0.000010 0.502987 0.000010 0.016279 0.000010 0.000010
0.000010 0.129795 0.271058 0.000010 0.000010 0.578477 0.000010 0.005717 0.000010 0.014903
0.000010 0.124445 0.251927 0.000010 0.000010 0.593468 0.000010 0.000010 0.000010 0.030099
0.249358 0.000010 0.000010 0.000010 0.000010 0.607563 0.000010 0.000010 0.000010 0.143009
0.000010 0.043143 0.017769 0.089578 0.192716 0.391204 0.000010 0.000010 0.000010 0.265550
0.117540 0.072204 0.063630 0.041107 0.075138 0.491898 0.000010 0.088653 0.000010 0.049811
0.000010 0.004630 0.000010 0.065511 0.000010 0.672959 0.000010 0.000010 0.000010 0.256840
0.000010 0.107114 0.045438 0.004419 0.104036 0.578535 0.000010 0.057899 0.000010 0.102529
0.111821 0.226692 0.000010 0.000010 0.000010 0.661417 0.000010 0.000010 0.000010 0.000010
0.102922 0.225203 0.000010 0.000010 0.000010 0.671805 0.000010 0.000010 0.000010 0.000010
0.000010 0.226243 0.069286 0.000010 0.355098 0.271724 0.000010 0.000010 0.000010 0.077598
0.086160 0.190056 0.000010 0.030038 0.000010 0.693686 0.000010 0.000010 0.000010 0.000010
0.034458 0.178806 0.032166 0.019992 0.204463 0.439811 0.000010 0.037870 0.000010 0.052414
0.000010 0.000010 0.074012 0.042153 0.197491 0.524624 0.000010 0.000010 0.000010 0.161670
0.000010 0.006794 0.000010 0.063328 0.000010 0.678889 0.000010 0.000010 0.000010 0.250928
0.000010 0.000010 0.000010 0.018294 0.000010 0.918674 0.000010 0.062962 0.000010 0.000010
0.000010 0.064939 0.000010 0.075888 0.000010 0.859103 0.000010 0.000010 0.000010 0.000010
0.000010 0.286684 0.000010 0.000010 0.000010 0.713236 0.000010 0.000010 0.000010 0.000010
0.000010 0.314617 0.000010 0.000010 0.000010 0.685303 0.000010 0.000010 0.000010 0.000010
0.000010 0.321875 0.000010 0.000010 0.000010 0.678045 0.000010 0.000010 0.000010 0.000010
0.000010 0.049271 0.000010 0.002576 0.000010 0.577137 0.049343 0.123068 0.009730 0.188844
0.069841 0.062220 0.000010 0.000010 0.000010 0.572922 0.000010 0.000010 0.000010 0.294958
0.000010 0.079988 0.060248 0.075925 0.125798 0.473464 0.000010 0.000010 0.000010 0.184536
0.000011 0.043502 0.084501 0.023128 0.000010 0.750279 0.010600 0.073629 0.014329 0.000010
0.000010 0.057642 0.000010 0.075001 0.000010 0.867287 0.000010 0.000010 0.000010 0.000010
0.000010 0.155115 0.000010 0.000010 0.392871 0.451945 0.000010 0.000010 0.000010 0.000010
0.777092 0.097113 0.091032 0.000010 0.030831 0.003882 0.000010 0.000010 0.000010 0.000010
0.000010 0.000010 0.000010 0.000010 0.000010 0.000010 0.000010 0.000010 0.000010 0.999910
0.000010 0.000010 0.000010 0.000010 0.000010 0.000010 0.000010 0.000010 0.000010 0.999910
0.019949 0.122759 0.052784 0.099853 0.066073 0.296225 0.016254 0.132992 0.000010 0.193102
0.000010 0.073987 0.119593 0.000010 0.000010 0.087364 0.000010 0.000010 0.000010 0.718997
0.000010 0.059382 0.133210 0.000010 0.000010 0.104272 0.000010 0.000010 0.000010 0.703075
0.000010 0.074092 0.139397 0.000010 0.000010 0.071768 0.000010 0.000010 0.000010 0.714683
0.000010 0.065542 0.127408 0.000010 0.000010 0.097632 0.000010 0.000010 0.000010 0.709358
0.000010 0.000010 0.000010 0.000010 0.000010 0.000010 0.000010 0.000010 0.000010 0.999910
0.000010 0.000010 0.000010 0.000010 0.000010 0.000010 0.000010 0.000010 0.000010 0.999910
0.000010 0.000010 0.180357 0.000010 0.000010 0.000010 0.000010 0.000010 0.000010 0.819563
0.000010 0.036850 0.086285 0.144074 0.165523 0.134062 0.000010 0.000010 0.000010 0.433167
0.000010 0.000010 0.167097 0.000010 0.000010 0.000010 0.000010 0.000010 0.000010 0.832823
0.000010 0.000010 0.176170 0.000010 0.000010 0.000010 0.000010 0.000010 0.000010 0.823750
0.000010 0.000010 0.000010 0.000010 0.000010 0.000010 0.000010 0.000010 0.000010 0.999910
0.000010 0.000010 0.000010 0.000010 0.000010 0.000010 0.000010 0.999910 0.000010 0.000010
0.000010 0.000010 0.000010 0.000010 0.000010 0.000010 0.000010 0.999910 0.000010 0.000010
0.000010 0.000010 0.000010 0.000010 0.000010 0.000010 0.000010 0.999910 0.000010 0.000010
0.000010 0.000010 0.000010 0.000010 0.000010 0.000010 0.000010 0.999910 0.000010 0.000010
0.000010 0.000010 0.000010 0.000010 0.000010 0.000010 0.000010 0.999910 0.000010 0.000010
0.000010 0.000010 0.000010 0.000010 0.000010 0.000010 0.000010 0.999910 0.000010 0.000010
0.028444 0.257261 0.000010 0.000010 0.177344 0.228716 0.000010 0.000010 0.002363 0.305832
0.000010 0.000010 0.000010 0.000010 0.000010 0.000010 0.000010 0.999910 0.000010 0.000010
0.000010 0.000010 0.000010 0.000010 0.000010 0.000010 0.000010 0.999910 0.000010 0.000010
0.000010 0.000010 0.000010 0.000010 0.000010 0.000010 0.000010 0.000010 0.000010 0.999910
0.000010 0.000010 0.000010 0.000010 0.000010 0.000010 0.000010 0.000010 0.000010 0.999910
0.099855 0.067924 0.129849 0.000010 0.089972 0.210526 0.000010 0.071525 0.010803 0.319525
0.016490 0.182004 0.166523 0.000010 0.000010 0.000010 0.000010 0.047345 0.017585 0.570013
0.000010 0.089276 0.079155 0.000010 0.000010 0.000010 0.009389 0.000010 0.000010 0.822120
0.000010 0.000010 0.999910 0.000010 0.000010 0.000010 0.000010 0.000010 0.000010 0.000010
0.000010 0.000010 0.999910 0.000010 0.000010 0.000010 0.000010 0.000010 0.000010 0.000010
0.000010 0.000010 0.999910 0.000010 0.000010 0.000010 0.000010 0.000010 0.000010 0.000010
0.000010 0.000010 0.999910 0.000010 0.000010 0.000010 0.000010 0.000010 0.000010 0.000010
0.000010 0.000010 0.999910 0.000010 0.000010 0.000010 0.000010 0.000010 0.000010 0.000010
0.000010 0.000010 0.999910 0.000010 0.000010 0.000010 0.000010 0.000010 0.000010 0.000010
0.000010 0.138052 0.064381 0.000010 0.000010 0.000010 0.000010 0.000010 0.000010 0.797497
0.000010 0.136101 0.064616 0.000010 0.000010 0.000010 0.000010 0.000010 0.000010 0.799212
0.000010 0.120413 0.054225 0.065997 0.001053 0.358836 0.000010 0.095737 0.000010 0.303709
0.000010 0.113378 0.059594 0.023309 0.000010 0.358433 0.000010 0.111844 0.000010 0.333401
0.000010 0.229001 0.000010 0.000010 0.000010 0.000010 0.000010 0.000010 0.000010 0.770919
0.000010 0.224929 0.000010 0.000010 0.000010 0.000010 0.000010 0.000010 0.000010 0.774991
0.000010 0.236007 0.000010 0.000010 0.000010 0.000010 0.000010 0.000010 0.000010 0.763913
0.000010 0.222557 0.000010 0.000010 0.000010 0.000010 0.000010 0.000010 0.000010 0.777363
0.000012 0.248557 0.000010 0.000010 0.000010 0.000010 0.000010 0.000010 0.000010 0.751361
0.000010 0.000010 0.000010 0.000010 0.000010 0.000010 0.107413 0.000010 0.892507 0.000010
0.000010 0.000010 0.304476 0.115533 0.128270 0.072520 0.000010 0.000010 0.015366 0.363795
0.000010 0.000010 0.293024 0.118715 0.136132 0.083752 0.006953 0.000010 0.007618 0.353777
0.171799 0.100068 0.069466 0.000010 0.204260 0.177873 0.000010 0.021682 0.000010 0.254823
0.000010 0.044495 0.001220 0.237395 0.116944 0.171239 0.000010 0.000010 0.000010 0.428668
0.000010 0.038306 0.048176 0.229848 0.098784 0.161761 0.000010 0.000010 0.028340 0.394755
0.000010 0.127687 0.133984 0.000010 0.203939 0.056143 0.000010 0.044988 0.021369 0.411861
0.299606 0.028406 0.052760 0.000010 0.204319 0.195281 0.000010 0.029276 0.000010 0.190323
0.000010 0.000010 0.000010 0.000010 0.000010 0.000010 0.088475 0.000010 0.911445 0.000010
0.062510 0.149925 0.268609 0.000010 0.044103 0.000010 0.000010 0.000010 0.000010 0.474803
0.026017 0.240293 0.135125 0.000010 0.157926 0.000010 0.018477 0.017845 0.000010 0.404288
0.000010 0.199753 0.160075 0.002354 0.125330 0.000010 0.025832 0.036193 0.000010 0.450434
0.006127 0.233131 0.135267 0.011841 0.172226 0.000010 0.018213 0.003009 0.000010 0.420166
0.000010 0.000010 0.000010 0.000010 0.000010 0.000010 0.000010 0.000010 0.999910 0.000010
0.000010 0.001117 0.002228 0.031625 0.144204 0.180612 0.000010 0.227178 0.033994 0.379021
0.000010 0.000010 0.000010 0.000010 0.000010 0.000010 0.062175 0.000010 0.937745 0.000010
0.000010 0.220801 0.137904 0.000010 0.351345 0.267880 0.000010 0.000010 0.000010 0.022020
0.000010 0.000010 0.000010 0.000010 0.000010 0.000010 0.000010 0.000010 0.999910 0.000010
0.000010 0.000010 0.000010 0.000010 0.000010 0.000010 0.000010 0.000010 0.999910 0.000010
0.065222 0.031032 0.041413 0.052246 0.000010 0.273952 0.000010 0.000010 0.021731 0.514374
0.098197 0.022556 0.031116 0.051274 0.000010 0.298079 0.000010 0.000010 0.017828 0.480920
0.000010 0.000010 0.000010 0.000010 0.000010 0.000010 0.084843 0.000010 0.915077 0.000010
0.000010 0.000010 0.000010 0.000010 0.000010 0.000010 0.092667 0.000010 0.907253 0.000010
0.000010 0.000010 0.000010 0.000010 0.000010 0.000010 0.000010 0.000010 0.000010 0.999910
0.000010 0.000010 0.000010 0.000010 0.000010 0.000010 0.000010 0.000010 0.000010 0.999910
0.000010 0.000010 0.000010 0.000010 0.000010 0.000010 0.000010 0.000010 0.999910 0.000010
0.000010 0.000010 0.000010 0.000010 0.000010 0.000010 0.000010 0.000010 0.000010 0.999910
0.000010 0.000010 0.000010 0.000010 0.000010 0.000010 0.000010 0.000010 0.000010 0.999910
0.000010 0.000010 0.000010 0.000010 0.000010 0.000010 0.000010 0.000010 0.000010 0.999910
0.000010 0.000010 0.000010 0.000010 0.000010 0.000010 0.000010 0.000010 0.000010 0.999910
0.000010 0.000010 0.000010 0.000010 0.000010 0.000010 0.000010 0.000010 0.000010 0.999910
0.000010 0.000010 0.000010 0.000010 0.000010 0.000010 0.000010 0.000010 0.000010 0.999910
0.000010 0.000010 0.000010 0.000010 0.000010 0.000010 0.000010 0.000010 0.000010 0.999910
0.000010 0.000010 0.000010 0.000010 0.000010 0.000010 0.000010 0.999910 0.000010 0.000010
0.000010 0.000010 0.000010 0.000010 0.000010 0.000010 0.000010 0.999910 0.000010 0.000010
0.000010 0.000010 0.000010 0.000010 0.000010 0.000010 0.000010 0.999910 0.000010 0.000010
0.000010 0.000010 0.000010 0.000010 0.000010 0.000010 0.000010 0.999910 0.000010 0.000010
0.000010 0.000010 0.000010 0.000010 0.000010 0.000010 0.000010 0.999910 0.000010 0.000010
0.000010 0.000010 0.000010 0.000010 0.000010 0.000010 0.000010 0.999910 0.000010 0.000010
0.094376 0.237085 0.000010 0.000010 0.000010 0.135696 0.000010 0.153765 0.000010 0.379028
0.113049 0.173998 0.000010 0.000010 0.000010 0.185038 0.000010 0.188023 0.000010 0.339843
0.049568 0.275032 0.000010 0.000010 0.000010 0.187498 0.000010 0.154494 0.000010 0.333358
0.055273 0.000010 0.133857 0.025519 0.124817 0.189501 0.000010 0.000010 0.000010 0.470993
0.067878 0.000010 0.118937 0.021566 0.113201 0.201889 0.000010 0.000010 0.000010 0.476489
0.692542 0.085893 0.000010 0.218841 0.000010 0.000010 0.002664 0.000010 0.000010 0.000010
0.497624 0.073182 0.060199 0.022452 0.000010 0.291007 0.045911 0.000010 0.000010 0.009596
0.554537 0.208489 0.072979 0.105442 0.000010 0.000010 0.000010 0.000010 0.000010 0.058504
0.489373 0.143380 0.000010 0.142021 0.064161 0.078804 0.000010 0.082221 0.000010 0.000010
0.744517 0.000010 0.000010 0.232774 0.000010 0.000010 0.000010 0.000010 0.022639 0.000010
0.762490 0.000010 0.000010 0.210535 0.000010 0.000010 0.000010 0.000010 0.026905 0.000010
0.760791 0.000010 0.000010 0.214288 0.000010 0.000010 0.000010 0.000010 0.024851 0.000010
0.524682 0.167665 0.025911 0.139356 0.000010 0.000010 0.006372 0.000010 0.000010 0.135973
0.904919 0.000010 0.000010 0.063172 0.000010 0.000010 0.000010 0.000010 0.031839 0.000010
0.826600 0.044711 0.000010 0.128619 0.000010 0.000010 0.000010 0.000010 0.000010 0.000010
0.636580 0.047497 0.059596 0.050063 0.185930 0.020294 0.000010 0.000010 0.000010 0.000010
0.000011 0.000010 0.000010 0.000010 0.000010 0.000010 0.279741 0.000010 0.720178 0.000010
0.564525 0.273601 0.000010 0.062246 0.000010 0.053224 0.000010 0.046354 0.000010 0.000010
0.545411 0.147891 0.048263 0.000010 0.032946 0.137158 0.000010 0.012996 0.000010 0.075305
0.000010 0.000010 0.000010 0.999910 0.000010 0.000010 0.000010 0.000010 0.000010 0.000010
0.000010 0.010539 0.000010 0.989381 0.000010 0.000010 0.000010 0.000010 0.000010 0.000010
0.000010 0.000010 0.000010 0.999910 0.000010 0.000010 0.000010 0.000010 0.000010 0.000010
0.382400 0.376775 0.000010 0.200842 0.000010 0.000010 0.000010 0.000010 0.000010 0.039922
0.000010 0.000010 0.000010 0.999910 0.000010 0.000010 0.000010 0.000010 0.000010 0.000010
0.551643 0.168698 0.024239 0.255360 0.000010 0.000010 0.000010 0.000010 0.000010 0.000010
0.759104 0.000010 0.096029 0.144798 0.000010 0.000010 0.000010 0.000010 0.000010 0.000010
0.750612 0.000010 0.100859 0.148459 0.000010 0.000010 0.000010 0.000010 0.000010 0.000010
0.731732 0.000010 0.102272 0.165927 0.000010 0.000010 0.000010 0.000010 0.000010 0.000010
0.883996 0.000010 0.103110 0.012824 0.000010 0.000010 0.000010 0.000010 0.000010 0.000010
0.899510 0.000010 0.100410 0.000010 0.000010 0.000010 0.000010 0.000010 0.000010 0.000010
0.903233 0.000010 0.096687 0.000010 0.000010 0.000010 0.000010 0.000010 0.000010 0.000010
0.099982 0.143210 0.000010 0.006069 0.179465 0.534534 0.000010 0.000010 0.000010 0.036700
0.505493 0.159867 0.009818 0.187130 0.000010 0.000010 0.000010 0.137642 0.000010 0.000010
0.000010 0.000010 0.000010 0.000010 0.000010 0.000010 0.425624 0.000010 0.574296 0.000010
0.900639 0.081427 0.017864 0.000010 0.000010 0.000010 0.000010 0.000010 0.000010 0.000010
0.959067 0.040853 0.000010 0.000010 0.000010 0.000010 0.000010 0.000010 0.000010 0.000010
0.905681 0.080057 0.014192 0.000010 0.000010 0.000010 0.000010 0.000010 0.000010 0.000010
0.678453 0.176226 0.000010 0.124720 0.000010 0.000010 0.020541 0.000010 0.000010 0.000010
0.000010 0.000010 0.000010 0.999910 0.000010 0.000010 0.000010 0.000010 0.000010 0.000010
0.000010 0.000010 0.000010 0.999910 0.000010 0.000010 0.000010 0.000010 0.000010 0.000010
0.000013 0.000010 0.000010 0.999907 0.000010 0.000010 0.000010 0.000010 0.000010 0.000010
0.000010 0.000010 0.000010 0.999910 0.000010 0.000010 0.000010 0.000010 0.000010 0.000010
0.662620 0.186062 0.018091 0.027492 0.000010 0.000010 0.000010 0.000010 0.000010 0.105686
0.699173 0.182371 0.029119 0.003224 0.000010 0.000010 0.000010 0.000010 0.000010 0.086064
0.494426 0.249031 0.000010 0.058418 0.073210 0.021513 0.000010 0.013463 0.036236 0.053683
0.000010 0.000010 0.000010 0.000010 0.000010 0.000010 0.266104 0.000010 0.733816 0.000010
0.503867 0.205520 0.000010 0.257897 0.000010 0.020064 0.000010 0.000010 0.012602 0.000010
0.000010 0.000010 0.000010 0.000010 0.000010 0.000010 0.344276 0.000010 0.655644 0.000010
0.578636 0.106379 0.020002 0.256011 0.009588 0.000010 0.000010 0.000010 0.000010 0.029344
0.000010 0.000010 0.000010 0.000010 0.000010 0.000010 0.412918 0.000010 0.587002 0.000010
0.502485 0.172634 0.011459 0.214815 0.000010 0.000010 0.000010 0.039033 0.000010 0.059535
0.506849 0.173546 0.009335 0.211378 0.000010 0.000010 0.000010 0.047228 0.000010 0.051625
0.000010 0.000010 0.000010 0.999910 0.000010 0.000010 0.000010 0.000010 0.000010 0.000010
0.999910 0.000010 0.000010 0.000010 0.000010 0.000010 0.000010 0.000010 0.000010 0.000010
0.999910 0.000010 0.000010 0.000010 0.000010 0.000010 0.000010 0.000010 0.000010 0.000010
0.999910 0.000010 0.000010 0.000010 0.000010 0.000010 0.000010 0.000010 0.000010 0.000010
0.999910 0.000010 0.000010 0.000010 0.000010 0.000010 0.000010 0.000010 0.000010 0.000010
0.999910 0.000010 0.000010 0.000010 0.000010 0.000010 0.000010 0.000010 0.000010 0.000010
0.000010 0.000010 0.000010 0.000010 0.000010 0.000010 0.999910 0.000010 0.000010 0.000010
0.000010 0.000010 0.000010 0.000010 0.000010 0.000010 0.999910 0.000010 0.000010 0.000010
0.000010 0.000010 0.000010 0.000010 0.000010 0.000010 0.999910 0.000010 0.000010 0.000010
0.000010 0.000010 0.000010 0.000010 0.000010 0.000010 0.999910 0.000010 0.000010 0.000010
0.000010 0.000010 0.000010 0.000010 0.000010 0.000010 0.999910 0.000010 0.000010 0.000010
0.000010 0.000010 0.000010 0.000010 0.000010 0.000010 0.999910 0.000010 0.000010 0.000010
0.000010 0.000010 0.000010 0.000010 0.000010 0.000010 0.354064 0.000010 0.645856 0.000010
0.362182 0.293015 0.059115 0.223743 0.000010 0.000010 0.000010 0.000010 0.000010 0.061894
0.585594 0.119239 0.000010 0.266343 0.028764 0.000010 0.000010 0.000010 0.000010 0.000010
0.058267 0.074426 0.134070 0.029587 0.677412 0.020844 0.000010 0.005365 0.000010 0.000010
0.000010 0.000010 0.000010 0.000010 0.786427 0.000010 0.029142 0.000010 0.000010 0.184361
0.000010 0.149750 0.000010 0.000010 0.579552 0.172629 0.000010 0.098008 0.000010 0.000010
0.000010 0.000010 0.000010 0.000010 0.807907 0.000010 0.000010 0.045080 0.011961 0.134993
0.000010 0.160788 0.000010 0.000010 0.709235 0.000010 0.048660 0.000010 0.000010 0.081256
0.104747 0.103686 0.000010 0.016962 0.637083 0.137472 0.000010 0.000010 0.000010 0.000010
0.623260 0.209358 0.000010 0.114451 0.000010 0.000010 0.000010 0.000010 0.000010 0.052872
0.000010 0.000010 0.000010 0.000010 0.000010 0.000010 0.461196 0.000010 0.538724 0.000010
0.534564 0.236516 0.000010 0.169969 0.000010 0.058891 0.000010 0.000010 0.000010 0.000010
0.687871 0.066781 0.000010 0.152192 0.012921 0.024482 0.000010 0.000010 0.025800 0.029922
0.652049 0.284944 0.062937 0.000010 0.000010 0.000010 0.000010 0.000010 0.000010 0.000010
0.646308 0.203397 0.074868 0.000010 0.000010 0.000010 0.000010 0.038442 0.000010 0.036935
0.000010 0.000010 0.000010 0.000010 0.000010 0.000010 0.288100 0.000010 0.711820 0.000010
0.703083 0.058383 0.122117 0.050831 0.065536 0.000010 0.000010 0.000010 0.000010 0.000010
0.713781 0.000010 0.000010 0.151941 0.000010 0.000010 0.000010 0.052171 0.000010 0.082047
0.740283 0.111459 0.000010 0.092077 0.000010 0.000010 0.000010 0.000010 0.000010 0.056120
0.554220 0.072153 0.049074 0.129382 0.078319 0.000010 0.000010 0.000010 0.000010 0.116813
0.620410 0.147022 0.000010 0.232499 0.000010 0.000010 0.000010 0.000010 0.000010 0.000010
0.617326 0.231639 0.000010 0.000010 0.000010 0.141045 0.000010 0.009930 0.000010 0.000010
0.617826 0.222780 0.000010 0.000010 0.017700 0.135797 0.000010 0.005846 0.000010 0.000010
0.654635 0.127005 0.000010 0.218290 0.000010 0.000010 0.000010 0.000010 0.000010 0.000010
0.999910 0.000010 0.000010 0.000010 0.000010 0.000010 0.000010 0.000010 0.000010 0.000010
0.523045 0.243359 0.000010 0.073221 0.000010 0.095041 0.003820 0.000010 0.000010 0.061474
0.566967 0.227994 0.000010 0.054675 0.000010 0.066137 0.000010 0.000010 0.000010 0.084177
0.000010 0.000010 0.000010 0.000010 0.000010 0.000010 0.289082 0.000010 0.710838 0.000010
0.000010 0.000010 0.000010 0.999910 0.000010 0.000010 0.000010 0.000010 0.000010 0.000010
0.000010 0.000010 0.000010 0.999910 0.000010 0.000010 0.000010 0.000010 0.000010 0.000010
0.552253 0.181514 0.000010 0.187978 0.000010 0.065677 0.000010 0.000010 0.000010 0.012528
0.720144 0.170255 0.085098 0.000010 0.024443 0.000010 0.000010 0.000010 0.000010 0.000010
0.000010 0.000010 0.000010 0.999910 0.000010 0.000010 0.000010 0.000010 0.000010 0.000010
0.000010 0.000010 0.000010 0.999910 0.000010 0.000010 0.000010 0.000010 0.000010 0.000010
0.000010 0.000010 0.000010 0.999910 0.000010 0.000010 0.000010 0.000010 0.000010 0.000010
0.790832 0.209088 0.000010 0.000010 0.000010 0.000010 0.000010 0.000010 0.000010 0.000010
0.788459 0.211461 0.000010 0.000010 0.000010 0.000010 0.000010 0.000010 0.000010 0.000010
0.000010 0.000010 0.000010 0.999910 0.000010 0.000010 0.000010 0.000010 0.000010 0.000010
0.000010 0.000010 0.000010 0.999910 0.000010 0.000010 0.000010 0.000010 0.000010 0.000010
0.000010 0.000010 0.000010 0.999910 0.000010 0.000010 0.000010 0.000010 0.000010 0.000010
0.507159 0.137610 0.000010 0.210798 0.000010 0.045688 0.015323 0.000010 0.000010 0.083382
0.776359 0.175964 0.000010 0.047606 0.000010 0.000010 0.000010 0.000010 0.000010 0.000010
0.692788 0.120307 0.000010 0.074116 0.000010 0.000010 0.000010 0.000010 0.000010 0.112729
0.694005 0.115310 0.000010 0.072747 0.000010 0.000010 0.000010 0.000010 0.000010 0.117877
0.668941 0.132060 0.000010 0.083290 0.000010 0.000010 0.000010 0.000010 0.000010 0.115649
0.557715 0.313537 0.000010 0.084759 0.000010 0.000010 0.000010 0.043929 0.000010 0.000010
0.577068 0.312317 0.000010 0.053894 0.000010 0.000010 0.000010 0.056661 0.000010 0.000010
0.820190 0.099743 0.000010 0.074347 0.000010 0.000010 0.005660 0.000010 0.000010 0.000010
0.863798 0.063643 0.000010 0.057303 0.000010 0.000010 0.015196 0.000010 0.000010 0.000010
0.524256 0.145107 0.000010 0.155447 0.175130 0.000010 0.000010 0.000010 0.000010 0.000010
0.515342 0.161460 0.000010 0.155661 0.167477 0.000010 0.000010 0.000010 0.000010 0.000010
0.094719 0.000010 0.000010 0.782103 0.000010 0.000010 0.000010 0.028661 0.000010 0.094457
0.774268 0.027640 0.039123 0.141381 0.000010 0.000010 0.000010 0.017538 0.000010 0.000010
0.752715 0.036060 0.041632 0.148924 0.000010 0.000010 0.000010 0.020618 0.000010 0.000010
0.075481 0.000010 0.000010 0.794318 0.000010 0.000010 0.000010 0.015792 0.000010 0.114350
0.666592 0.160743 0.000010 0.091155 0.000010 0.047071 0.000010 0.000010 0.000010 0.034388
0.630637 0.149217 0.000010 0.129189 0.000010 0.000010 0.000010 0.001914 0.000010 0.088993
0.601345 0.226997 0.082368 0.089230 0.000010 0.000010 0.000010 0.000010 0.000010 0.000010
0.207647 0.093832 0.000010 0.695927 0.000010 0.000010 0.002535 0.000010 0.000010 0.000010
0.664425 0.121744 0.000010 0.127853 0.000010 0.000010 0.000010 0.000010 0.000010 0.085918
0.745951 0.000010 0.028105 0.132867 0.093017 0.000010 0.000010 0.000010 0.000010 0.000010
0.290124 0.104948 0.000010 0.505064 0.055784 0.000010 0.001286 0.000010 0.000010 0.042754
0.316406 0.105158 0.003853 0.489437 0.046218 0.000010 0.008665 0.000010 0.000010 0.030233
0.731767 0.000010 0.028641 0.143099 0.096433 0.000010 0.000010 0.000010 0.000010 0.000010
0.257941 0.134500 0.015140 0.523510 0.024535 0.000010 0.000010 0.000010 0.013454 0.030891
0.459865 0.212018 0.000010 0.204247 0.087877 0.035943 0.000010 0.000010 0.000010 0.000010
0.000010 0.000010 0.000010 0.000010 0.000010 0.000010 0.469757 0.000010 0.530163 0.000010
0.000010 0.000010 0.000010 0.000010 0.000010 0.000010 0.467823 0.000010 0.532097 0.000010
0.000010 0.000010 0.000010 0.000010 0.000010 0.000010 0.304546 0.000010 0.695374 0.000010
0.462119 0.294934 0.000010 0.048341 0.000010 0.121054 0.000010 0.000010 0.002393 0.071120
0.000010 0.000010 0.000010 0.000010 0.000010 0.000010 0.189355 0.000010 0.810565 0.000010
0.798098 0.179056 0.000010 0.000010 0.000010 0.000010 0.000010 0.000010 0.000010 0.022775
0.735639 0.223626 0.025432 0.000010 0.000010 0.000010 0.015243 0.000010 0.000010 0.000010
0.000010 0.000010 0.000010 0.000010 0.000010 0.000010 0.498355 0.000010 0.501565 0.000010
0.000010 0.000010 0.000010 0.000010 0.000010 0.000010 0.479570 0.000010 0.520350 0.000010
0.000010 0.000010 0.000010 0.000010 0.000010 0.000010 0.471804 0.000010 0.528116 0.000010
0.720081 0.041725 0.000010 0.180868 0.000010 0.057266 0.000010 0.000010 0.000010 0.000010
0.000010 0.000010 0.000010 0.000010 0.000010 0.000010 0.316018 0.000010 0.683902 0.000010
0.000010 0.000010 0.000010 0.000010 0.124561 0.875359 0.000010 0.000010 0.000010 0.000010
0.000010 0.000010 0.000010 0.000010 0.000010 0.000010 0.149037 0.000010 0.850883 0.000010
0.000010 0.000010 0.000010 0.000010 0.000010 0.000010 0.270369 0.000010 0.729551 0.000010
0.000010 0.000010 0.000010 0.000010 0.000010 0.000010 0.259621 0.000010 0.740299 0.000010
0.000010 0.259705 0.044884 0.119051 0.137898 0.321475 0.010047 0.000010 0.000010 0.106910
0.000010 0.000010 0.000010 0.052637 0.000010 0.779891 0.000010 0.000010 0.000010 0.167403
0.100893 0.173998 0.054451 0.000010 0.055177 0.456497 0.000010 0.000010 0.000010 0.158944
0.000010 0.000010 0.000010 0.051078 0.000010 0.773857 0.000010 0.000010 0.000010 0.174995
0.126500 0.000010 0.112571 0.000010 0.000010 0.760859 0.000010 0.000010 0.000010 0.000010
0.000010 0.000010 0.000010 0.000010 0.000010 0.000010 0.000010 0.000010 0.999910 0.000010
0.616373 0.194502 0.069516 0.090068 0.000010 0.029491 0.000010 0.000010 0.000010 0.000010
0.037958 0.063724 0.093008 0.121657 0.000010 0.574945 0.000010 0.031909 0.007650 0.069130
0.053951 0.077833 0.000010 0.147739 0.000010 0.622745 0.000010 0.097682 0.000010 0.000010
0.000010 0.072847 0.079841 0.157783 0.304995 0.274567 0.000010 0.062607 0.000010 0.047330
0.121015 0.141647 0.088209 0.000010 0.157974 0.409732 0.000010 0.000010 0.035894 0.045500
0.217218 0.000010 0.094581 0.000010 0.165357 0.424103 0.000010 0.016626 0.000010 0.082075
0.000010 0.194808 0.071172 0.000010 0.000010 0.433155 0.000010 0.078461 0.000010 0.222353
0.204850 0.058475 0.005246 0.044247 0.000010 0.452481 0.000010 0.027607 0.000010 0.207063
0.119447 0.000010 0.073770 0.000010 0.000010 0.533561 0.031451 0.048199 0.000010 0.193532
0.087582 0.058025 0.017267 0.000010 0.132779 0.522281 0.000010 0.075555 0.000010 0.106481
0.000010 0.000010 0.006948 0.003534 0.080634 0.595639 0.000010 0.196705 0.026140 0.090371
0.000010 0.158698 0.075665 0.000010 0.228796 0.482154 0.000010 0.054637 0.000010 0.000010
0.000010 0.089416 0.000010 0.087058 0.132539 0.435283 0.000010 0.039889 0.000010 0.215775
0.056310 0.148106 0.012731 0.113789 0.058869 0.517971 0.000010 0.092194 0.000010 0.000010
0.000010 0.068246 0.000010 0.000010 0.166500 0.638529 0.000010 0.000010 0.000010 0.126665
0.000010 0.008262 0.000010 0.000010 0.000010 0.880447 0.000010 0.000010 0.000010 0.111221
0.000010 0.051533 0.000010 0.000010 0.000010 0.874902 0.000010 0.000010 0.000010 0.073495
0.147099 0.153616 0.013771 0.014232 0.055736 0.410622 0.000010 0.006901 0.000010 0.198002
0.000010 0.056638 0.016658 0.068497 0.000010 0.693634 0.000010 0.000010 0.000010 0.164523
0.132390 0.052735 0.056536 0.023402 0.290270 0.392741 0.000010 0.051896 0.000010 0.000010
0.000010 0.000010 0.000010 0.000010 0.188607 0.811313 0.000010 0.000010 0.000010 0.000010
0.000010 0.130396 0.088091 0.000010 0.063601 0.564944 0.000010 0.014891 0.029801 0.108245
0.016129 0.000010 0.061664 0.100308 0.086325 0.627143 0.000010 0.000010 0.000010 0.108391
0.000010 0.000010 0.000010 0.000010 0.188754 0.811166 0.000010 0.000010 0.000010 0.000010
0.000010 0.023065 0.000010 0.009918 0.000010 0.000010 0.000010 0.000010 0.966946 0.000010
0.239787 0.000010 0.000010 0.000010 0.066544 0.674070 0.000010 0.000010 0.000010 0.019540
0.233954 0.000010 0.000010 0.000010 0.094477 0.663745 0.000010 0.007764 0.000010 0.000010
0.028917 0.158034 0.000010 0.000010 0.200410 0.406425 0.014811 0.000010 0.000010 0.191364
0.153045 0.000010 0.000477 0.000010 0.055085 0.575074 0.000010 0.000010 0.000010 0.216269
0.000010 0.000010 0.000010 0.000010 0.000010 0.000010 0.000010 0.000010 0.999910 0.000010
0.000010 0.000010 0.038878 0.000010 0.000010 0.961042 0.000010 0.000010 0.000010 0.000010
0.000010 0.000010 0.033849 0.000010 0.000010 0.966071 0.000010 0.000010 0.000010 0.000010
0.000010 0.000010 0.000010 0.000010 0.000010 0.000010 0.017409 0.000010 0.958488 0.024033
0.058039 0.000010 0.000010 0.161167 0.000010 0.543349 0.000010 0.000010 0.000010 0.237384
0.000010 0.000010 0.041195 0.000010 0.000010 0.958725 0.000010 0.000010 0.000010 0.000010
0.000010 0.000010 0.034221 0.000010 0.000010 0.965699 0.000010 0.000010 0.000010 0.000010
0.000010 0.098765 0.045836 0.000010 0.000010 0.855328 0.000010 0.000010 0.000010 0.000010
0.000010 0.000010 0.000010 0.099359 0.000010 0.538257 0.000010 0.210951 0.000010 0.151373
0.226000 0.080120 0.073794 0.000010 0.144743 0.338983 0.000010 0.099305 0.000010 0.037025
0.000010 0.089151 0.060449 0.000010 0.000010 0.850330 0.000010 0.000010 0.000010 0.000010
0.000010 0.047774 0.061738 0.032672 0.128715 0.568193 0.000010 0.000010 0.000010 0.160868
0.151586 0.105830 0.000010 0.000010 0.200906 0.365569 0.000010 0.099410 0.001550 0.075119
0.016994 0.181875 0.025569 0.000010 0.111756 0.542215 0.000010 0.000010 0.000010 0.121551
0.000010 0.239277 0.123706 0.010497 0.000010 0.465051 0.000010 0.045955 0.000010 0.115474
0.066896 0.000010 0.000010 0.032364 0.000010 0.697694 0.000010 0.074377 0.020852 0.107778
0.000010 0.226180 0.032483 0.183230 0.184231 0.180597 0.000010 0.027400 0.000010 0.165849
0.000010 0.181457 0.049057 0.000010 0.074737 0.592975 0.009399 0.046475 0.012854 0.033026
0.064799 0.000010 0.063322 0.077912 0.367445 0.269968 0.000010 0.115448 0.017058 0.024026
0.003160 0.097590 0.069859 0.051706 0.368688 0.213926 0.013196 0.000010 0.000010 0.181855
0.000010 0.999910 0.000010 0.000010 0.000010 0.000010 0.000010 0.000010 0.000010 0.000010
0.650862 0.163133 0.000010 0.185935 0.000010 0.000010 0.000010 0.000010 0.000010 0.000010
0.000010 0.999910 0.000010 0.000010 0.000010 0.000010 0.000010 0.000010 0.000010 0.000010
0.000010 0.999910 0.000010 0.000010 0.000010 0.000010 0.000010 0.000010 0.000010 0.000010
0.571965 0.111274 0.032575 0.213801 0.028133 0.042212 0.000010 0.000010 0.000010 0.000010
0.729765 0.128435 0.000010 0.141730 0.000010 0.000010 0.000010 0.000010 0.000010 0.000010
0.464816 0.191103 0.113157 0.106608 0.124267 0.000010 0.000010 0.000010 0.000010 0.000010
0.589179 0.039418 0.000010 0.148831 0.151985 0.070537 0.000010 0.000010 0.000010 0.000010
0.642695 0.307076 0.000010 0.000010 0.000010 0.000010 0.000010 0.000010 0.000010 0.050159
0.469529 0.224270 0.094152 0.211989 0.000010 0.000010 0.000010 0.000010 0.000010 0.000010
0.417309 0.218235 0.033942 0.220188 0.000010 0.000010 0.000010 0.000010 0.000010 0.110277
0.589427 0.217170 0.000010 0.122326 0.000010 0.071017 0.000010 0.000010 0.000010 0.000010
0.635825 0.000010 0.000010 0.090045 0.110083 0.060775 0.000010 0.000010 0.000010 0.103222
0.586523 0.208889 0.004620 0.199908 0.000010 0.000010 0.000010 0.000010 0.000010 0.000010
0.648888 0.138232 0.039438 0.000010 0.098837 0.072770 0.000010 0.001795 0.000010 0.000010
0.000010 0.000010 0.000010 0.000010 0.000010 0.000010 0.011019 0.000010 0.988901 0.000010
0.518833 0.300919 0.023219 0.156968 0.000010 0.000010 0.000010 0.000010 0.000010 0.000010
0.657612 0.079283 0.020597 0.132282 0.000010 0.110175 0.000010 0.000010 0.000010 0.000010
0.711843 0.108640 0.065292 0.057663 0.049964 0.000010 0.006558 0.000010 0.000010 0.000010
0.382307 0.274982 0.059258 0.188406 0.000010 0.052360 0.000010 0.042646 0.000010 0.000010
0.000010 0.999910 0.000010 0.000010 0.000010 0.000010 0.000010 0.000010 0.000010 0.000010
0.593825 0.196869 0.029524 0.000018 0.102867 0.071554 0.000010 0.000010 0.000010 0.005313
0.000010 0.999910 0.000010 0.000010 0.000010 0.000010 0.000010 0.000010 0.000010 0.000010
0.698220 0.301700 0.000010 0.000010 0.000010 0.000010 0.000010 0.000010 0.000010 0.000010
0.708488 0.291432 0.000010 0.000010 0.000010 0.000010 0.000010 0.000010 0.000010 0.000010
0.672348 0.071167 0.036330 0.191876 0.028229 0.000010 0.000010 0.000010 0.000010 0.000010
0.000010 0.999910 0.000010 0.000010 0.000010 0.000010 0.000010 0.000010 0.000010 0.000010
0.000010 0.999910 0.000010 0.000010 0.000010 0.000010 0.000010 0.000010 0.000010 0.000010
0.753498 0.169174 0.069875 0.007392 0.000010 0.000010 0.000010 0.000010 0.000010 0.000010
0.645255 0.118832 0.103269 0.110479 0.000010 0.000010 0.022115 0.000010 0.000010 0.000010
0.000010 0.999908 0.000010 0.000010 0.000010 0.000010 0.000010 0.000012 0.000010 0.000010
0.000010 0.016284 0.000010 0.054689 0.000010 0.687051 0.000010 0.000010 0.000010 0.241916
0.334676 0.660425 0.000010 0.000010 0.004829 0.000010 0.000010 0.000010 0.000010 0.000010
0.000010 0.999910 0.000010 0.000010 0.000010 0.000010 0.000010 0.000010 0.000010 0.000010
0.500132 0.138301 0.000010 0.150937 0.099055 0.087212 0.000010 0.000010 0.024322 0.000010
0.331220 0.662163 0.000010 0.003313 0.003243 0.000010 0.000010 0.000010 0.000010 0.000010
0.828056 0.134972 0.033935 0.000010 0.000010 0.000010 0.000010 0.002977 0.000010 0.000010
0.451676 0.268461 0.169619 0.110184 0.000010 0.000010 0.000010 0.000010 0.000010 0.000010
0.575501 0.297785 0.005240 0.045009 0.000010 0.076415 0.000010 0.000010 0.000010 0.000010
0.484319 0.253003 0.151546 0.111072 0.000010 0.000010 0.000010 0.000010 0.000010 0.000010
0.625126 0.124948 0.045383 0.197131 0.000010 0.000010 0.000010 0.000010 0.000010 0.007363
0.622809 0.088943 0.029961 0.200076 0.039865 0.018306 0.000010 0.000010 0.000010 0.000010
0.585193 0.101427 0.036036 0.153104 0.000010 0.088019 0.000010 0.000010 0.036181 0.000010
0.578255 0.073325 0.034172 0.176968 0.000010 0.106652 0.000010 0.000010 0.030588 0.000010
0.449649 0.288970 0.113944 0.122589 0.024798 0.000010 0.000010 0.000010 0.000010 0.000010
0.448394 0.296933 0.086846 0.112199 0.055578 0.000010 0.000010 0.000010 0.000010 0.000010
0.741818 0.013531 0.010649 0.000010 0.000010 0.202434 0.000010 0.000010 0.000010 0.031518
0.756424 0.025165 0.000010 0.000010 0.000010 0.163704 0.000010 0.000010 0.000010 0.054646
0.105534 0.018334 0.056612 0.000010 0.082773 0.736697 0.000010 0.000010 0.000010 0.000010
0.733296 0.000010 0.000010 0.000010 0.266624 0.000010 0.000010 0.000010 0.000010 0.000010
0.732818 0.000010 0.000010 0.000010 0.267102 0.000010 0.000010 0.000010 0.000010 0.000010
0.744826 0.000010 0.000010 0.000010 0.255094 0.000010 0.000010 0.000010 0.000010 0.000010
0.503151 0.067490 0.083997 0.345302 0.000010 0.000010 0.000010 0.000010 0.000010 0.000010
0.820624 0.024693 0.017379 0.087931 0.000010 0.000010 0.000010 0.049323 0.000010 0.000010
0.599048 0.029693 0.006867 0.039657 0.000010 0.047839 0.000010 0.224208 0.000010 0.052657
0.811852 0.031321 0.000010 0.016666 0.000010 0.140100 0.000010 0.000010 0.000010 0.000010
0.853500 0.000010 0.029462 0.009304 0.000010 0.107674 0.000010 0.000010 0.000010 0.000010
0.391440 0.194086 0.061466 0.256682 0.000010 0.000010 0.000010 0.000010 0.000010 0.096276
0.428387 0.409291 0.050149 0.112113 0.000010 0.000010 0.000010 0.000010 0.000010 0.000010
0.326799 0.071601 0.000010 0.190388 0.001101 0.234307 0.000010 0.000010 0.000010 0.175764
0.576567 0.274385 0.046357 0.096926 0.000010 0.000010 0.005715 0.000010 0.000010 0.000010
0.625853 0.198668 0.000010 0.155174 0.000010 0.000010 0.000010 0.020245 0.000010 0.000010
0.558378 0.206740 0.002593 0.102194 0.000010 0.000010 0.000010 0.020963 0.000010 0.109092
0.535352 0.258005 0.018646 0.187937 0.000010 0.000010 0.000010 0.000010 0.000010 0.000010
0.531081 0.255222 0.024427 0.189211 0.000010 0.000010 0.000010 0.000010 0.000010 0.000010
0.710405 0.095762 0.019494 0.110894 0.000010 0.000010 0.000010 0.000010 0.000010 0.063395
0.546256 0.290473 0.000010 0.146484 0.000010 0.000010 0.016728 0.000010 0.000010 0.000010
0.525900 0.075650 0.110548 0.172311 0.067533 0.048019 0.000010 0.000010 0.000010 0.000010
0.999909 0.000010 0.000011 0.000010 0.000010 0.000010 0.000010 0.000010 0.000010 0.000010
0.515181 0.090911 0.049928 0.253152 0.000010 0.074772 0.004003 0.012024 0.000010 0.000010
0.661839 0.152210 0.081660 0.000010 0.000010 0.095775 0.008465 0.000010 0.000010 0.000010
0.406384 0.095446 0.006124 0.296668 0.000010 0.072411 0.010473 0.082348 0.000010 0.030124
0.739927 0.192738 0.067265 0.000010 0.000010 0.000010 0.000010 0.000010 0.000010 0.000010
0.552080 0.095636 0.034132 0.238781 0.000010 0.000010 0.020039 0.000010 0.005176 0.054125
0.982021 0.000010 0.017899 0.000010 0.000010 0.000010 0.000010 0.000010 0.000010 0.000010
0.904199 0.000010 0.000010 0.000010 0.000010 0.000010 0.000010 0.037731 0.000010 0.057999
0.625879 0.084600 0.050952 0.225316 0.000010 0.000010 0.000010 0.006212 0.000010 0.007001
0.443107 0.442684 0.004868 0.102002 0.007289 0.000010 0.000010 0.000010 0.000010 0.000010
0.610914 0.189284 0.000010 0.162746 0.000010 0.000010 0.000010 0.036996 0.000010 0.000010
0.548306 0.208385 0.115998 0.102509 0.000010 0.000010 0.000010 0.000010 0.024751 0.000010
0.481904 0.449135 0.008513 0.059241 0.000010 0.000010 0.000010 0.000010 0.001158 0.000010
0.711357 0.125516 0.107149 0.055917 0.000010 0.000010 0.000010 0.000010 0.000010 0.000010
0.454786 0.468539 0.000230 0.076385 0.000010 0.000010 0.000010 0.000010 0.000010 0.000010
0.621042 0.123914 0.234399 0.004095 0.009018 0.000010 0.000010 0.000010 0.004104 0.003398
0.637233 0.147282 0.000010 0.001719 0.000010 0.211513 0.000010 0.000010 0.002204 0.000010
0.839529 0.075272 0.029711 0.037132 0.000010 0.000010 0.018305 0.000010 0.000010 0.000010
0.517699 0.187981 0.000010 0.188020 0.000010 0.106240 0.000010 0.000010 0.000010 0.000010
0.829980 0.144034 0.010943 0.000010 0.000010 0.000010 0.014984 0.000010 0.000010 0.000010
0.000010 0.000010 0.000010 0.000010 0.000010 0.000010 0.428302 0.000010 0.571618 0.000010
0.733536 0.000010 0.000010 0.180808 0.085586 0.000010 0.000010 0.000010 0.000010 0.000010
0.463541 0.288833 0.039298 0.131266 0.000010 0.041044 0.000010 0.000010 0.000010 0.035978
0.494094 0.211968 0.044585 0.249293 0.000010 0.000010 0.000010 0.000010 0.000010 0.000010
0.818310 0.108207 0.000010 0.005731 0.000010 0.000010 0.000010 0.000010 0.000010 0.067692
0.532956 0.006059 0.000010 0.156420 0.000010 0.304504 0.000010 0.000010 0.000010 0.000010
0.524595 0.289330 0.000010 0.114889 0.000010 0.000010 0.000010 0.000010 0.000010 0.071126
0.569070 0.258354 0.056983 0.031023 0.000010 0.000010 0.000010 0.008977 0.000010 0.075553
0.529389 0.222466 0.037027 0.094848 0.000010 0.007323 0.000010 0.000010 0.000010 0.108907
0.438347 0.170173 0.035405 0.225113 0.000010 0.000010 0.000010 0.000010 0.000010 0.130911
0.369604 0.337322 0.000010 0.120753 0.000010 0.172262 0.000010 0.000010 0.000010 0.000010
0.545592 0.106901 0.000010 0.251684 0.000010 0.000010 0.000010 0.000010 0.000010 0.095764
0.542950 0.278946 0.077239 0.008023 0.067768 0.000010 0.000010 0.024807 0.000010 0.000236
0.547810 0.161585 0.050809 0.172451 0.067294 0.000010 0.000010 0.000010 0.000010 0.000010
0.392172 0.217409 0.002844 0.384875 0.000010 0.000010 0.000010 0.000010 0.000010 0.002650
0.687760 0.228265 0.044112 0.039803 0.000010 0.000010 0.000010 0.000010 0.000010 0.000010
0.123347 0.000010 0.111696 0.000010 0.000010 0.764887 0.000010 0.000010 0.000010 0.000010
0.000010 0.095498 0.000010 0.000010 0.904422 0.000010 0.000010 0.000010 0.000010 0.000010
0.198684 0.000010 0.000010 0.000010 0.452626 0.175277 0.015256 0.000010 0.000010 0.158108
0.000010 0.095526 0.000010 0.000010 0.904394 0.000010 0.000010 0.000010 0.000010 0.000010
0.000010 0.096053 0.000010 0.000010 0.903867 0.000010 0.000010 0.000010 0.000010 0.000010
0.000010 0.065350 0.003564 0.006426 0.724130 0.076965 0.000010 0.000010 0.015772 0.107764
0.093297 0.351137 0.037734 0.000010 0.509291 0.000010 0.000010 0.000010 0.008491 0.000010
0.000010 0.000010 0.085894 0.021004 0.807025 0.000010 0.000010 0.000010 0.010861 0.075166
0.000010 0.000010 0.084730 0.016446 0.812240 0.000010 0.000010 0.000010 0.013013 0.073521
