0.355625 0.000010 0.340799 0.122437 0.169865 0.011265
0.139600 0.000010 0.546919 0.118237 0.195224 0.000010
0.000010 0.000010 0.999950 0.000010 0.000010 0.000010
0.000010 0.000010 0.999950 0.000010 0.000010 0.000010
0.000010 0.000010 0.999950 0.000010 0.000010 0.000010
0.000010 0.000010 0.999950 0.000010 0.000010 0.000010
0.000010 0.000010 0.999950 0.000010 0.000010 0.000010
0.038188 0.119789 0.680332 0.026959 0.134722 0.000010
0.088129 0.223382 0.688459 0.000010 0.000010 0.000010
0.078786 0.227285 0.693899 0.000010 0.000010 0.000010
0.035866 0.178313 0.736828 0.048973 0.000010 0.000010
0.000010 0.000010 0.999950 0.000010 0.000010 0.000010
0.000010 0.000010 0.982751 0.000010 0.017209 0.000010
0.000010 0.000010 0.999950 0.000010 0.000010 0.000010
0.000010 0.000010 0.999950 0.000010 0.000010 0.000010
0.000010 0.000010 0.999950 0.000010 0.000010 0.000010
0.000010 0.000010 0.999950 0.000010 0.000010 0.000010
0.085557 0.000010 0.786904 0.000010 0.127509 0.000010
0.187645 0.017245 0.650094 0.036863 0.108143 0.000010
0.000010 0.005717 0.994243 0.000010 0.000010 0.000010
0.000010 0.000010 0.999950 0.000010 0.000010 0.000010
0.000010 0.000010 0.999950 0.000010 0.000010 0.000010
0.000010 0.000010 0.999950 0.000010 0.000010 0.000010
0.000010 0.000010 0.999950 0.000010 0.000010 0.000010
0.087277 0.224623 0.688070 0.000010 0.000010 0.000010
0.282655 0.000010 0.456667 0.065977 0.194681 0.000010
0.265636 0.107195 0.496223 0.093953 0.036982 0.000010
0.306713 0.000010 0.693247 0.000010 0.000010 0.000010
0.000010 0.000010 0.767125 0.044751 0.188094 0.000010
0.000010 0.150465 0.849495 0.000010 0.000010 0.000010
0.000010 0.141140 0.858820 0.000010 0.000010 0.000010
0.111544 0.000010 0.563500 0.000010 0.324926 0.000010
0.000010 0.166340 0.833620 0.000010 0.000010 0.000010
0.175376 0.000010 0.589028 0.098479 0.137097 0.000010
0.136588 0.000010 0.618875 0.057573 0.186944 0.000010
0.294970 0.000010 0.704990 0.000010 0.000010 0.000010
0.041980 0.000010 0.904168 0.053821 0.000010 0.000010
0.000010 0.120967 0.878993 0.000010 0.000010 0.000010
0.000010 0.103295 0.896665 0.000010 0.000010 0.000010
0.000010 0.109285 0.890675 0.000010 0.000010 0.000010
0.000010 0.109808 0.890152 0.000010 0.000010 0.000010
0.295735 0.042487 0.603266 0.000010 0.000010 0.058492
0.268937 0.035636 0.655036 0.040370 0.000010 0.000010
0.251875 0.040476 0.523392 0.020397 0.163850 0.000010
0.195198 0.000010 0.764679 0.013510 0.000010 0.026593
0.000010 0.112153 0.887807 0.000010 0.000010 0.000010
0.000010 0.000010 0.682727 0.000010 0.317233 0.000010
0.103192 0.749609 0.039173 0.108006 0.000010 0.000010
0.999950 0.000010 0.000010 0.000010 0.000010 0.000010
0.999950 0.000010 0.000010 0.000010 0.000010 0.000010
0.338387 0.089527 0.435007 0.046966 0.071709 0.018404
0.718033 0.000010 0.237256 0.044681 0.000010 0.000010
0.700615 0.000010 0.243252 0.056103 0.000010 0.000010
0.722770 0.000010 0.222011 0.055189 0.000010 0.000010
0.711257 0.000010 0.239653 0.049060 0.000010 0.000010
0.999950 0.000010 0.000010 0.000010 0.000010 0.000010
0.999950 0.000010 0.000010 0.000010 0.000010 0.000010
0.999950 0.000010 0.000010 0.000010 0.000010 0.000010
0.566642 0.000010 0.168505 0.120545 0.144288 0.000010
0.999950 0.000010 0.000010 0.000010 0.000010 0.000010
0.999950 0.000010 0.000010 0.000010 0.000010 0.000010
0.999950 0.000010 0.000010 0.000010 0.000010 0.000010
0.000010 0.000010 0.000010 0.000010 0.999950 0.000010
0.000010 0.000010 0.000010 0.000010 0.999950 0.000010
0.000010 0.000010 0.000010 0.000010 0.999950 0.000010
0.000010 0.000010 0.000010 0.000010 0.999950 0.000010
0.000010 0.000010 0.000010 0.000010 0.999950 0.000010
0.000010 0.000010 0.000010 0.000010 0.999950 0.000010
0.415162 0.126453 0.291248 0.011395 0.155732 0.000010
0.000010 0.000010 0.000010 0.000010 0.999950 0.000010
0.000010 0.000010 0.000010 0.000010 0.999950 0.000010
0.999950 0.000010 0.000010 0.000010 0.000010 0.000010
0.999950 0.000010 0.000010 0.000010 0.000010 0.000010
0.479593 0.152365 0.257778 0.000010 0.097616 0.012638
0.821737 0.000010 0.114959 0.048018 0.000010 0.015266
0.997805 0.000010 0.000010 0.000010 0.000010 0.002155
0.999950 0.000010 0.000010 0.000010 0.000010 0.000010
0.999950 0.000010 0.000010 0.000010 0.000010 0.000010
0.999950 0.000010 0.000010 0.000010 0.000010 0.000010
0.999950 0.000010 0.000010 0.000010 0.000010 0.000010
0.999950 0.000010 0.000010 0.000010 0.000010 0.000010
0.999950 0.000010 0.000010 0.000010 0.000010 0.000010
0.999950 0.000010 0.000010 0.000010 0.000010 0.000010
0.997586 0.000010 0.002374 0.000010 0.000010 0.000010
0.518009 0.000010 0.306157 0.076599 0.099215 0.000010
0.558297 0.032742 0.293312 0.049724 0.065915 0.000010
0.999950 0.000010 0.000010 0.000010 0.000010 0.000010
0.999950 0.000010 0.000010 0.000010 0.000010 0.000010
0.999950 0.000010 0.000010 0.000010 0.000010 0.000010
0.999950 0.000010 0.000010 0.000010 0.000010 0.000010
0.993161 0.006799 0.000010 0.000010 0.000010 0.000010
0.000010 0.000010 0.000010 0.000010 0.000010 0.999950
0.631568 0.000010 0.203843 0.095080 0.060488 0.009010
0.604252 0.000010 0.227360 0.100181 0.058153 0.010045
0.359344 0.192340 0.232439 0.021928 0.193939 0.000010
0.501523 0.006046 0.177033 0.209273 0.106115 0.000010
0.493255 0.000010 0.211164 0.203271 0.077954 0.014345
0.517581 0.000010 0.236866 0.032811 0.203475 0.009257
0.270584 0.286880 0.183382 0.046206 0.212937 0.000010
0.000010 0.000010 0.000010 0.000010 0.000010 0.999950
0.753736 0.159095 0.000010 0.000010 0.087139 0.000010
0.585918 0.108731 0.020657 0.132641 0.152043 0.000010
0.617540 0.023279 0.046626 0.184126 0.125986 0.002443
0.598947 0.092485 0.032945 0.132042 0.143571 0.000010
0.000010 0.000010 0.000010 0.029794 0.000010 0.970166
0.615525 0.000010 0.184139 0.084767 0.102539 0.013020
0.000010 0.000012 0.000010 0.000010 0.000010 0.999948
0.046179 0.000010 0.569195 0.085833 0.298773 0.000010
0.000010 0.000010 0.000010 0.000010 0.000010 0.999950
0.000010 0.000010 0.000010 0.000010 0.000010 0.999950
0.548965 0.061873 0.289094 0.079627 0.000065 0.020376
0.489685 0.109515 0.298491 0.071285 0.013907 0.017118
0.000010 0.000010 0.000010 0.000010 0.000010 0.999950
0.000010 0.000010 0.000010 0.000010 0.000010 0.999950
0.999949 0.000010 0.000011 0.000010 0.000010 0.000010
0.999950 0.000010 0.000010 0.000010 0.000010 0.000010
0.021778 0.000010 0.000010 0.000010 0.000010 0.978182
0.999950 0.000010 0.000010 0.000010 0.000010 0.000010
0.999950 0.000010 0.000010 0.000010 0.000010 0.000010
0.999950 0.000010 0.000010 0.000010 0.000010 0.000010
0.999950 0.000010 0.000010 0.000010 0.000010 0.000010
0.999950 0.000010 0.000010 0.000010 0.000010 0.000010
0.999950 0.000010 0.000010 0.000010 0.000010 0.000010
0.999950 0.000010 0.000010 0.000010 0.000010 0.000010
0.999950 0.000010 0.000010 0.000010 0.000010 0.000010
0.999950 0.000010 0.000010 0.000010 0.000010 0.000010
0.999950 0.000010 0.000010 0.000010 0.000010 0.000010
0.999950 0.000010 0.000010 0.000010 0.000010 0.000010
0.999950 0.000010 0.000010 0.000010 0.000010 0.000010
0.999950 0.000010 0.000010 0.000010 0.000010 0.000010
0.520501 0.214859 0.245445 0.019176 0.000010 0.000010
0.513208 0.185460 0.287379 0.013934 0.000010 0.000010
0.442919 0.235542 0.310341 0.000010 0.011178 0.000010
0.637323 0.000010 0.282654 0.079992 0.000010 0.000010
0.629127 0.000010 0.290440 0.076955 0.003459 0.000010
0.000010 0.753386 0.000010 0.246574 0.000010 0.000010
0.028931 0.628318 0.231779 0.070105 0.000010 0.040857
0.033857 0.777915 0.100303 0.087904 0.000010 0.000010
0.005258 0.665996 0.000010 0.175122 0.153604 0.000010
0.000010 0.554662 0.000010 0.443956 0.000010 0.001352
0.000010 0.577054 0.000010 0.422207 0.000010 0.000709
0.000010 0.553374 0.000010 0.446586 0.000010 0.000010
0.135032 0.713059 0.000010 0.140092 0.000010 0.011796
0.000010 0.845187 0.000010 0.135628 0.000010 0.019155
0.000010 0.845092 0.000010 0.154868 0.000010 0.000010
0.000010 0.747547 0.000010 0.108759 0.143664 0.000010
0.000010 0.000010 0.000010 0.000010 0.000010 0.999950
0.000010 0.893694 0.000010 0.106266 0.000010 0.000010
0.147331 0.660129 0.096527 0.029159 0.066844 0.000010
0.000010 0.632602 0.000010 0.367358 0.000010 0.000010
0.000010 0.672685 0.000010 0.327275 0.000010 0.000010
0.000010 0.563517 0.000010 0.436443 0.000010 0.000010
0.000010 0.767217 0.094326 0.138426 0.000010 0.000010
0.000010 0.606093 0.000010 0.393867 0.000010 0.000010
0.000010 0.762195 0.000010 0.237765 0.000010 0.000010
0.000010 0.758826 0.000010 0.241134 0.000010 0.000010
0.000010 0.767962 0.000010 0.231998 0.000010 0.000010
0.000010 0.757969 0.000010 0.241991 0.000010 0.000010
0.000010 0.950443 0.000010 0.049517 0.000010 0.000010
0.000010 0.952193 0.000010 0.047767 0.000010 0.000010
0.000010 0.948229 0.000010 0.051731 0.000010 0.000010
0.000010 0.073291 0.726711 0.094351 0.105628 0.000010
0.158013 0.663178 0.000010 0.178779 0.000010 0.000010
0.000010 0.000010 0.000010 0.000010 0.000010 0.999950
0.000010 0.999950 0.000010 0.000010 0.000010 0.000010
0.000010 0.999950 0.000010 0.000010 0.000010 0.000010
0.000010 0.999950 0.000010 0.000010 0.000010 0.000010
0.000010 0.811243 0.000010 0.174036 0.000010 0.014691
0.000010 0.422270 0.000010 0.577690 0.000010 0.000010
0.000010 0.405203 0.000010 0.594757 0.000010 0.000010
0.000010 0.420121 0.000010 0.579839 0.000010 0.000010
0.000010 0.412303 0.000010 0.587657 0.000010 0.000010
0.108360 0.889311 0.000010 0.002299 0.000010 0.000010
0.092408 0.907552 0.000010 0.000010 0.000010 0.000010
0.000010 0.695433 0.026622 0.130652 0.119351 0.027932
0.000010 0.000010 0.000010 0.000010 0.000010 0.999950
0.000010 0.776266 0.059710 0.151596 0.000010 0.012408
0.000010 0.000010 0.000010 0.000010 0.000010 0.999950
0.037970 0.652925 0.000010 0.257325 0.051760 0.000010
0.000010 0.000010 0.000010 0.000010 0.000010 0.999950
0.091377 0.722826 0.000010 0.139564 0.046214 0.000010
0.089417 0.721406 0.000010 0.143981 0.045176 0.000010
0.000010 0.686168 0.000010 0.313792 0.000010 0.000010
0.000010 0.000010 0.000010 0.999950 0.000010 0.000010
0.000010 0.000010 0.000010 0.999950 0.000010 0.000010
0.000010 0.000010 0.000010 0.999950 0.000010 0.000010
0.000010 0.000010 0.000010 0.999950 0.000010 0.000010
0.000010 0.000010 0.000010 0.999950 0.000010 0.000010
0.000010 0.000010 0.000010 0.000010 0.000010 0.999950
0.000010 0.000010 0.000010 0.000010 0.000010 0.999950
0.000010 0.000010 0.000010 0.000010 0.000010 0.999950
0.000010 0.000010 0.000010 0.000010 0.000010 0.999950
0.000010 0.000010 0.000010 0.000010 0.000010 0.999950
0.000010 0.000010 0.000010 0.000010 0.000010 0.999950
0.000010 0.000010 0.000010 0.000010 0.000010 0.999950
0.090873 0.669858 0.000010 0.232938 0.000010 0.006310
0.000010 0.712831 0.012432 0.274707 0.000010 0.000010
0.083515 0.021233 0.241314 0.114704 0.539224 0.000010
0.206405 0.000010 0.000010 0.031649 0.733738 0.028188
0.092223 0.099853 0.232691 0.008834 0.566389 0.000010
0.161002 0.000010 0.000010 0.011374 0.823219 0.004385
0.051453 0.000010 0.215921 0.000010 0.683062 0.049545
0.000010 0.252826 0.137490 0.031892 0.577772 0.000010
0.025225 0.770823 0.000010 0.203922 0.000010 0.000010
0.000010 0.000010 0.000010 0.000010 0.000010 0.999950
0.000010 0.705855 0.069373 0.224742 0.000010 0.000010
0.026311 0.807026 0.000010 0.122867 0.019789 0.023997
0.092236 0.851523 0.000010 0.056211 0.000010 0.000010
0.100621 0.828113 0.000010 0.071236 0.000010 0.000010
0.000010 0.000010 0.000014 0.000010 0.000010 0.999946
0.000010 0.847826 0.000010 0.116205 0.035939 0.000010
0.007435 0.648611 0.000010 0.343923 0.000010 0.000010
0.000010 0.744386 0.000010 0.255574 0.000010 0.000010
0.129156 0.587565 0.000010 0.203137 0.080122 0.000010
0.000010 0.673041 0.000010 0.326919 0.000010 0.000010
0.000010 0.791579 0.151212 0.057179 0.000010 0.000010
0.000010 0.719864 0.138230 0.093656 0.048230 0.000010
0.000010 0.781210 0.000010 0.218750 0.000010 0.000010
0.000010 0.000010 0.000010 0.999950 0.000010 0.000010
0.048530 0.700309 0.138164 0.112977 0.000010 0.000010
0.017812 0.804285 0.150432 0.027450 0.000010 0.000010
0.000010 0.000010 0.000010 0.000010 0.000010 0.999950
0.000010 0.059843 0.003068 0.937059 0.000010 0.000010
0.000010 0.000010 0.000010 0.999950 0.000010 0.000010
0.000010 0.706405 0.071429 0.222136 0.000010 0.000010
0.000010 0.976366 0.000010 0.023594 0.000010 0.000010
0.000010 0.000010 0.000010 0.999950 0.000010 0.000010
0.000010 0.000010 0.000010 0.999950 0.000010 0.000010
0.000010 0.000010 0.000010 0.999950 0.000010 0.000010
0.000010 0.828709 0.000010 0.171251 0.000010 0.000010
0.000010 0.844121 0.000010 0.155839 0.000010 0.000010
0.000010 0.000010 0.000010 0.999950 0.000010 0.000010
0.000010 0.000010 0.000010 0.999950 0.000010 0.000010
0.000010 0.000010 0.000010 0.999950 0.000010 0.000010
0.042156 0.584493 0.072142 0.277856 0.010452 0.012900
0.000010 0.804707 0.000010 0.195253 0.000010 0.000010
0.084232 0.777085 0.000010 0.138652 0.000010 0.000010
0.088219 0.773792 0.000010 0.137959 0.000010 0.000010
0.087791 0.763920 0.000010 0.148259 0.000010 0.000010
0.000010 0.778084 0.000010 0.221876 0.000010 0.000010
0.000010 0.784948 0.000010 0.215012 0.000010 0.000010
0.000010 0.804126 0.000010 0.195834 0.000010 0.000010
0.000010 0.770955 0.000010 0.229005 0.000010 0.000010
0.000010 0.601538 0.000010 0.293357 0.105075 0.000010
0.000010 0.608871 0.000010 0.290874 0.100225 0.000010
0.134849 0.228708 0.000010 0.636413 0.000010 0.000010
0.067919 0.801682 0.000010 0.130370 0.000010 0.000010
0.073805 0.795549 0.000010 0.130616 0.000010 0.000010
0.150422 0.209016 0.000010 0.640532 0.000010 0.000010
0.000323 0.733197 0.108881 0.157578 0.000010 0.000010
0.087582 0.887986 0.000010 0.024402 0.000010 0.000010
0.047447 0.939629 0.000010 0.012894 0.000010 0.000010
0.000010 0.387739 0.000010 0.611921 0.000010 0.000310
0.088093 0.911867 0.000010 0.000010 0.000010 0.000010
0.000010 0.669661 0.000010 0.223001 0.107308 0.000010
0.000010 0.540601 0.000010 0.304645 0.140066 0.014668
0.000010 0.552103 0.000010 0.316157 0.116252 0.015468
0.000010 0.665277 0.000010 0.226572 0.108122 0.000010
0.000010 0.557775 0.000010 0.312660 0.111109 0.018436
0.000010 0.713670 0.020689 0.173039 0.092581 0.000010
0.000010 0.000010 0.000010 0.000010 0.000010 0.999950
0.000010 0.000010 0.000010 0.000010 0.000010 0.999950
0.000010 0.000010 0.000010 0.000010 0.000010 0.999950
0.060884 0.670049 0.168180 0.083078 0.017798 0.000010
0.000010 0.000010 0.000010 0.000010 0.000010 0.999950
0.000010 0.908877 0.000010 0.091083 0.000010 0.000010
0.000010 0.821353 0.023365 0.144203 0.000010 0.011059
0.000010 0.000010 0.000010 0.000010 0.000010 0.999950
0.000010 0.000010 0.000010 0.000010 0.000010 0.999950
0.000010 0.000010 0.000010 0.000010 0.000010 0.999950
0.000010 0.821393 0.000010 0.178567 0.000010 0.000010
0.000010 0.000010 0.000010 0.000010 0.000010 0.999950
0.000010 0.000010 0.999950 0.000010 0.000010 0.000010
0.000010 0.000010 0.000010 0.000010 0.000010 0.999950
0.000010 0.000010 0.000010 0.000010 0.000010 0.999950
0.000010 0.000010 0.000010 0.000010 0.000010 0.999950
0.134108 0.020376 0.511793 0.177438 0.156274 0.000010
0.215471 0.000010 0.748541 0.035957 0.000010 0.000010
0.219356 0.106438 0.581682 0.087807 0.004708 0.000010
0.221476 0.000010 0.743505 0.034989 0.000010 0.000010
0.167018 0.000010 0.773427 0.059525 0.000010 0.000010
0.000010 0.000010 0.000010 0.016041 0.000010 0.983919
0.000010 0.745336 0.085104 0.169530 0.000010 0.000010
0.174786 0.153970 0.658958 0.000010 0.000010 0.012266
0.000010 0.041355 0.797198 0.161417 0.000010 0.000010
0.224265 0.036566 0.295174 0.103616 0.340369 0.000010
0.198053 0.116063 0.474955 0.113276 0.069241 0.028412
0.231931 0.183516 0.432714 0.000010 0.151818 0.000010
0.393656 0.000010 0.594299 0.000010 0.012015 0.000010
0.226159 0.184785 0.474474 0.114562 0.000010 0.000010
0.344501 0.085599 0.501590 0.026557 0.000010 0.041743
0.183958 0.040533 0.608387 0.024911 0.142200 0.000010
0.257543 0.000010 0.603646 0.014974 0.103122 0.020705
0.193118 0.038978 0.550094 0.000010 0.217790 0.000010
0.137923 0.000010 0.557080 0.000010 0.282456 0.022521
0.033788 0.185230 0.644708 0.037639 0.098625 0.000010
0.134917 0.000010 0.779895 0.000010 0.085158 0.000010
0.096279 0.000010 0.903681 0.000010 0.000010 0.000010
0.079209 0.000010 0.920751 0.000010 0.000010 0.000010
0.197764 0.093939 0.607790 0.091525 0.008971 0.000010
0.116912 0.000010 0.778470 0.104588 0.000010 0.000010
0.028085 0.104369 0.534774 0.124476 0.208286 0.000010
0.000010 0.000010 0.961617 0.000010 0.038343 0.000010
0.087278 0.017416 0.758765 0.000010 0.105857 0.030675
0.235204 0.123176 0.638019 0.000010 0.003581 0.000010
0.000010 0.000010 0.961422 0.000010 0.038538 0.000010
0.000010 0.055166 0.000010 0.000010 0.002586 0.942218
0.115752 0.120506 0.628718 0.061561 0.073452 0.000010
0.057513 0.093645 0.646562 0.079863 0.122407 0.000010
0.224127 0.000010 0.549756 0.068455 0.148672 0.008981
0.201082 0.037165 0.600174 0.075790 0.085779 0.000010
0.000010 0.000010 0.000010 0.000010 0.000010 0.999950
0.146209 0.011066 0.842695 0.000010 0.000010 0.000010
0.161102 0.000569 0.838298 0.000010 0.000010 0.000010
0.041904 0.000010 0.000010 0.000010 0.000010 0.958056
0.229879 0.000010 0.593288 0.176803 0.000010 0.000010
0.149453 0.024647 0.825871 0.000010 0.000010 0.000010
0.105983 0.055546 0.838238 0.000010 0.000010 0.000213
0.000010 0.000010 0.999950 0.000010 0.000010 0.000010
0.293414 0.124509 0.582047 0.000010 0.000010 0.000010
0.147383 0.284724 0.341274 0.012791 0.213818 0.000010
0.000010 0.000010 0.999950 0.000010 0.000010 0.000010
0.181903 0.000010 0.706283 0.073494 0.038300 0.000010
0.135396 0.133967 0.452303 0.088610 0.189715 0.000010
0.135155 0.098356 0.668340 0.000010 0.098128 0.000010
0.259902 0.066657 0.633781 0.039640 0.000010 0.000010
0.161984 0.051465 0.740924 0.026932 0.000010 0.018685
0.261466 0.000010 0.423863 0.206781 0.107870 0.000010
0.107566 0.102105 0.720353 0.000010 0.053578 0.016388
0.180695 0.000010 0.322704 0.137521 0.346093 0.012977
0.187340 0.108047 0.332461 0.000010 0.372132 0.000010
0.000010 0.999950 0.000010 0.000010 0.000010 0.000010
0.000010 0.803318 0.000010 0.196642 0.000010 0.000010
0.000010 0.999950 0.000010 0.000010 0.000010 0.000010
0.000010 0.999950 0.000010 0.000010 0.000010 0.000010
0.032371 0.702917 0.002926 0.203082 0.058694 0.000010
0.000010 0.774863 0.000010 0.225097 0.000010 0.000010
0.096777 0.625445 0.000010 0.186831 0.090928 0.000010
0.000010 0.797542 0.070985 0.000010 0.131443 0.000010
0.008229 0.991731 0.000010 0.000010 0.000010 0.000010
0.000010 0.816293 0.000010 0.183667 0.000010 0.000010
0.118211 0.689010 0.000010 0.192749 0.000010 0.000010
0.000010 0.782958 0.063048 0.153964 0.000010 0.000010
0.053730 0.621931 0.070654 0.182454 0.068538 0.002693
0.000010 0.797128 0.000010 0.202832 0.000010 0.000010
0.000010 0.727792 0.119850 0.060648 0.091690 0.000010
0.000010 0.000010 0.000010 0.000010 0.000010 0.999950
0.000010 0.931243 0.000010 0.068717 0.000010 0.000010
0.000010 0.683390 0.091732 0.224848 0.000010 0.000010
0.000010 0.839557 0.000010 0.119873 0.040541 0.000010
0.000010 0.649417 0.160673 0.189880 0.000010 0.000010
0.000010 0.999950 0.000010 0.000010 0.000010 0.000010
0.000010 0.685810 0.093073 0.122868 0.098229 0.000010
0.000010 0.999950 0.000010 0.000010 0.000010 0.000010
0.000010 0.886541 0.000010 0.113419 0.000010 0.000010
0.000010 0.897090 0.000010 0.102870 0.000010 0.000010
0.000010 0.819727 0.000010 0.180233 0.000010 0.000010
0.000010 0.999950 0.000010 0.000010 0.000010 0.000010
0.000010 0.999950 0.000010 0.000010 0.000010 0.000010
0.000010 0.887452 0.000010 0.112508 0.000010 0.000010
0.000010 0.703339 0.000010 0.277699 0.000010 0.018932
0.000010 0.999950 0.000010 0.000010 0.000010 0.000010
0.274463 0.000010 0.725497 0.000010 0.000010 0.000010
0.013430 0.986530 0.000010 0.000010 0.000010 0.000010
0.000010 0.999950 0.000010 0.000010 0.000010 0.000010
0.000010 0.640860 0.054265 0.170503 0.110969 0.023393
0.000010 0.999950 0.000010 0.000010 0.000010 0.000010
0.000010 0.811060 0.000010 0.188900 0.000010 0.000010
0.000010 0.809563 0.033595 0.156811 0.000010 0.000010
0.000010 0.850933 0.040465 0.108572 0.000010 0.000010
0.000010 0.798324 0.037783 0.163863 0.000010 0.000010
0.000010 0.806099 0.000010 0.193861 0.000010 0.000010
0.000010 0.768192 0.032211 0.199566 0.000010 0.000010
0.000010 0.551520 0.100009 0.327566 0.000010 0.020885
0.000010 0.526862 0.109023 0.348253 0.000010 0.015841
0.000010 0.749144 0.116700 0.128597 0.005539 0.000010
0.002046 0.731468 0.103710 0.123280 0.039487 0.000010
0.063236 0.828971 0.107763 0.000010 0.000010 0.000010
0.072328 0.836459 0.091183 0.000010 0.000010 0.000010
0.072955 0.108490 0.761720 0.000010 0.056815 0.000010
0.000010 0.813914 0.000010 0.000010 0.186046 0.000010
0.000010 0.800235 0.000010 0.000010 0.199725 0.000010
0.000010 0.820575 0.000010 0.000010 0.179385 0.000010
0.068137 0.772257 0.000010 0.159576 0.000010 0.000010
0.000010 0.781419 0.000010 0.218541 0.000010 0.000010
0.143106 0.544851 0.000010 0.312013 0.000010 0.000010
0.000010 0.813303 0.093331 0.093336 0.000010 0.000010
0.000010 0.840989 0.066570 0.092410 0.000010 0.000010
0.143039 0.658281 0.000010 0.198650 0.000010 0.000010
0.000010 0.895547 0.000010 0.104413 0.000010 0.000010
0.180408 0.605103 0.198156 0.000010 0.016313 0.000010
0.000010 0.822525 0.000010 0.177435 0.000010 0.000010
0.000010 0.833460 0.000010 0.104294 0.062216 0.000010
0.087862 0.733982 0.000010 0.178126 0.000010 0.000010
0.000010 0.869280 0.000010 0.130680 0.000010 0.000010
0.000010 0.870912 0.000010 0.129048 0.000010 0.000010
0.059542 0.807905 0.000010 0.132523 0.000010 0.000010
0.000010 0.657727 0.065845 0.276398 0.000010 0.000010
0.000010 0.800394 0.026627 0.128219 0.044741 0.000010
0.000010 0.999950 0.000010 0.000010 0.000010 0.000010
0.000010 0.556156 0.104639 0.336256 0.000010 0.002929
0.000010 0.748909 0.121041 0.130021 0.000010 0.000010
0.138237 0.406339 0.049006 0.395491 0.000010 0.010917
0.000010 0.907134 0.000010 0.092826 0.000010 0.000010
0.006235 0.767653 0.000010 0.198659 0.000010 0.027433
0.000010 0.928138 0.000010 0.071822 0.000010 0.000010
0.063368 0.817127 0.000010 0.119475 0.000010 0.000010
0.000010 0.773894 0.000010 0.226066 0.000010 0.000010
0.000010 0.667764 0.000010 0.332196 0.000010 0.000010
0.000010 0.753295 0.000010 0.209173 0.037502 0.000010
0.000010 0.862953 0.000010 0.112845 0.000010 0.024172
0.000010 0.666194 0.000010 0.333766 0.000010 0.000010
0.000010 0.999950 0.000010 0.000010 0.000010 0.000010
0.000010 0.636050 0.000010 0.363910 0.000010 0.000010
0.112263 0.851197 0.036511 0.000010 0.000010 0.000010
0.000010 0.821799 0.118797 0.051293 0.000010 0.008091
0.000010 0.703222 0.000010 0.255630 0.041119 0.000010
0.000010 0.715850 0.098119 0.186002 0.000010 0.000010
0.000010 0.906259 0.000010 0.087799 0.000010 0.005913
0.000010 0.000010 0.000010 0.000010 0.000010 0.999950
0.000010 0.736937 0.000010 0.187101 0.075931 0.000010
0.016596 0.703173 0.087212 0.192999 0.000010 0.000010
0.000010 0.739751 0.012733 0.247486 0.000010 0.000010
0.007220 0.864054 0.000010 0.128695 0.000010 0.000010
0.000010 0.540802 0.311603 0.147565 0.000010 0.000010
0.021664 0.811090 0.000010 0.167216 0.000010 0.000010
0.104026 0.776525 0.000010 0.119419 0.000010 0.000010
0.093141 0.870452 0.001550 0.034837 0.000010 0.000010
0.101022 0.898938 0.000010 0.000010 0.000010 0.000010
0.000010 0.717813 0.167242 0.114916 0.000010 0.000010
0.079276 0.650261 0.000010 0.270433 0.000010 0.000010
0.116493 0.694631 0.000010 0.107860 0.080996 0.000010
0.000175 0.666586 0.000010 0.245262 0.087958 0.000010
0.000010 0.635288 0.066531 0.298150 0.000010 0.000010
0.000010 0.859091 0.000010 0.140869 0.000010 0.000010
0.167048 0.012954 0.779056 0.040922 0.000010 0.000010
0.000010 0.110058 0.000010 0.000010 0.889902 0.000010
0.051879 0.201587 0.197389 0.043081 0.485572 0.020491
0.000010 0.110078 0.000010 0.000010 0.889882 0.000010
0.000010 0.116986 0.000010 0.000010 0.882974 0.000010
0.105200 0.029824 0.157396 0.076004 0.631050 0.000526
0.043235 0.320257 0.156117 0.036274 0.444107 0.000010
0.067470 0.000010 0.079741 0.071648 0.781121 0.000010
0.052256 0.000010 0.089976 0.076067 0.781681 0.000010
0.000010 0.000010 0.000010 0.097089 0.902871 0.000010
0.000010 0.000010 0.000010 0.000010 0.997945 0.002015
0.000010 0.249600 0.008682 0.060235 0.681463 0.000010
0.000010 0.000010 0.000010 0.000010 0.999950 0.000010
0.037665 0.163846 0.001090 0.036782 0.760608 0.000010
0.000010 0.000010 0.000010 0.000010 0.999950 0.000010
0.226650 0.025422 0.016761 0.002123 0.729034 0.000010
0.127076 0.111033 0.000010 0.000010 0.761861 0.000010
0.165833 0.020170 0.020559 0.029828 0.763601 0.000010
0.000010 0.056915 0.000010 0.077263 0.865792 0.000010
0.000010 0.000010 0.000010 0.000010 0.999950 0.000010
0.000010 0.049071 0.000010 0.072506 0.878393 0.000010
0.059236 0.114274 0.224586 0.000010 0.583198 0.018695
0.000010 0.150069 0.000010 0.017902 0.831999 0.000010
0.000010 0.000010 0.000010 0.000010 0.999950 0.000010
0.000010 0.000011 0.000010 0.000010 0.000010 0.999949
0.000010 0.000010 0.137242 0.136833 0.725895 0.000010
0.065501 0.166671 0.000010 0.039241 0.728567 0.000010
0.000010 0.000010 0.162116 0.131187 0.706668 0.000010
0.063422 0.163109 0.000010 0.000010 0.773440 0.000010
0.000010 0.168802 0.128491 0.105163 0.597524 0.000010
0.000010 0.184790 0.000010 0.000010 0.809225 0.005955
0.070968 0.077923 0.304557 0.000010 0.546533 0.000010
0.000010 0.000010 0.150045 0.082411 0.767514 0.000010
0.079070 0.110534 0.195297 0.150285 0.434935 0.029879
0.066192 0.089470 0.000010 0.053604 0.790714 0.000010
0.000010 0.010406 0.000010 0.172493 0.817071 0.000010
0.073567 0.086496 0.000010 0.052663 0.787254 0.000010
0.000010 0.010345 0.000010 0.168500 0.821126 0.000010
0.097421 0.250807 0.057307 0.049778 0.542719 0.001968
0.088690 0.037572 0.000010 0.089090 0.768220 0.016417
0.000010 0.000010 0.000010 0.000010 0.999950 0.000010
0.000010 0.000010 0.007181 0.000010 0.992779 0.000010
0.110946 0.010489 0.079773 0.000010 0.798772 0.000010
0.000010 0.110572 0.093504 0.000010 0.735611 0.060293
0.157829 0.000010 0.000010 0.156357 0.685784 0.000010
0.000010 0.000010 0.000010 0.000010 0.999950 0.000010
0.000010 0.000010 0.000010 0.000748 0.999212 0.000010
0.000010 0.211270 0.090351 0.084038 0.614322 0.000010
0.110101 0.025332 0.072551 0.000010 0.791996 0.000010
0.109425 0.000010 0.109297 0.000010 0.781248 0.000010
0.000010 0.238326 0.000010 0.088546 0.673098 0.000010
0.000010 0.000010 0.231759 0.000010 0.768201 0.000010
0.000010 0.000010 0.000010 0.000010 0.000010 0.999950
0.050284 0.101498 0.000010 0.000010 0.848188 0.000010
0.062048 0.104646 0.000010 0.008661 0.824625 0.000010
0.000010 0.000010 0.000010 0.003325 0.996635 0.000010
0.000010 0.000010 0.000010 0.000010 0.000010 0.999950
0.093914 0.000010 0.123299 0.000010 0.782757 0.000010
0.086466 0.109957 0.016461 0.091783 0.695323 0.000010
0.075757 0.247016 0.000010 0.000010 0.677197 0.000010
0.019337 0.003336 0.245238 0.229563 0.502517 0.000010
0.079981 0.000010 0.000010 0.029847 0.890143 0.000010
0.158268 0.020755 0.215871 0.036832 0.543313 0.024961
0.235437 0.000010 0.000010 0.000293 0.764240 0.000010
0.000010 0.100705 0.000010 0.000010 0.899255 0.000010
0.000010 0.000010 0.000010 0.035872 0.000010 0.964088
0.000010 0.095088 0.000010 0.000010 0.904872 0.000010
0.000010 0.051139 0.203126 0.043130 0.702586 0.000010
0.046035 0.072947 0.007015 0.000010 0.873984 0.000010
0.081796 0.139441 0.015143 0.000010 0.763128 0.000482
0.124284 0.000010 0.000010 0.048538 0.815908 0.011249
0.061248 0.000010 0.000010 0.068608 0.853792 0.016332
0.000010 0.000010 0.000010 0.000010 0.000010 0.999950
0.000010 0.000010 0.000010 0.000010 0.000010 0.999950
0.176786 0.000010 0.766373 0.056810 0.000010 0.000010
0.000010 0.999950 0.000010 0.000010 0.000010 0.000010
0.000010 0.000010 0.000010 0.000010 0.000010 0.999950
