0.048881 0.000010 0.477555 0.083497 0.076945 0.298253 0.014858
0.043579 0.080830 0.409749 0.172763 0.018222 0.267012 0.007845
0.000010 0.000010 0.999940 0.000010 0.000010 0.000010 0.000010
0.000010 0.000010 0.999940 0.000010 0.000010 0.000010 0.000010
0.000010 0.000010 0.999940 0.000010 0.000010 0.000010 0.000010
0.000010 0.000010 0.999940 0.000010 0.000010 0.000010 0.000010
0.000010 0.000010 0.999940 0.000010 0.000010 0.000010 0.000010
0.000010 0.130506 0.328426 0.135434 0.100657 0.304957 0.000010
0.000010 0.102494 0.667262 0.000010 0.193762 0.036452 0.000010
0.000010 0.105551 0.656670 0.000018 0.199365 0.038376 0.000010
0.000010 0.325584 0.468051 0.130454 0.075881 0.000010 0.000010
0.000010 0.126141 0.399842 0.208411 0.000010 0.244747 0.020839
0.000010 0.118721 0.390627 0.186975 0.000010 0.284290 0.019367
0.000010 0.723567 0.000010 0.250781 0.000010 0.025612 0.000010
0.000010 0.685355 0.000010 0.280864 0.000010 0.033741 0.000010
0.000010 0.691444 0.000010 0.268931 0.000010 0.039585 0.000010
0.000010 0.683922 0.000010 0.316028 0.000010 0.000010 0.000010
0.000010 0.130853 0.588403 0.011610 0.000010 0.269105 0.000010
0.000010 0.163119 0.605449 0.000010 0.000010 0.231392 0.000010
0.000010 0.702045 0.000010 0.260213 0.000010 0.037702 0.000010
0.000010 0.697101 0.000010 0.263770 0.000010 0.039089 0.000010
0.000010 0.114352 0.454469 0.428699 0.000010 0.000010 0.002450
0.000010 0.127942 0.602390 0.269627 0.000010 0.000010 0.000010
0.000010 0.110988 0.633534 0.255438 0.000010 0.000010 0.000010
0.000010 0.103151 0.666376 0.000010 0.194051 0.036392 0.000010
0.071120 0.023772 0.517747 0.134668 0.014741 0.237941 0.000010
0.023949 0.159265 0.597492 0.000010 0.080412 0.138862 0.000010
0.012273 0.038353 0.949334 0.000010 0.000010 0.000010 0.000010
0.014311 0.000010 0.418237 0.289578 0.031982 0.245872 0.000010
0.000010 0.327185 0.484218 0.033255 0.000010 0.155312 0.000010
0.000010 0.314358 0.502674 0.024507 0.000010 0.158431 0.000010
0.000010 0.095478 0.263303 0.164214 0.000010 0.476976 0.000010
0.003377 0.288063 0.519515 0.010454 0.000010 0.178571 0.000010
0.021318 0.214847 0.391658 0.062225 0.002310 0.307633 0.000010
0.055457 0.000010 0.584410 0.070983 0.054483 0.234647 0.000010
0.008473 0.074991 0.916496 0.000010 0.000010 0.000010 0.000010
0.000010 0.000010 0.746805 0.032793 0.063330 0.157041 0.000010
0.000010 0.025980 0.777528 0.000010 0.101987 0.094476 0.000010
0.000010 0.291386 0.689294 0.000010 0.000010 0.019280 0.000010
0.000010 0.343981 0.638875 0.000010 0.000010 0.017103 0.000010
0.000010 0.343622 0.651198 0.000010 0.000010 0.005141 0.000010
0.000010 0.000010 0.759105 0.111869 0.068413 0.000010 0.060584
0.007086 0.163216 0.630597 0.077993 0.121089 0.000010 0.000010
0.040964 0.094163 0.496641 0.140110 0.000010 0.228103 0.000010
0.023295 0.009453 0.655124 0.083005 0.044482 0.164187 0.020454
0.000010 0.012344 0.791085 0.000010 0.100374 0.096166 0.000010
0.000010 0.139833 0.344211 0.000010 0.000010 0.515917 0.000010
0.018076 0.641921 0.045868 0.000010 0.261113 0.033003 0.000010
0.000010 0.000010 0.000010 0.999940 0.000010 0.000010 0.000010
0.000010 0.000010 0.000010 0.999940 0.000010 0.000010 0.000010
0.090955 0.147461 0.484030 0.136810 0.000010 0.120755 0.019978
0.000010 0.000010 0.802159 0.000010 0.197791 0.000010 0.000010
0.000010 0.000010 0.786599 0.000010 0.213351 0.000010 0.000010
0.000010 0.000010 0.793256 0.000010 0.206694 0.000010 0.000010
0.000010 0.000010 0.801821 0.000010 0.198129 0.000010 0.000010
0.000010 0.000010 0.000010 0.999940 0.000010 0.000010 0.000010
0.000010 0.000010 0.000010 0.999940 0.000010 0.000010 0.000010
0.000010 0.000010 0.843474 0.000010 0.156476 0.000010 0.000010
0.124173 0.000010 0.698992 0.000010 0.000010 0.176795 0.000010
0.000010 0.000010 0.820194 0.000010 0.179756 0.000010 0.000010
0.000010 0.000010 0.796553 0.000010 0.203397 0.000010 0.000010
0.000010 0.000010 0.000010 0.999940 0.000010 0.000010 0.000010
0.000010 0.000010 0.000010 0.999940 0.000010 0.000010 0.000010
0.000010 0.000010 0.000010 0.999940 0.000010 0.000010 0.000010
0.000010 0.000010 0.000010 0.999940 0.000010 0.000010 0.000010
0.000010 0.000010 0.000010 0.999940 0.000010 0.000010 0.000010
0.000010 0.000010 0.000010 0.999940 0.000010 0.000010 0.000010
0.000010 0.000010 0.000010 0.999940 0.000010 0.000010 0.000010
0.000010 0.214338 0.480082 0.044280 0.036449 0.224831 0.000010
0.000010 0.000010 0.000010 0.999940 0.000010 0.000010 0.000010
0.000010 0.000010 0.000010 0.999940 0.000010 0.000010 0.000010
0.000010 0.000010 0.000010 0.999940 0.000010 0.000010 0.000010
0.000010 0.000010 0.000010 0.999940 0.000010 0.000010 0.000010
0.000010 0.232408 0.543424 0.176264 0.000010 0.047874 0.000010
0.062609 0.010001 0.785408 0.007833 0.119922 0.000010 0.014217
0.000010 0.057617 0.894404 0.000010 0.021139 0.000010 0.026810
0.003091 0.000010 0.996859 0.000010 0.000010 0.000010 0.000010
0.000010 0.000010 0.999940 0.000010 0.000010 0.000010 0.000010
0.000010 0.000010 0.999940 0.000010 0.000010 0.000010 0.000010
0.000010 0.000010 0.999940 0.000010 0.000010 0.000010 0.000010
0.000010 0.000010 0.999940 0.000010 0.000010 0.000010 0.000010
0.000010 0.000010 0.999940 0.000010 0.000010 0.000010 0.000010
0.000010 0.000010 0.842904 0.000010 0.000010 0.138220 0.018836
0.000010 0.000010 0.846329 0.000010 0.003180 0.131269 0.019193
0.067802 0.000010 0.742066 0.000010 0.084138 0.105964 0.000010
0.043513 0.000010 0.763498 0.000010 0.095928 0.097031 0.000010
0.045871 0.107850 0.846240 0.000010 0.000010 0.000010 0.000010
0.038658 0.099728 0.861574 0.000010 0.000010 0.000010 0.000010
0.045770 0.110947 0.843243 0.000010 0.000010 0.000010 0.000010
0.032372 0.096027 0.871561 0.000010 0.000010 0.000010 0.000010
0.041647 0.117912 0.840402 0.000010 0.000010 0.000010 0.000010
0.000010 0.000012 0.000010 0.000010 0.000010 0.000010 0.999938
0.110549 0.000010 0.791231 0.000010 0.053128 0.045061 0.000010
0.108898 0.000010 0.780410 0.000010 0.054459 0.056202 0.000010
0.000010 0.127992 0.418528 0.066614 0.154887 0.231959 0.000010
0.174802 0.000010 0.587064 0.004416 0.107307 0.126391 0.000010
0.221731 0.000010 0.619803 0.000010 0.044485 0.107817 0.006144
0.052243 0.000010 0.401614 0.306361 0.000010 0.211121 0.028641
0.000010 0.202039 0.312674 0.065367 0.182346 0.237553 0.000010
0.000010 0.000010 0.000010 0.000010 0.000010 0.000010 0.999940
0.000010 0.088615 0.405714 0.250280 0.163331 0.092040 0.000010
0.083747 0.097616 0.534755 0.000010 0.135405 0.148457 0.000010
0.134756 0.000010 0.601921 0.000010 0.154878 0.108416 0.000010
0.096305 0.055091 0.579298 0.000010 0.127863 0.141423 0.000010
0.021070 0.000010 0.000010 0.000010 0.011950 0.000010 0.966940
0.008521 0.000010 0.549573 0.147650 0.114903 0.145382 0.033961
0.000010 0.000010 0.000010 0.000010 0.000010 0.000010 0.999940
0.000010 0.092430 0.244044 0.205701 0.000010 0.457796 0.000010
0.000010 0.000010 0.000010 0.000010 0.000010 0.000010 0.999940
0.000010 0.000010 0.000010 0.000010 0.000010 0.000010 0.999940
0.024068 0.000010 0.669110 0.000010 0.290083 0.000010 0.016708
0.024692 0.000010 0.656036 0.000870 0.303324 0.000010 0.015058
0.000010 0.000010 0.000010 0.000010 0.000010 0.000010 0.999940
0.000010 0.000010 0.000010 0.000010 0.000010 0.000010 0.999940
0.000010 0.000010 0.320882 0.478505 0.200573 0.000010 0.000010
0.000010 0.000010 0.466158 0.251254 0.282548 0.000010 0.000010
0.000010 0.000010 0.018516 0.000010 0.000010 0.000010 0.981434
0.000010 0.000010 0.431977 0.273039 0.294943 0.000010 0.000010
0.000010 0.000010 0.463396 0.270593 0.265970 0.000010 0.000010
0.000010 0.000010 0.459015 0.269438 0.271507 0.000010 0.000010
0.000010 0.000010 0.851322 0.000010 0.148628 0.000010 0.000010
0.000010 0.000010 0.837600 0.005742 0.156617 0.000010 0.000010
0.000010 0.000010 0.854588 0.000010 0.145362 0.000010 0.000010
0.000010 0.000010 0.855196 0.000010 0.144754 0.000010 0.000010
0.063379 0.000010 0.936571 0.000010 0.000010 0.000010 0.000010
0.071533 0.000010 0.928417 0.000010 0.000010 0.000010 0.000010
0.066025 0.000010 0.933925 0.000010 0.000010 0.000010 0.000010
0.068764 0.000010 0.931186 0.000010 0.000010 0.000010 0.000010
0.059462 0.000010 0.940488 0.000010 0.000010 0.000010 0.000010
0.032930 0.000010 0.967020 0.000010 0.000010 0.000010 0.000010
0.000010 0.037405 0.568392 0.138591 0.255582 0.000010 0.000010
0.000010 0.065258 0.530017 0.165165 0.239531 0.000010 0.000010
0.000010 0.065910 0.544730 0.134561 0.254769 0.000010 0.000010
0.041444 0.000010 0.624094 0.000010 0.088438 0.245993 0.000010
0.036011 0.000010 0.612410 0.010595 0.094417 0.246546 0.000010
0.152870 0.623710 0.000010 0.000010 0.223380 0.000010 0.000010
0.059889 0.544294 0.239384 0.006992 0.117331 0.000010 0.032100
0.123196 0.618122 0.053820 0.050660 0.154182 0.000010 0.000010
0.096142 0.578795 0.056391 0.020463 0.172223 0.075976 0.000010
0.139635 0.421659 0.000010 0.000010 0.436863 0.000010 0.001813
0.128105 0.450564 0.000010 0.000010 0.419984 0.000010 0.001318
0.129374 0.451192 0.000010 0.000010 0.419394 0.000010 0.000010
0.111450 0.579030 0.039778 0.044193 0.218460 0.000010 0.007079
0.206811 0.659308 0.000010 0.000010 0.132837 0.000010 0.001014
0.235830 0.665986 0.000010 0.000010 0.098144 0.000010 0.000010
0.107780 0.548594 0.000010 0.000010 0.179147 0.164449 0.000010
0.000010 0.000010 0.000010 0.000010 0.000010 0.000010 0.999940
0.081839 0.730288 0.000010 0.000013 0.187830 0.000010 0.000010
0.013181 0.536414 0.190279 0.000010 0.190681 0.069424 0.000010
0.145539 0.102895 0.049953 0.000010 0.701584 0.000010 0.000010
0.145783 0.124715 0.048258 0.000010 0.681213 0.000010 0.000010
0.179872 0.068121 0.076429 0.000010 0.675548 0.000010 0.000010
0.081237 0.748965 0.000010 0.023979 0.145789 0.000010 0.000010
0.212325 0.020720 0.000010 0.000010 0.766914 0.000010 0.000010
0.219861 0.706190 0.000010 0.000010 0.073910 0.000010 0.000010
0.094096 0.578481 0.000010 0.000010 0.327383 0.000010 0.000010
0.093222 0.576863 0.000010 0.000010 0.329875 0.000010 0.000010
0.102777 0.584738 0.000010 0.000010 0.312445 0.000010 0.000010
0.010666 0.580811 0.000010 0.000010 0.408483 0.000010 0.000010
0.000010 0.586150 0.000010 0.000010 0.413800 0.000010 0.000010
0.000010 0.576574 0.000010 0.000010 0.423376 0.000010 0.000010
0.000010 0.149950 0.396830 0.117032 0.109941 0.226227 0.000010
0.040760 0.470297 0.174835 0.000010 0.314078 0.000010 0.000010
0.000010 0.000010 0.000010 0.000010 0.000010 0.000010 0.999940
0.000010 0.572481 0.000010 0.000010 0.427469 0.000010 0.000010
0.000010 0.558049 0.000010 0.000010 0.441901 0.000010 0.000010
0.000010 0.572782 0.000010 0.000010 0.427168 0.000010 0.000010
0.098673 0.567872 0.000010 0.000010 0.317778 0.000010 0.015647
0.612605 0.387345 0.000010 0.000010 0.000010 0.000010 0.000010
0.633814 0.366136 0.000010 0.000010 0.000010 0.000010 0.000010
0.612160 0.387790 0.000010 0.000010 0.000010 0.000010 0.000010
0.621818 0.378132 0.000010 0.000010 0.000010 0.000010 0.000010
0.000010 0.743897 0.020344 0.000010 0.235719 0.000010 0.000010
0.000010 0.765001 0.000010 0.000010 0.234949 0.000010 0.000010
0.084486 0.667659 0.000010 0.037884 0.049005 0.131871 0.029085
0.000010 0.000010 0.000010 0.000010 0.000010 0.000010 0.999940
0.158899 0.612096 0.000010 0.000010 0.209410 0.007062 0.012514
0.000010 0.000010 0.000010 0.000010 0.000010 0.000010 0.999940
0.220396 0.478524 0.000010 0.000010 0.285255 0.015795 0.000010
0.000010 0.000010 0.000010 0.000010 0.000010 0.000010 0.999940
0.128570 0.541904 0.041722 0.026494 0.261290 0.000010 0.000010
0.128913 0.542459 0.038248 0.027598 0.262761 0.000010 0.000010
0.116126 0.168889 0.000010 0.000010 0.714946 0.000010 0.000010
0.000010 0.000010 0.000010 0.000010 0.999940 0.000010 0.000010
0.000010 0.000010 0.000010 0.000010 0.999940 0.000010 0.000010
0.000010 0.000010 0.000010 0.000010 0.999940 0.000010 0.000010
0.000010 0.000010 0.000010 0.000010 0.999940 0.000010 0.000010
0.000010 0.000010 0.000010 0.000010 0.999940 0.000010 0.000010
0.000010 0.000010 0.000010 0.000010 0.000010 0.000010 0.999940
0.000010 0.000010 0.000010 0.000010 0.000010 0.000010 0.999940
0.000010 0.000010 0.000010 0.000010 0.000010 0.000010 0.999940
0.000010 0.000010 0.000010 0.000010 0.000010 0.000010 0.999940
0.000010 0.000010 0.000010 0.000010 0.000010 0.000010 0.999940
0.000010 0.000010 0.000010 0.000010 0.000010 0.000010 0.999940
0.000010 0.000010 0.000010 0.000010 0.000010 0.000010 0.999940
0.253550 0.695558 0.000010 0.000010 0.046016 0.000010 0.004846
0.018072 0.583757 0.000010 0.000010 0.398131 0.000010 0.000010
0.053698 0.057295 0.055608 0.071988 0.095063 0.666338 0.000010
0.012162 0.000010 0.000010 0.018784 0.070306 0.868614 0.030113
0.065810 0.118370 0.238948 0.000010 0.000010 0.576842 0.000010
0.000010 0.000010 0.000010 0.000010 0.104794 0.885556 0.009610
0.000010 0.004001 0.000010 0.075562 0.004614 0.861403 0.054400
0.000010 0.087926 0.102017 0.000010 0.099875 0.710152 0.000010
0.104270 0.622066 0.000010 0.000010 0.273624 0.000010 0.000010
0.000010 0.000010 0.000010 0.000010 0.000010 0.000010 0.999940
0.168112 0.668058 0.000010 0.000010 0.133889 0.029912 0.000010
0.034263 0.646689 0.000010 0.000010 0.261815 0.034314 0.022900
0.124927 0.769367 0.048831 0.018111 0.038745 0.000010 0.000010
0.104758 0.713219 0.044988 0.049764 0.087251 0.000010 0.000010
0.000010 0.000010 0.000010 0.000010 0.000010 0.000010 0.999940
0.075011 0.676762 0.000010 0.000010 0.193054 0.055143 0.000010
0.200153 0.477243 0.000010 0.081848 0.240727 0.000010 0.000010
0.165526 0.607810 0.000010 0.044380 0.182253 0.000010 0.000010
0.093679 0.533174 0.073153 0.000010 0.178388 0.121587 0.000010
0.267844 0.636425 0.000010 0.000010 0.095691 0.000010 0.000010
0.000010 0.858635 0.009868 0.016883 0.054753 0.059842 0.000010
0.006652 0.801514 0.000010 0.027899 0.031920 0.131995 0.000010
0.156529 0.599515 0.000010 0.000010 0.243916 0.000010 0.000010
0.000010 0.000010 0.000010 0.000010 0.999940 0.000010 0.000010
0.096617 0.724635 0.155539 0.000010 0.023178 0.000010 0.000010
0.004641 0.612943 0.034285 0.066429 0.281682 0.000010 0.000010
0.000010 0.000010 0.000010 0.000010 0.000010 0.000010 0.999940
0.835959 0.132045 0.000010 0.000010 0.031956 0.000010 0.000010
0.825977 0.121619 0.000010 0.000010 0.052364 0.000010 0.000010
0.102199 0.579176 0.000010 0.000010 0.318585 0.000010 0.000010
0.003579 0.788544 0.000010 0.000010 0.182780 0.025066 0.000010
0.999933 0.000010 0.000017 0.000010 0.000010 0.000010 0.000010
0.999940 0.000010 0.000010 0.000010 0.000010 0.000010 0.000010
0.999940 0.000010 0.000010 0.000010 0.000010 0.000010 0.000010
0.004567 0.834685 0.000010 0.000010 0.160707 0.000010 0.000010
0.000010 0.840323 0.000010 0.000010 0.159627 0.000010 0.000010
0.999940 0.000010 0.000010 0.000010 0.000010 0.000010 0.000010
0.999940 0.000010 0.000010 0.000010 0.000010 0.000010 0.000010
0.999940 0.000010 0.000010 0.000010 0.000010 0.000010 0.000010
0.132474 0.417592 0.115981 0.000010 0.331680 0.000010 0.002253
0.100924 0.830031 0.000010 0.000010 0.069005 0.000010 0.000010
0.203553 0.788067 0.000010 0.000010 0.008340 0.000010 0.000010
0.202030 0.788140 0.000010 0.000010 0.009790 0.000010 0.000010
0.211666 0.788234 0.000010 0.000010 0.000061 0.000010 0.000010
0.133567 0.834587 0.000010 0.000010 0.031806 0.000010 0.000010
0.127593 0.834193 0.000010 0.000010 0.038174 0.000010 0.000010
0.203230 0.764164 0.000010 0.000010 0.032567 0.000010 0.000010
0.162289 0.794655 0.000010 0.000010 0.043016 0.000010 0.000010
0.101718 0.460506 0.000010 0.000010 0.288372 0.149374 0.000010
0.104240 0.469008 0.000010 0.000010 0.283227 0.143496 0.000010
0.597211 0.214794 0.032314 0.000010 0.155652 0.000010 0.000010
0.239439 0.642066 0.000010 0.000010 0.118455 0.000010 0.000010
0.248679 0.638623 0.000010 0.000010 0.112657 0.000010 0.000010
0.579777 0.185981 0.061969 0.016226 0.156027 0.000010 0.000010
0.096674 0.607362 0.049664 0.040065 0.206214 0.000010 0.000010
0.059013 0.686665 0.005999 0.000010 0.248293 0.000010 0.000010
0.000010 0.708175 0.000010 0.000010 0.291775 0.000010 0.000010
0.585381 0.344313 0.000010 0.000010 0.070267 0.000010 0.000010
0.028757 0.713283 0.002610 0.000010 0.255320 0.000010 0.000010
0.443584 0.556366 0.000010 0.000010 0.000010 0.000010 0.000010
0.330476 0.361401 0.000010 0.000010 0.238463 0.069630 0.000010
0.345620 0.404765 0.000010 0.000010 0.205314 0.044272 0.000010
0.427452 0.572498 0.000010 0.000010 0.000010 0.000010 0.000010
0.386219 0.424899 0.000010 0.000010 0.151923 0.035228 0.001711
0.175361 0.667727 0.000010 0.000010 0.057392 0.099490 0.000010
0.000010 0.000010 0.000010 0.000010 0.000010 0.000010 0.999940
0.000010 0.000010 0.000011 0.000010 0.000010 0.000010 0.999939
0.000010 0.000010 0.000010 0.000010 0.000010 0.000010 0.999940
0.015336 0.625944 0.119147 0.000010 0.171652 0.067901 0.000010
0.000010 0.000010 0.000010 0.000010 0.000010 0.000010 0.999940
0.037287 0.687579 0.000010 0.024539 0.250565 0.000010 0.000010
0.052621 0.795140 0.000010 0.000010 0.144136 0.000010 0.008072
0.000010 0.000010 0.000010 0.000010 0.000010 0.000010 0.999940
0.000010 0.000010 0.000010 0.000010 0.000010 0.000010 0.999940
0.000010 0.000010 0.000010 0.000010 0.000010 0.000010 0.999940
0.144629 0.707307 0.000010 0.000010 0.148024 0.000010 0.000010
0.000010 0.000010 0.000010 0.000010 0.000010 0.000010 0.999940
0.000010 0.000010 0.724350 0.000010 0.000010 0.275600 0.000010
0.000013 0.000010 0.000010 0.000010 0.000010 0.000010 0.999937
0.000010 0.000010 0.000010 0.000010 0.000010 0.000010 0.999940
0.000010 0.000010 0.000010 0.000010 0.000010 0.000010 0.999940
0.135156 0.182745 0.381009 0.088920 0.000010 0.212150 0.000010
0.048987 0.000010 0.950963 0.000010 0.000010 0.000010 0.000010
0.000010 0.093034 0.571034 0.074390 0.176638 0.084885 0.000010
0.048064 0.000010 0.951886 0.000010 0.000010 0.000010 0.000010
0.000010 0.075904 0.767670 0.000010 0.156386 0.000010 0.000010
0.016064 0.000010 0.000010 0.000010 0.000010 0.000010 0.983886
0.109610 0.681124 0.000010 0.000010 0.209226 0.000010 0.000010
0.003719 0.262854 0.730477 0.002920 0.000010 0.000010 0.000010
0.118361 0.127939 0.661168 0.068477 0.024035 0.000010 0.000010
0.087616 0.037371 0.355383 0.029026 0.078590 0.412004 0.000010
0.011358 0.090178 0.552974 0.000010 0.082897 0.228080 0.034503
0.000010 0.002849 0.591695 0.000010 0.198251 0.207175 0.000010
0.000010 0.055304 0.835239 0.004549 0.000010 0.104879 0.000010
0.019614 0.198598 0.552376 0.019586 0.209806 0.000010 0.000010
0.025391 0.150545 0.674139 0.093670 0.000010 0.000528 0.055717
0.000626 0.039786 0.553924 0.129365 0.084580 0.191709 0.000010
0.000010 0.000010 0.688666 0.140773 0.035778 0.113957 0.020806
0.000010 0.156929 0.579518 0.000010 0.000010 0.263513 0.000010
0.000010 0.055135 0.381824 0.169666 0.025099 0.351885 0.016380
0.008730 0.280237 0.645922 0.000010 0.000010 0.065081 0.000010
0.000010 0.000010 0.640437 0.000010 0.000010 0.359513 0.000010
0.000010 0.000010 0.999940 0.000010 0.000010 0.000010 0.000010
0.000010 0.000010 0.999940 0.000010 0.000010 0.000010 0.000010
0.019775 0.177529 0.523874 0.133679 0.013163 0.131969 0.000010
0.104631 0.000010 0.679230 0.000010 0.078608 0.137501 0.000010
0.061761 0.191660 0.322529 0.075202 0.000010 0.348828 0.000010
0.000010 0.000010 0.639447 0.000010 0.000010 0.360503 0.000010
0.000010 0.036687 0.640358 0.093907 0.038159 0.160051 0.030828
0.062187 0.099534 0.604471 0.000010 0.000010 0.220299 0.013489
0.000010 0.000010 0.638723 0.000010 0.000010 0.361227 0.000010
0.000010 0.000010 0.000010 0.000010 0.036862 0.020933 0.942165
0.000010 0.057456 0.473305 0.033061 0.147004 0.289155 0.000010
0.000010 0.085715 0.384119 0.046810 0.140969 0.342367 0.000010
0.000010 0.165041 0.499254 0.045124 0.000010 0.284521 0.006041
0.000010 0.000010 0.600762 0.000010 0.250654 0.148543 0.000010
0.000010 0.000010 0.000010 0.000010 0.000010 0.000010 0.999940
0.000010 0.000010 0.999940 0.000010 0.000010 0.000010 0.000010
0.000010 0.000010 0.999940 0.000010 0.000010 0.000010 0.000010
0.000010 0.000010 0.000010 0.036988 0.000010 0.000010 0.962962
0.055798 0.000010 0.580339 0.086402 0.251639 0.025802 0.000010
0.000010 0.001899 0.998051 0.000010 0.000010 0.000010 0.000010
0.000010 0.020546 0.973315 0.000010 0.000010 0.006100 0.000010
0.000010 0.197159 0.631001 0.047207 0.000835 0.112566 0.011223
0.054409 0.085626 0.716136 0.086105 0.055312 0.000010 0.002400
0.005996 0.235502 0.311646 0.111707 0.128611 0.206529 0.000010
0.039018 0.173800 0.660436 0.000010 0.000010 0.126717 0.000010
0.042500 0.061514 0.746241 0.000010 0.000010 0.149715 0.000010
0.000010 0.252562 0.209538 0.139184 0.052359 0.336827 0.009520
0.000010 0.234061 0.541858 0.018372 0.033673 0.172016 0.000010
0.035226 0.189506 0.670242 0.051052 0.000010 0.043231 0.010733
0.028781 0.001143 0.713299 0.108225 0.125663 0.000010 0.022879
0.154288 0.046081 0.387085 0.086608 0.050824 0.275104 0.000010
0.000010 0.178377 0.586027 0.117427 0.000010 0.101898 0.016251
0.000010 0.000010 0.464659 0.000010 0.120458 0.414844 0.000010
0.056504 0.076212 0.335513 0.092462 0.000010 0.439289 0.000010
0.000010 0.999940 0.000010 0.000010 0.000010 0.000010 0.000010
0.160009 0.637736 0.000010 0.000010 0.202215 0.000010 0.000010
0.000010 0.999940 0.000010 0.000010 0.000010 0.000010 0.000010
0.000010 0.999940 0.000010 0.000010 0.000010 0.000010 0.000010
0.222968 0.540189 0.000010 0.000010 0.189389 0.047424 0.000010
0.115286 0.667848 0.000010 0.000010 0.216827 0.000010 0.000010
0.060559 0.474665 0.000877 0.000010 0.331249 0.132630 0.000010
0.000010 0.617217 0.000010 0.000010 0.193129 0.189614 0.000010
0.000010 0.827543 0.000010 0.020236 0.152181 0.000010 0.000010
0.131467 0.721293 0.000010 0.000010 0.147200 0.000010 0.000010
0.090750 0.547369 0.040107 0.086082 0.235671 0.000010 0.000010
0.087752 0.721095 0.000010 0.000010 0.191113 0.000010 0.000010
0.120524 0.450408 0.000010 0.026716 0.245760 0.155905 0.000676
0.189595 0.680742 0.000010 0.000010 0.129623 0.000010 0.000010
0.000010 0.610963 0.000010 0.034268 0.183092 0.171647 0.000010
0.000010 0.000010 0.000010 0.000010 0.000010 0.000010 0.999940
0.144857 0.791233 0.000010 0.000010 0.063870 0.000010 0.000010
0.073853 0.539398 0.007993 0.000010 0.319069 0.059667 0.000010
0.089001 0.747643 0.000010 0.000010 0.119069 0.044258 0.000010
0.134703 0.568841 0.099930 0.018447 0.178059 0.000010 0.000010
0.000010 0.999940 0.000010 0.000010 0.000010 0.000010 0.000010
0.000010 0.631207 0.000010 0.000010 0.210498 0.158255 0.000010
0.000010 0.999940 0.000010 0.000010 0.000010 0.000010 0.000010
0.011349 0.743043 0.000010 0.000010 0.245568 0.000010 0.000010
0.001539 0.747536 0.000010 0.000010 0.250885 0.000010 0.000010
0.132476 0.683604 0.000010 0.000010 0.183880 0.000010 0.000010
0.000010 0.999940 0.000010 0.000010 0.000010 0.000010 0.000010
0.000010 0.999940 0.000010 0.000010 0.000010 0.000010 0.000010
0.045048 0.718535 0.000010 0.000010 0.236377 0.000010 0.000010
0.092211 0.466167 0.000010 0.000010 0.413895 0.000010 0.027697
0.000010 0.999940 0.000010 0.000010 0.000010 0.000010 0.000010
0.000010 0.045005 0.954945 0.000010 0.000010 0.000010 0.000010
0.003179 0.872388 0.000010 0.000010 0.124393 0.000010 0.000010
0.000010 0.999940 0.000010 0.000010 0.000010 0.000010 0.000010
0.046586 0.471371 0.017659 0.000010 0.312764 0.128616 0.022994
0.000010 0.881902 0.000010 0.000010 0.110279 0.007778 0.000010
0.030089 0.655672 0.000010 0.000010 0.314200 0.000010 0.000010
0.033197 0.642688 0.010281 0.000010 0.313803 0.000010 0.000010
0.038770 0.748629 0.039372 0.000010 0.173199 0.000010 0.000010
0.046055 0.622138 0.025359 0.000010 0.306418 0.000010 0.000010
0.125606 0.545040 0.000010 0.000010 0.329315 0.000010 0.000010
0.173044 0.580569 0.028281 0.000010 0.205458 0.012628 0.000010
0.082386 0.390234 0.032269 0.000010 0.453051 0.000010 0.042040
0.116899 0.371875 0.047436 0.000010 0.423615 0.002710 0.037456
0.157353 0.733056 0.000010 0.099474 0.000010 0.010087 0.000010
0.154749 0.720292 0.000010 0.088303 0.000010 0.036626 0.000010
0.000010 0.518463 0.129237 0.000010 0.352260 0.000010 0.000010
0.000010 0.518044 0.119036 0.000010 0.362880 0.000010 0.000010
0.000010 0.169976 0.575076 0.045299 0.000010 0.209619 0.000010
0.000010 0.501259 0.000010 0.000010 0.313754 0.184948 0.000010
0.000010 0.491656 0.000010 0.000010 0.314684 0.193620 0.000010
0.000010 0.511244 0.000010 0.000010 0.314528 0.174188 0.000010
0.157320 0.521555 0.098575 0.000010 0.222520 0.000010 0.000010
0.094142 0.575048 0.000010 0.000010 0.330771 0.000010 0.000010
0.013813 0.415489 0.160984 0.019947 0.389747 0.000010 0.000010
0.067882 0.592043 0.085640 0.000010 0.254405 0.000010 0.000010
0.063959 0.571917 0.078303 0.000010 0.285791 0.000010 0.000010
0.199996 0.605016 0.081468 0.000014 0.113487 0.000010 0.000010
0.067066 0.756844 0.000010 0.000010 0.176050 0.000010 0.000010
0.000010 0.465937 0.287461 0.000010 0.205443 0.041128 0.000010
0.075466 0.676679 0.000010 0.000010 0.247815 0.000010 0.000010
0.062187 0.685869 0.000010 0.029307 0.222607 0.000010 0.000010
0.030837 0.680810 0.000010 0.071731 0.216592 0.000010 0.000010
0.156744 0.588546 0.000010 0.000010 0.254670 0.000010 0.000010
0.151210 0.591350 0.000010 0.000010 0.257400 0.000010 0.000010
0.048474 0.661750 0.000010 0.044137 0.245609 0.000010 0.000010
0.110573 0.697855 0.000010 0.000010 0.143785 0.047717 0.000050
0.077317 0.657996 0.000010 0.000010 0.157677 0.106980 0.000010
0.000010 0.678183 0.000010 0.000010 0.321767 0.000010 0.000010
0.234727 0.534121 0.069637 0.000010 0.161485 0.000010 0.000010
0.073262 0.763752 0.073050 0.000010 0.000010 0.089906 0.000010
0.175015 0.340470 0.194692 0.000010 0.289793 0.000010 0.000010
0.000010 0.732188 0.000010 0.000010 0.267762 0.000010 0.000010
0.080868 0.536137 0.000010 0.049157 0.309270 0.000010 0.024549
0.000010 0.683627 0.000010 0.000010 0.316323 0.000010 0.000010
0.021439 0.598975 0.000010 0.050670 0.328887 0.000010 0.000010
0.145866 0.469770 0.000010 0.034006 0.350328 0.000010 0.000010
0.222019 0.659386 0.000010 0.000010 0.118556 0.000010 0.000010
0.125443 0.573372 0.000010 0.000011 0.257923 0.043231 0.000010
0.047782 0.675427 0.000010 0.068328 0.182710 0.000010 0.025733
0.210445 0.675305 0.000010 0.000010 0.114210 0.000010 0.000010
0.064750 0.904420 0.000010 0.030790 0.000010 0.000010 0.000010
0.251102 0.636155 0.000010 0.000010 0.112703 0.000010 0.000010
0.054957 0.773614 0.156516 0.000010 0.000010 0.014883 0.000010
0.000010 0.673176 0.054288 0.000010 0.269681 0.000010 0.002825
0.061644 0.511869 0.000010 0.000010 0.389615 0.028587 0.008265
0.065777 0.486838 0.092434 0.000010 0.354921 0.000010 0.000010
0.072696 0.759050 0.000010 0.000010 0.161932 0.000010 0.006291
0.000010 0.000010 0.000010 0.000010 0.000010 0.000010 0.999940
0.039719 0.489100 0.000010 0.000010 0.395011 0.076141 0.000010
0.085775 0.705852 0.050194 0.000010 0.158149 0.000010 0.000010
0.111568 0.625511 0.000010 0.000010 0.262881 0.000010 0.000010
0.000010 0.726864 0.000010 0.000010 0.273086 0.000010 0.000010
0.075574 0.511524 0.191180 0.000010 0.221692 0.000010 0.000010
0.084036 0.784340 0.000010 0.000010 0.131584 0.000010 0.000010
0.074640 0.614131 0.000010 0.056317 0.254881 0.000010 0.000010
0.020972 0.759170 0.066713 0.000010 0.153115 0.000010 0.000010
0.000010 0.792395 0.094152 0.000010 0.113413 0.000010 0.000010
0.075585 0.711467 0.136361 0.000010 0.076557 0.000010 0.000010
0.179656 0.557898 0.030062 0.000010 0.232354 0.000010 0.000010
0.086675 0.661791 0.093417 0.000010 0.087190 0.070906 0.000010
0.136136 0.586581 0.000010 0.000010 0.212289 0.064964 0.000010
0.185759 0.495849 0.042099 0.000010 0.276263 0.000010 0.000010
0.048671 0.736881 0.000010 0.000010 0.214408 0.000010 0.000010
0.000010 0.071343 0.768701 0.000010 0.159915 0.000010 0.000010
0.000010 0.075992 0.000010 0.000010 0.000010 0.923958 0.000010
0.000010 0.141536 0.014212 0.000010 0.106467 0.710192 0.027574
0.000010 0.077899 0.000010 0.000010 0.000010 0.922051 0.000010
0.000010 0.083960 0.000010 0.000010 0.000010 0.915990 0.000010
0.000010 0.006492 0.095415 0.000010 0.067037 0.823110 0.007926
0.040395 0.295876 0.054360 0.000010 0.037698 0.571650 0.000010
0.065088 0.000010 0.073097 0.000010 0.000010 0.861775 0.000010
0.063595 0.000010 0.065493 0.000010 0.000010 0.868857 0.002025
0.055876 0.000010 0.000010 0.000010 0.000010 0.944074 0.000010
0.000010 0.000010 0.000010 0.000010 0.000010 0.999940 0.000010
0.043834 0.092561 0.000010 0.000010 0.041059 0.822515 0.000010
0.000010 0.000010 0.000010 0.000010 0.000010 0.999940 0.000010
0.029450 0.018199 0.000010 0.000010 0.032079 0.920242 0.000010
0.000010 0.000010 0.000010 0.000010 0.000010 0.999940 0.000010
0.057439 0.000010 0.063210 0.036637 0.021619 0.821074 0.000010
0.000010 0.136944 0.000010 0.048313 0.000010 0.814703 0.000010
0.000010 0.000010 0.014103 0.000010 0.189847 0.796010 0.000010
0.000010 0.062249 0.000010 0.000010 0.077745 0.859966 0.000010
0.000010 0.000010 0.000010 0.000010 0.195046 0.804904 0.000010
0.000010 0.052938 0.000010 0.000010 0.073860 0.873162 0.000010
0.048081 0.120952 0.125847 0.156378 0.000010 0.542877 0.005855
0.000010 0.000010 0.000010 0.000010 0.040842 0.959108 0.000010
0.000010 0.000010 0.000010 0.000010 0.207210 0.792740 0.000010
0.000010 0.000010 0.000010 0.000010 0.000010 0.000010 0.999940
0.000010 0.000010 0.000010 0.000010 0.063377 0.936573 0.000010
0.000010 0.016205 0.000010 0.000010 0.087892 0.895863 0.000010
0.000010 0.000010 0.000010 0.000010 0.064693 0.935257 0.000010
0.000010 0.000010 0.000010 0.000010 0.047562 0.952388 0.000010
0.048022 0.187155 0.019910 0.118786 0.052999 0.573118 0.000010
0.000010 0.026155 0.000010 0.000010 0.044202 0.919414 0.010199
0.000010 0.000010 0.190188 0.020948 0.123247 0.665587 0.000010
0.000010 0.000010 0.000010 0.000010 0.060278 0.939672 0.000010
0.141125 0.144400 0.103319 0.041618 0.000010 0.537551 0.031977
0.027535 0.111721 0.000010 0.000010 0.035818 0.824897 0.000010
0.122839 0.000010 0.000010 0.000010 0.000010 0.877111 0.000010
0.007880 0.095916 0.000010 0.000010 0.063757 0.832417 0.000010
0.120229 0.000010 0.000010 0.000010 0.000010 0.879721 0.000010
0.034633 0.240247 0.000010 0.147367 0.020738 0.555957 0.001047
0.000010 0.000010 0.000010 0.053094 0.221277 0.725589 0.000010
0.000010 0.000010 0.000010 0.000010 0.000010 0.999940 0.000010
0.000010 0.000010 0.000010 0.000010 0.000010 0.999940 0.000010
0.000010 0.000010 0.000010 0.000010 0.000010 0.999940 0.000010
0.000010 0.056495 0.000010 0.000010 0.036679 0.846161 0.060635
0.000010 0.000010 0.000010 0.000010 0.197021 0.802929 0.000010
0.000010 0.000010 0.000010 0.000010 0.000010 0.999940 0.000010
0.000010 0.000010 0.000010 0.000010 0.000010 0.999940 0.000010
0.115066 0.128032 0.000010 0.000010 0.000010 0.756862 0.000010
0.000010 0.000010 0.000010 0.000010 0.000010 0.999940 0.000010
0.000010 0.000010 0.028217 0.000010 0.000010 0.971733 0.000010
0.062788 0.199335 0.000010 0.000010 0.000010 0.737837 0.000010
0.000010 0.000012 0.000010 0.000010 0.000010 0.999938 0.000010
0.011433 0.000010 0.000010 0.000010 0.000010 0.000010 0.988517
0.010622 0.000010 0.008106 0.000010 0.000010 0.981233 0.000010
0.000010 0.002219 0.000010 0.000010 0.087382 0.910359 0.000010
0.000010 0.000010 0.000010 0.000010 0.000010 0.999940 0.000010
0.000010 0.000010 0.000010 0.000010 0.000010 0.000010 0.999940
0.000010 0.000010 0.077202 0.031264 0.000010 0.891493 0.000010
0.012827 0.000010 0.043848 0.044645 0.139309 0.759351 0.000010
0.004970 0.156194 0.005924 0.000010 0.000010 0.832882 0.000010
0.175338 0.051328 0.108096 0.000010 0.013571 0.651647 0.000010
0.015154 0.058608 0.000010 0.006183 0.000010 0.920025 0.000010
0.000010 0.000010 0.170315 0.000010 0.110968 0.694726 0.023962
0.021945 0.000010 0.151375 0.000010 0.000010 0.826640 0.000010
0.000010 0.000010 0.000010 0.000010 0.044142 0.955808 0.000010
0.000010 0.031802 0.000010 0.000010 0.000010 0.000010 0.968148
0.000010 0.000010 0.000010 0.000010 0.044034 0.955916 0.000010
0.057707 0.120709 0.000010 0.003595 0.000010 0.817959 0.000010
0.000010 0.000010 0.000010 0.028243 0.000010 0.971707 0.000010
0.055480 0.044632 0.000010 0.000010 0.000010 0.886305 0.013553
0.069913 0.000010 0.000010 0.000010 0.000010 0.915501 0.014546
0.062465 0.000010 0.000010 0.000010 0.000010 0.921005 0.016490
0.000010 0.000010 0.000010 0.000010 0.000010 0.000010 0.999940
0.000010 0.000010 0.000010 0.000010 0.000010 0.000010 0.999940
0.000010 0.072509 0.771197 0.000010 0.156254 0.000010 0.000010
0.000010 0.999940 0.000010 0.000010 0.000010 0.000010 0.000010
0.000010 0.000010 0.000010 0.000010 0.000013 0.000010 0.999937
