0.073130 0.229601 0.187338 0.309961 0.000010 0.005833 0.090304 0.103824
0.110236 0.157764 0.253952 0.288003 0.000010 0.000531 0.112835 0.076668
0.000010 0.000010 0.999930 0.000010 0.000010 0.000010 0.000010 0.000010
0.000010 0.000010 0.999930 0.000010 0.000010 0.000010 0.000010 0.000010
0.000010 0.000010 0.999930 0.000010 0.000010 0.000010 0.000010 0.000010
0.000010 0.000010 0.999930 0.000010 0.000010 0.000010 0.000010 0.000010
0.000010 0.000010 0.999930 0.000010 0.000010 0.000010 0.000010 0.000010
0.000010 0.217368 0.337961 0.271781 0.117137 0.000010 0.024145 0.031588
0.000010 0.000010 0.288677 0.481626 0.229647 0.000010 0.000010 0.000010
0.000010 0.000010 0.289305 0.479378 0.231267 0.000010 0.000010 0.000010
0.193267 0.000010 0.446525 0.141978 0.158774 0.000010 0.006316 0.053120
0.000010 0.038827 0.464779 0.496345 0.000010 0.000010 0.000010 0.000010
0.000010 0.126656 0.433257 0.440037 0.000010 0.000010 0.000010 0.000010
0.000010 0.000010 0.999930 0.000010 0.000010 0.000010 0.000010 0.000010
0.000010 0.000010 0.999930 0.000010 0.000010 0.000010 0.000010 0.000010
0.000010 0.000010 0.999930 0.000010 0.000010 0.000010 0.000010 0.000010
0.000010 0.000010 0.999930 0.000010 0.000010 0.000010 0.000010 0.000010
0.000010 0.133849 0.261090 0.605011 0.000010 0.000010 0.000010 0.000010
0.000010 0.137094 0.231383 0.581886 0.015205 0.000010 0.000010 0.034402
0.000010 0.000010 0.999930 0.000010 0.000010 0.000010 0.000010 0.000010
0.000010 0.000010 0.999930 0.000010 0.000010 0.000010 0.000010 0.000010
0.000010 0.000010 0.581412 0.237579 0.000010 0.000010 0.180960 0.000010
0.000010 0.000010 0.521028 0.333526 0.000010 0.000010 0.145396 0.000010
0.000010 0.000010 0.502523 0.348440 0.000010 0.000010 0.148986 0.000010
0.000010 0.000010 0.288746 0.480277 0.230927 0.000010 0.000010 0.000010
0.081871 0.192540 0.094200 0.485176 0.000010 0.000010 0.097314 0.048878
0.033891 0.052837 0.209217 0.426583 0.100586 0.000010 0.107284 0.069591
0.233095 0.000010 0.027188 0.688227 0.000010 0.000010 0.051450 0.000010
0.000010 0.114286 0.380892 0.331008 0.000010 0.000010 0.150108 0.023676
0.000010 0.000010 0.233536 0.559096 0.207318 0.000010 0.000010 0.000010
0.000010 0.000010 0.233012 0.571208 0.195730 0.000010 0.000010 0.000010
0.096242 0.401912 0.246108 0.255698 0.000010 0.000010 0.000010 0.000010
0.000010 0.000010 0.222873 0.561729 0.215348 0.000010 0.000010 0.000010
0.017110 0.190530 0.267791 0.364937 0.014171 0.000010 0.064816 0.080635
0.000010 0.224149 0.112129 0.555577 0.000010 0.000010 0.069944 0.038172
0.229829 0.000010 0.029648 0.688308 0.000010 0.000010 0.052175 0.000010
0.000010 0.000010 0.347900 0.627245 0.000010 0.000010 0.000010 0.024805
0.000010 0.000010 0.163420 0.700928 0.135602 0.000010 0.000010 0.000010
0.023868 0.000010 0.536894 0.409175 0.030024 0.000010 0.000010 0.000010
0.017869 0.000010 0.535804 0.392635 0.053652 0.000010 0.000010 0.000010
0.028866 0.000010 0.529771 0.396486 0.044838 0.000010 0.000010 0.000010
0.058084 0.000010 0.182424 0.495702 0.063663 0.053715 0.146392 0.000010
0.089824 0.000010 0.177467 0.559386 0.088532 0.000010 0.071351 0.013420
0.026603 0.159008 0.179657 0.439845 0.059218 0.000131 0.133067 0.002471
0.004527 0.000010 0.285991 0.602465 0.000010 0.023071 0.079759 0.004167
0.000010 0.000010 0.179941 0.692622 0.127387 0.000010 0.000010 0.000010
0.117234 0.460248 0.381915 0.040563 0.000010 0.000010 0.000010 0.000010
0.052879 0.066362 0.012290 0.072111 0.714335 0.000010 0.000010 0.082003
0.126569 0.000010 0.000010 0.000010 0.000010 0.000010 0.873371 0.000010
0.149723 0.000010 0.000010 0.000010 0.000010 0.000010 0.850217 0.000010
0.080098 0.000010 0.298182 0.262544 0.093753 0.007000 0.229036 0.029378
0.000010 0.000010 0.000010 0.862086 0.000010 0.000010 0.000010 0.137854
0.000010 0.000010 0.000010 0.857615 0.000010 0.000010 0.000010 0.142325
0.000010 0.000010 0.000010 0.855464 0.000010 0.000010 0.000010 0.144476
0.000010 0.000010 0.000010 0.859221 0.000010 0.000010 0.000010 0.140719
0.000010 0.000010 0.000010 0.000010 0.000010 0.000010 0.999930 0.000010
0.000010 0.000010 0.000010 0.000010 0.000010 0.000010 0.999930 0.000010
0.005658 0.000010 0.000010 0.369694 0.000010 0.000010 0.624598 0.000010
0.122299 0.140651 0.089083 0.248736 0.000010 0.000010 0.270243 0.128968
0.008148 0.000010 0.000010 0.377159 0.000010 0.000010 0.614644 0.000010
0.000010 0.000010 0.000010 0.381201 0.012528 0.000010 0.606221 0.000010
0.153538 0.000010 0.000010 0.000010 0.000010 0.000010 0.846402 0.000010
0.000010 0.000010 0.000010 0.000010 0.000010 0.000010 0.999930 0.000010
0.000010 0.000010 0.000010 0.000010 0.000010 0.000010 0.999930 0.000010
0.000010 0.000010 0.000010 0.000010 0.000010 0.000010 0.999930 0.000010
0.000010 0.000010 0.000010 0.000010 0.000010 0.000010 0.999930 0.000010
0.000010 0.000010 0.000010 0.000010 0.000010 0.000010 0.999930 0.000010
0.000010 0.000010 0.000010 0.000010 0.000010 0.000010 0.999930 0.000010
0.278903 0.173941 0.121155 0.299211 0.026770 0.000010 0.085036 0.014974
0.000010 0.000010 0.000010 0.000010 0.000010 0.000010 0.999930 0.000010
0.000010 0.000010 0.000010 0.000010 0.000010 0.000010 0.999930 0.000010
0.000010 0.000010 0.000010 0.000010 0.000010 0.000010 0.999930 0.000010
0.000010 0.000010 0.000010 0.000010 0.000010 0.000010 0.999930 0.000010
0.159835 0.042247 0.003907 0.412886 0.155698 0.000010 0.225408 0.000010
0.198215 0.000010 0.038515 0.387446 0.044216 0.015352 0.311122 0.005124
0.000010 0.000010 0.000010 0.709057 0.106629 0.023428 0.160846 0.000010
0.000010 0.000010 0.000010 0.999930 0.000010 0.000010 0.000010 0.000010
0.000010 0.000010 0.000010 0.999930 0.000010 0.000010 0.000010 0.000010
0.000010 0.000010 0.000010 0.999930 0.000010 0.000010 0.000010 0.000010
0.000010 0.000010 0.000010 0.999930 0.000010 0.000010 0.000010 0.000010
0.000010 0.000010 0.000010 0.999930 0.000010 0.000010 0.000010 0.000010
0.000010 0.000010 0.000010 0.999930 0.000010 0.000010 0.000010 0.000010
0.065543 0.000010 0.000010 0.635915 0.038211 0.017359 0.242942 0.000010
0.048008 0.000010 0.000010 0.639284 0.057556 0.017578 0.237545 0.000010
0.102205 0.111799 0.092923 0.420893 0.007916 0.000010 0.195311 0.068943
0.141225 0.090368 0.081512 0.417115 0.025442 0.000010 0.193603 0.050725
0.999930 0.000010 0.000010 0.000010 0.000010 0.000010 0.000010 0.000010
0.999930 0.000010 0.000010 0.000010 0.000010 0.000010 0.000010 0.000010
0.999930 0.000010 0.000010 0.000010 0.000010 0.000010 0.000010 0.000010
0.999930 0.000010 0.000010 0.000010 0.000010 0.000010 0.000010 0.000010
0.999930 0.000010 0.000010 0.000010 0.000010 0.000010 0.000010 0.000010
0.000010 0.000010 0.000010 0.000010 0.000010 0.999930 0.000010 0.000010
0.127335 0.139374 0.115830 0.551160 0.000010 0.000010 0.000010 0.066271
0.120789 0.138954 0.137891 0.535494 0.000010 0.000010 0.000010 0.066843
0.003266 0.189641 0.079405 0.444526 0.180830 0.000010 0.078106 0.024216
0.306497 0.097087 0.000010 0.277228 0.000010 0.000010 0.108551 0.210607
0.345495 0.090242 0.016990 0.312028 0.000010 0.004029 0.019633 0.211574
0.012647 0.119719 0.098172 0.391789 0.000010 0.002268 0.342831 0.032564
0.000010 0.215099 0.000010 0.442527 0.249147 0.000010 0.033551 0.059646
0.000010 0.000010 0.000010 0.000010 0.000010 0.999930 0.000010 0.000010
0.159900 0.106180 0.000010 0.359892 0.069953 0.000010 0.304045 0.000010
0.500087 0.174909 0.000010 0.214817 0.000010 0.000010 0.000010 0.110147
0.475800 0.090003 0.000010 0.288651 0.000010 0.000010 0.000010 0.145507
0.522390 0.150454 0.000010 0.228998 0.000010 0.000010 0.000010 0.098117
0.000010 0.000010 0.000010 0.000010 0.000010 0.969214 0.000010 0.030726
0.277007 0.131354 0.000010 0.255289 0.000010 0.000010 0.300930 0.035390
0.000010 0.000010 0.000010 0.000010 0.000010 0.999930 0.000010 0.000010
0.065037 0.339871 0.261225 0.267784 0.000010 0.000010 0.000010 0.066053
0.000010 0.000010 0.000010 0.000010 0.000010 0.999930 0.000010 0.000010
0.000010 0.000010 0.000010 0.000010 0.000010 0.999930 0.000010 0.000010
0.033939 0.000010 0.065825 0.509374 0.050108 0.015032 0.237143 0.088569
0.012590 0.000010 0.039585 0.503487 0.117918 0.012605 0.233650 0.080154
0.000010 0.000010 0.000010 0.000010 0.000010 0.999930 0.000010 0.000010
0.000010 0.000010 0.000010 0.000010 0.000010 0.999930 0.000010 0.000010
0.000010 0.000010 0.000010 0.000010 0.000010 0.000010 0.999930 0.000010
0.000010 0.000010 0.000010 0.000010 0.000010 0.000010 0.999930 0.000010
0.023305 0.000010 0.000010 0.000010 0.000010 0.976635 0.000010 0.000010
0.000010 0.000010 0.000010 0.000010 0.000010 0.000010 0.999930 0.000010
0.000010 0.000010 0.000010 0.000010 0.000010 0.000010 0.999930 0.000010
0.000010 0.000010 0.000010 0.000010 0.000010 0.000010 0.999930 0.000010
0.000010 0.000010 0.000010 0.475725 0.000010 0.000010 0.524215 0.000010
0.000010 0.001513 0.000010 0.433841 0.000010 0.000010 0.564596 0.000010
0.000010 0.000010 0.000010 0.479396 0.000010 0.000010 0.520544 0.000010
0.000010 0.000010 0.000010 0.480804 0.000010 0.000010 0.519136 0.000010
0.999930 0.000010 0.000010 0.000010 0.000010 0.000010 0.000010 0.000010
0.999930 0.000010 0.000010 0.000010 0.000010 0.000010 0.000010 0.000010
0.999930 0.000010 0.000010 0.000010 0.000010 0.000010 0.000010 0.000010
0.999930 0.000010 0.000010 0.000010 0.000010 0.000010 0.000010 0.000010
0.999930 0.000010 0.000010 0.000010 0.000010 0.000010 0.000010 0.000010
0.999930 0.000010 0.000010 0.000010 0.000010 0.000010 0.000010 0.000010
0.236201 0.000010 0.071016 0.260941 0.161397 0.000010 0.264944 0.005481
0.190745 0.000010 0.064725 0.284744 0.177907 0.000010 0.281849 0.000010
0.197411 0.000010 0.112962 0.275708 0.172595 0.000010 0.241294 0.000010
0.029138 0.069221 0.090524 0.423822 0.000018 0.000010 0.315509 0.071758
0.029262 0.073116 0.092238 0.410394 0.000010 0.000010 0.325253 0.069718
0.000010 0.000010 0.000010 0.000010 0.757599 0.000010 0.000010 0.242341
0.040369 0.000010 0.000010 0.265156 0.629004 0.032977 0.000010 0.032463
0.038968 0.000010 0.052451 0.038626 0.761893 0.000010 0.048168 0.059874
0.068627 0.063136 0.000010 0.068350 0.612024 0.000010 0.026183 0.161660
0.000010 0.000010 0.000010 0.000010 0.589653 0.002121 0.000010 0.408176
0.000010 0.000010 0.000010 0.000010 0.612823 0.001640 0.000010 0.385488
0.000010 0.000010 0.000010 0.000010 0.591169 0.000010 0.000010 0.408771
0.047075 0.000010 0.000010 0.031750 0.707393 0.010943 0.083969 0.118849
0.000010 0.000010 0.000210 0.000010 0.902784 0.009533 0.000010 0.087433
0.000010 0.000010 0.000010 0.000010 0.898738 0.000010 0.000010 0.101202
0.004441 0.075201 0.000010 0.157135 0.735940 0.000010 0.000010 0.027253
0.000010 0.000010 0.000010 0.000010 0.000010 0.999930 0.000010 0.000010
0.031260 0.000010 0.064817 0.000010 0.783782 0.000010 0.029419 0.090693
0.096697 0.066441 0.000010 0.203032 0.633790 0.000010 0.000010 0.000010
0.109689 0.000010 0.000010 0.006018 0.480815 0.000010 0.000010 0.403438
0.108289 0.000010 0.000010 0.008827 0.517455 0.000010 0.000010 0.365390
0.108569 0.000010 0.000010 0.001001 0.424299 0.000010 0.000010 0.466091
0.111770 0.000010 0.079756 0.000010 0.703781 0.000010 0.000010 0.104654
0.066547 0.000010 0.000010 0.010847 0.485569 0.000010 0.000010 0.436997
0.100758 0.000010 0.000010 0.000010 0.711489 0.000010 0.000010 0.187702
0.000010 0.000010 0.000010 0.000010 0.778377 0.000010 0.000010 0.221563
0.000010 0.000010 0.000010 0.000010 0.786512 0.000010 0.000010 0.213428
0.000010 0.000010 0.000010 0.000010 0.775963 0.000010 0.000010 0.223977
0.000010 0.000010 0.000010 0.000010 0.999930 0.000010 0.000010 0.000010
0.000010 0.000010 0.000010 0.000010 0.999930 0.000010 0.000010 0.000010
0.000010 0.000010 0.000010 0.000010 0.999930 0.000010 0.000010 0.000010
0.000010 0.106250 0.354836 0.399789 0.066926 0.000010 0.008875 0.063304
0.184393 0.000010 0.000010 0.002845 0.617944 0.000010 0.000010 0.194777
0.000010 0.000010 0.000010 0.000010 0.000010 0.999930 0.000010 0.000010
0.000010 0.000010 0.003834 0.000010 0.996106 0.000010 0.000010 0.000010
0.000010 0.000010 0.002598 0.000010 0.997342 0.000010 0.000010 0.000010
0.000010 0.000010 0.000010 0.000010 0.999930 0.000010 0.000010 0.000010
0.000010 0.000010 0.000010 0.000010 0.829827 0.014413 0.000010 0.155710
0.232167 0.000010 0.000010 0.000010 0.234495 0.000010 0.000010 0.533288
0.241068 0.000010 0.000010 0.000010 0.205086 0.000010 0.000010 0.553796
0.226590 0.000010 0.000010 0.000010 0.237626 0.000010 0.000010 0.535734
0.226913 0.000010 0.000010 0.000010 0.223551 0.000010 0.000010 0.549486
0.175983 0.000010 0.000010 0.000010 0.823957 0.000010 0.000010 0.000010
0.155679 0.000010 0.000010 0.000010 0.844261 0.000010 0.000010 0.000010
0.049724 0.123684 0.000010 0.013354 0.661405 0.031419 0.021266 0.099138
0.000010 0.000010 0.000010 0.000010 0.000010 0.999930 0.000010 0.000010
0.016881 0.000010 0.075805 0.000010 0.751238 0.013592 0.000010 0.142453
0.000010 0.000010 0.000010 0.000010 0.000010 0.999930 0.000010 0.000010
0.000010 0.017268 0.000010 0.000010 0.674884 0.000010 0.063017 0.244791
0.000010 0.000010 0.000010 0.000010 0.000010 0.999930 0.000010 0.000010
0.000825 0.000010 0.000010 0.000010 0.749242 0.000010 0.142568 0.107324
0.004371 0.000010 0.000010 0.000010 0.744628 0.000010 0.140270 0.110691
0.048452 0.000010 0.000010 0.000010 0.592607 0.000010 0.000010 0.358891
0.000010 0.000010 0.000010 0.000010 0.000010 0.000010 0.000010 0.999930
0.000010 0.000010 0.000010 0.000010 0.000010 0.000010 0.000010 0.999930
0.000010 0.000010 0.000010 0.000010 0.000010 0.000010 0.000010 0.999930
0.000010 0.000010 0.000010 0.000010 0.000010 0.000010 0.000010 0.999930
0.000010 0.000010 0.000010 0.000010 0.000010 0.000010 0.000010 0.999930
0.000010 0.000010 0.000010 0.000010 0.000010 0.999930 0.000010 0.000010
0.000010 0.000010 0.000010 0.000010 0.000010 0.999930 0.000010 0.000010
0.000010 0.000010 0.000010 0.000010 0.000010 0.999930 0.000010 0.000010
0.000010 0.000010 0.000010 0.000010 0.000010 0.999930 0.000010 0.000010
0.000010 0.000010 0.000010 0.000010 0.000010 0.999930 0.000010 0.000010
0.000010 0.000010 0.000010 0.000010 0.000010 0.999930 0.000010 0.000010
0.000010 0.000010 0.000010 0.000010 0.000010 0.999930 0.000010 0.000010
0.053060 0.000010 0.017681 0.026894 0.617807 0.004000 0.060752 0.219796
0.000010 0.006916 0.038010 0.000010 0.678281 0.000010 0.000010 0.276753
0.057755 0.542706 0.153902 0.142521 0.000010 0.000010 0.000010 0.103086
0.035293 0.784261 0.006481 0.000010 0.000010 0.029253 0.114287 0.030406
0.203632 0.586468 0.109549 0.094770 0.000010 0.000010 0.000010 0.005551
0.000010 0.853771 0.000010 0.000010 0.000010 0.000010 0.146169 0.000010
0.095827 0.718167 0.116675 0.000010 0.000010 0.046170 0.023131 0.000010
0.126675 0.665918 0.000010 0.091489 0.115878 0.000010 0.000010 0.000010
0.158118 0.000010 0.000010 0.000010 0.684530 0.000010 0.000010 0.157301
0.000010 0.000010 0.000013 0.000010 0.000010 0.999927 0.000010 0.000010
0.000010 0.000010 0.110431 0.000010 0.701775 0.000010 0.000010 0.187743
0.046214 0.011175 0.000010 0.000010 0.800335 0.027744 0.019807 0.094705
0.099794 0.000010 0.000010 0.000010 0.850429 0.000010 0.049728 0.000010
0.050287 0.000010 0.000010 0.014990 0.812477 0.000010 0.106835 0.015382
0.000010 0.000010 0.000010 0.000010 0.000010 0.999930 0.000010 0.000010
0.000010 0.000010 0.000010 0.108792 0.808455 0.000010 0.000010 0.082703
0.000010 0.000010 0.000010 0.000010 0.646292 0.000010 0.094334 0.259324
0.000010 0.000010 0.002818 0.000010 0.763193 0.000010 0.059895 0.174054
0.000010 0.089618 0.000010 0.063907 0.564259 0.000010 0.086476 0.195710
0.078593 0.000010 0.054812 0.000010 0.603264 0.000010 0.000010 0.263291
0.000010 0.000010 0.036977 0.118145 0.828748 0.000010 0.000010 0.016090
0.000010 0.052574 0.037190 0.090491 0.756865 0.000010 0.000010 0.062850
0.000010 0.000010 0.037814 0.000010 0.786442 0.000010 0.000010 0.175694
0.000010 0.000010 0.000010 0.000010 0.000010 0.000010 0.000010 0.999930
0.069189 0.000010 0.034987 0.115721 0.701384 0.000010 0.024294 0.054405
0.000010 0.000010 0.067136 0.075091 0.797601 0.000010 0.053516 0.006626
0.000010 0.000010 0.000010 0.000010 0.000010 0.999930 0.000010 0.000010
0.117205 0.000010 0.023327 0.000010 0.000010 0.000010 0.000010 0.859418
0.116194 0.000010 0.000010 0.000010 0.000010 0.000010 0.000010 0.883746
0.092374 0.075718 0.000010 0.009535 0.661421 0.000010 0.000010 0.160923
0.083559 0.000010 0.035713 0.000010 0.880678 0.000010 0.000010 0.000010
0.000010 0.000010 0.000010 0.000010 0.000010 0.000010 0.000010 0.999930
0.000010 0.000010 0.000010 0.000010 0.000010 0.000010 0.000010 0.999930
0.000010 0.000010 0.000010 0.000010 0.000010 0.000010 0.000010 0.999930
0.000010 0.000010 0.000010 0.000010 0.835286 0.000010 0.000010 0.164654
0.000010 0.000010 0.000010 0.000010 0.847148 0.000010 0.000010 0.152792
0.000010 0.000010 0.000010 0.000010 0.000010 0.000010 0.000010 0.999930
0.000010 0.000010 0.000010 0.000010 0.000010 0.000010 0.000010 0.999930
0.000010 0.000010 0.000010 0.000010 0.000010 0.000010 0.000010 0.999930
0.049172 0.000010 0.000010 0.134748 0.547991 0.007814 0.000010 0.260246
0.000010 0.000010 0.000010 0.000010 0.836768 0.000010 0.000010 0.163172
0.000010 0.000010 0.000010 0.000010 0.804152 0.000010 0.086053 0.109745
0.000010 0.000010 0.000010 0.000010 0.801503 0.000010 0.089312 0.109135
0.000010 0.000010 0.012878 0.000010 0.784847 0.000010 0.084288 0.117947
0.000010 0.000010 0.066014 0.000010 0.749384 0.000010 0.000010 0.184552
0.040938 0.000010 0.057839 0.000010 0.744062 0.000010 0.000010 0.157121
0.000010 0.000010 0.000010 0.000010 0.870830 0.000010 0.000010 0.129110
0.000010 0.000010 0.000010 0.000010 0.837162 0.000010 0.000010 0.162778
0.117299 0.162290 0.000010 0.000010 0.453522 0.000010 0.000010 0.266850
0.130909 0.152936 0.000010 0.000010 0.450857 0.000010 0.000010 0.265258
0.145717 0.000010 0.000010 0.000010 0.197759 0.000010 0.043079 0.613405
0.058479 0.024052 0.000010 0.032802 0.835210 0.000010 0.000010 0.049426
0.059237 0.010551 0.000010 0.044359 0.830807 0.000010 0.000010 0.055016
0.130054 0.000010 0.000010 0.031879 0.170367 0.000010 0.052096 0.615575
0.019829 0.000010 0.068129 0.034865 0.722379 0.000010 0.022132 0.132646
0.087834 0.000010 0.000010 0.064271 0.837173 0.000010 0.000010 0.010683
0.117673 0.000010 0.011126 0.000010 0.827033 0.000010 0.000010 0.044127
0.000010 0.000010 0.071869 0.000010 0.362586 0.000010 0.000010 0.565495
0.049073 0.000010 0.000010 0.074589 0.876288 0.000010 0.000010 0.000010
0.000010 0.122180 0.000010 0.000010 0.709394 0.000010 0.000010 0.168376
0.132146 0.000010 0.113356 0.000010 0.444852 0.000010 0.000010 0.309606
0.122621 0.007872 0.076142 0.000010 0.476278 0.007970 0.000010 0.309096
0.000010 0.125205 0.000010 0.000010 0.703435 0.000010 0.000010 0.171310
0.135106 0.000010 0.077869 0.000010 0.451705 0.011869 0.000010 0.323421
0.033019 0.134635 0.000010 0.023269 0.655258 0.000010 0.000010 0.153788
0.000010 0.000010 0.000010 0.000010 0.000010 0.999930 0.000010 0.000010
0.000010 0.000010 0.000010 0.000010 0.000010 0.999930 0.000010 0.000010
0.000010 0.000010 0.000010 0.000010 0.000010 0.999930 0.000010 0.000010
0.187618 0.124174 0.047885 0.006887 0.633406 0.000010 0.000010 0.000010
0.000010 0.000010 0.000010 0.000010 0.000010 0.999930 0.000010 0.000010
0.024900 0.000010 0.000010 0.000010 0.914393 0.000010 0.030726 0.029941
0.000010 0.000010 0.055033 0.000010 0.816210 0.017049 0.000010 0.111668
0.000010 0.000010 0.000010 0.000010 0.000010 0.999930 0.000010 0.000010
0.000010 0.000010 0.000010 0.000010 0.000010 0.999930 0.000010 0.000010
0.000010 0.000010 0.000010 0.000010 0.000010 0.999930 0.000010 0.000010
0.000010 0.000010 0.087387 0.000010 0.767963 0.000010 0.000010 0.144599
0.000010 0.000010 0.000010 0.000010 0.000010 0.999930 0.000010 0.000010
0.000010 0.115255 0.096343 0.788352 0.000010 0.000010 0.000010 0.000010
0.000010 0.000010 0.000010 0.000010 0.000010 0.999930 0.000010 0.000010
0.000010 0.000010 0.000010 0.000010 0.000010 0.999930 0.000010 0.000010
0.000010 0.000010 0.000010 0.000010 0.000010 0.999930 0.000010 0.000010
0.149502 0.135529 0.095837 0.437355 0.000010 0.000010 0.031465 0.150292
0.000010 0.000010 0.054438 0.799541 0.000010 0.000010 0.145971 0.000010
0.116649 0.056444 0.221406 0.449506 0.079606 0.000010 0.000010 0.076368
0.000010 0.000010 0.049548 0.800662 0.000010 0.000010 0.149740 0.000010
0.000010 0.000010 0.000010 0.955135 0.044805 0.000010 0.000010 0.000010
0.000010 0.014863 0.000010 0.000010 0.000010 0.985077 0.000010 0.000010
0.000010 0.000010 0.040367 0.066417 0.754236 0.000010 0.000010 0.138940
0.061799 0.000010 0.179022 0.566732 0.145539 0.012437 0.034451 0.000010
0.000010 0.000010 0.284707 0.454170 0.064889 0.000010 0.079004 0.117199
0.058652 0.298306 0.130122 0.253561 0.021038 0.000010 0.146852 0.091459
0.043432 0.147144 0.104231 0.500617 0.078338 0.029909 0.000010 0.096319
0.000010 0.172534 0.138843 0.517539 0.171044 0.000010 0.000010 0.000010
0.248051 0.000010 0.166217 0.513200 0.000010 0.000010 0.072491 0.000010
0.000010 0.000010 0.095700 0.511645 0.205544 0.000010 0.084395 0.102686
0.188915 0.000010 0.062015 0.507509 0.085360 0.038052 0.104250 0.013888
0.055644 0.131388 0.211279 0.459169 0.051474 0.000010 0.091026 0.000010
0.059176 0.064060 0.135230 0.531330 0.000010 0.020721 0.181983 0.007492
0.171841 0.198399 0.185819 0.429513 0.014399 0.000010 0.000010 0.000010
0.051895 0.199884 0.238638 0.287627 0.000010 0.020707 0.201229 0.000010
0.147349 0.004757 0.175867 0.454469 0.182427 0.000010 0.000010 0.035112
0.000010 0.217765 0.232722 0.473607 0.000010 0.000010 0.075866 0.000010
0.199852 0.000010 0.000010 0.800088 0.000010 0.000010 0.000010 0.000010
0.167049 0.000010 0.068714 0.764187 0.000010 0.000010 0.000010 0.000010
0.000010 0.026249 0.385482 0.333168 0.100607 0.000010 0.100043 0.054431
0.076520 0.000010 0.358421 0.412332 0.000010 0.000010 0.047775 0.104922
0.000010 0.244508 0.140774 0.392364 0.123875 0.000010 0.000010 0.098449
0.000010 0.203033 0.087275 0.709643 0.000010 0.000010 0.000010 0.000010
0.000010 0.078106 0.283336 0.445114 0.018064 0.029991 0.145368 0.000010
0.194941 0.145734 0.054627 0.604658 0.000010 0.000010 0.000010 0.000010
0.000010 0.203129 0.087095 0.709726 0.000010 0.000010 0.000010 0.000010
0.000010 0.056039 0.000010 0.000010 0.003640 0.940271 0.000010 0.000010
0.003698 0.082420 0.072239 0.707631 0.115701 0.000010 0.000010 0.018291
0.000010 0.115564 0.080744 0.668234 0.113653 0.000010 0.000010 0.021776
0.021484 0.212387 0.231345 0.397402 0.000010 0.005321 0.096184 0.035867
0.000010 0.145602 0.165383 0.567652 0.012898 0.000010 0.047445 0.061000
0.000010 0.000010 0.000010 0.000010 0.000010 0.999930 0.000010 0.000010
0.000010 0.000010 0.000010 0.999930 0.000010 0.000010 0.000010 0.000010
0.000010 0.000010 0.000010 0.999930 0.000010 0.000010 0.000010 0.000010
0.043560 0.000010 0.000010 0.000010 0.000010 0.956380 0.000010 0.000010
0.000010 0.000010 0.205207 0.421249 0.005398 0.000010 0.218592 0.149524
0.000010 0.000010 0.000010 0.999930 0.000010 0.000010 0.000010 0.000010
0.000010 0.000010 0.000010 0.999930 0.000010 0.000010 0.000010 0.000010
0.000010 0.000010 0.310771 0.689169 0.000010 0.000010 0.000010 0.000010
0.080704 0.000010 0.038052 0.555189 0.159924 0.000010 0.166101 0.000010
0.085628 0.146455 0.105189 0.330904 0.221131 0.000010 0.110672 0.000010
0.000010 0.000010 0.309523 0.668601 0.000010 0.000010 0.000010 0.021826
0.000010 0.129840 0.156571 0.711218 0.000010 0.000010 0.000010 0.002331
0.128814 0.237330 0.130258 0.263690 0.086003 0.002666 0.090545 0.060694
0.241060 0.161370 0.228495 0.363482 0.000010 0.000010 0.005563 0.000010
0.181295 0.000010 0.283720 0.416624 0.031307 0.000010 0.074189 0.012845
0.000010 0.000010 0.059381 0.696452 0.064053 0.015109 0.164975 0.000010
0.164534 0.127874 0.251115 0.159431 0.000010 0.000010 0.122857 0.174170
0.101398 0.060193 0.238055 0.431683 0.022733 0.020162 0.125766 0.000010
0.092810 0.367946 0.064431 0.316533 0.000010 0.000010 0.000010 0.158249
0.006195 0.413542 0.102627 0.264089 0.101148 0.000010 0.112380 0.000010
0.076106 0.000010 0.000010 0.000010 0.923834 0.000010 0.000010 0.000010
0.060765 0.000010 0.000010 0.000010 0.767274 0.000010 0.000010 0.171911
0.111079 0.000010 0.000010 0.000010 0.888861 0.000010 0.000010 0.000010
0.135479 0.000010 0.000010 0.000010 0.864461 0.000010 0.000010 0.000010
0.014291 0.036805 0.000010 0.078820 0.681354 0.000010 0.000010 0.188699
0.000010 0.000010 0.019748 0.000010 0.787667 0.000010 0.000010 0.192535
0.149729 0.127307 0.021267 0.001423 0.513197 0.000010 0.000010 0.187057
0.013995 0.211975 0.000010 0.000010 0.773980 0.000010 0.000010 0.000010
0.045959 0.000010 0.000010 0.000010 0.937181 0.000010 0.016810 0.000010
0.058734 0.000010 0.000010 0.000010 0.763842 0.000010 0.000010 0.177374
0.000010 0.000010 0.000010 0.000010 0.685435 0.000010 0.133417 0.181098
0.095582 0.000010 0.045006 0.000010 0.713190 0.000010 0.000010 0.146182
0.038854 0.138070 0.042985 0.000010 0.601004 0.001508 0.034572 0.142997
0.062814 0.000010 0.009645 0.000010 0.754220 0.000010 0.000010 0.173281
0.000010 0.140350 0.110764 0.000010 0.748836 0.000010 0.000010 0.000010
0.000010 0.000010 0.000010 0.000010 0.000012 0.999928 0.000010 0.000010
0.030862 0.000010 0.000010 0.000010 0.932861 0.000010 0.000010 0.036227
0.000010 0.000010 0.057100 0.055871 0.696829 0.000010 0.000010 0.190159
0.000010 0.050669 0.021500 0.000010 0.818402 0.000010 0.000010 0.109390
0.141718 0.000010 0.046427 0.047270 0.609415 0.000010 0.000010 0.155139
0.999930 0.000010 0.000010 0.000010 0.000010 0.000010 0.000010 0.000010
0.000010 0.129074 0.000010 0.083700 0.682417 0.000010 0.034838 0.069941
0.999930 0.000010 0.000010 0.000010 0.000010 0.000010 0.000010 0.000010
0.039077 0.000010 0.000010 0.000010 0.877129 0.000010 0.000010 0.083743
0.025183 0.000010 0.000010 0.000010 0.895064 0.000010 0.000010 0.079703
0.007920 0.000010 0.000010 0.017815 0.811480 0.000010 0.000010 0.162745
0.999930 0.000010 0.000010 0.000010 0.000010 0.000010 0.000010 0.000010
0.999930 0.000010 0.000010 0.000010 0.000010 0.000010 0.000010 0.000010
0.000010 0.000010 0.020538 0.000010 0.893938 0.000010 0.000010 0.085474
0.000010 0.000010 0.007370 0.010696 0.717071 0.027015 0.000010 0.237818
0.999930 0.000010 0.000010 0.000010 0.000010 0.000010 0.000010 0.000010
0.191209 0.000010 0.066637 0.672918 0.000010 0.000010 0.069195 0.000010
0.034942 0.000010 0.066874 0.000010 0.898133 0.000010 0.000010 0.000010
0.999930 0.000010 0.000010 0.000010 0.000010 0.000010 0.000010 0.000010
0.102871 0.149720 0.000010 0.000010 0.591871 0.023886 0.000010 0.131622
0.000010 0.000010 0.087895 0.000010 0.912045 0.000010 0.000010 0.000010
0.034574 0.000010 0.000010 0.000010 0.823917 0.000010 0.000010 0.141459
0.099810 0.000010 0.054838 0.005811 0.693806 0.000010 0.000010 0.145706
0.089720 0.000010 0.014378 0.065340 0.749539 0.000010 0.000010 0.080993
0.110902 0.000010 0.053630 0.000010 0.689576 0.000010 0.000010 0.145851
0.033679 0.000010 0.000010 0.000010 0.812817 0.000010 0.000010 0.153455
0.012655 0.036955 0.000010 0.026115 0.781306 0.000010 0.000010 0.142940
0.000010 0.000010 0.000010 0.149117 0.539529 0.023400 0.000010 0.287915
0.014882 0.000010 0.000010 0.165878 0.497696 0.017462 0.000010 0.304052
0.144142 0.090834 0.075312 0.000010 0.598520 0.000010 0.025680 0.065493
0.150043 0.109227 0.052498 0.000010 0.591661 0.000010 0.036307 0.060244
0.000010 0.000010 0.000010 0.188707 0.811233 0.000010 0.000010 0.000010
0.000010 0.000010 0.000010 0.178326 0.821614 0.000010 0.000010 0.000010
0.047580 0.093111 0.230879 0.546205 0.070486 0.000010 0.011720 0.000010
0.000010 0.241886 0.000010 0.000010 0.758054 0.000010 0.000010 0.000010
0.000010 0.250562 0.000010 0.000010 0.749378 0.000010 0.000010 0.000010
0.000010 0.229760 0.000010 0.000010 0.770180 0.000010 0.000010 0.000010
0.122706 0.000010 0.000010 0.039498 0.711937 0.000010 0.000010 0.125819
0.097599 0.000010 0.000010 0.000010 0.723527 0.000010 0.017706 0.161127
0.114105 0.000010 0.036289 0.000010 0.443608 0.000010 0.165632 0.240336
0.000010 0.000010 0.016256 0.065860 0.847643 0.000010 0.000010 0.070202
0.000010 0.000010 0.000010 0.067451 0.864456 0.000010 0.000010 0.068042
0.234554 0.000010 0.000010 0.000010 0.593948 0.000010 0.000010 0.171448
0.211235 0.000010 0.000010 0.000010 0.704492 0.000010 0.000010 0.084224
0.148445 0.015219 0.051040 0.213950 0.571316 0.000010 0.000010 0.000010
0.055477 0.000010 0.000010 0.000010 0.782170 0.000010 0.000010 0.162303
0.000010 0.000010 0.000010 0.000010 0.874801 0.000010 0.028196 0.096953
0.138020 0.000010 0.060460 0.000010 0.596276 0.000010 0.028531 0.176684
0.000010 0.000010 0.000010 0.000010 0.899014 0.000010 0.000010 0.100926
0.000010 0.006683 0.000010 0.000010 0.895959 0.000010 0.000010 0.097307
0.000010 0.000010 0.000010 0.000010 0.840443 0.000010 0.076655 0.082852
0.000010 0.040379 0.033609 0.000010 0.666295 0.000010 0.000010 0.259677
0.000010 0.076654 0.044513 0.063258 0.718101 0.000010 0.000010 0.097444
0.000010 0.000010 0.000010 0.000010 0.999930 0.000010 0.000010 0.000010
0.000010 0.000010 0.102287 0.057140 0.540219 0.000010 0.000010 0.300314
0.013518 0.042619 0.000010 0.167537 0.692769 0.000010 0.000010 0.083528
0.172102 0.000010 0.000010 0.126557 0.321671 0.008576 0.000010 0.371063
0.064456 0.000010 0.000010 0.000010 0.877319 0.000010 0.000010 0.058175
0.000010 0.000010 0.006244 0.000010 0.725615 0.018119 0.080468 0.169524
0.000010 0.000010 0.000010 0.000010 0.938021 0.000010 0.000010 0.061919
0.000010 0.000010 0.000010 0.019098 0.838826 0.000010 0.060542 0.081493
0.000010 0.000010 0.000010 0.000010 0.779498 0.000010 0.015475 0.204977
0.260497 0.008340 0.001569 0.000010 0.550157 0.000010 0.000010 0.179407
0.052456 0.042566 0.000010 0.000010 0.709402 0.000010 0.000010 0.195536
0.000010 0.000010 0.000010 0.000010 0.761158 0.011882 0.123096 0.103824
0.257257 0.000010 0.058439 0.000010 0.515785 0.000010 0.000010 0.168479
0.000010 0.000010 0.000010 0.000010 0.986081 0.000010 0.013859 0.000010
0.309068 0.000010 0.000010 0.000010 0.526513 0.000010 0.000010 0.164369
0.000010 0.002510 0.000010 0.171165 0.826275 0.000010 0.000010 0.000010
0.000010 0.000010 0.095200 0.052522 0.819004 0.011416 0.000010 0.021828
0.000010 0.058078 0.000010 0.000010 0.701445 0.000010 0.000010 0.240427
0.000010 0.000010 0.073066 0.063805 0.696919 0.000010 0.000010 0.166171
0.000010 0.000010 0.000010 0.000010 0.907638 0.000010 0.025710 0.066602
0.000010 0.000010 0.000010 0.000010 0.000010 0.999930 0.000010 0.000010
0.049017 0.080098 0.010874 0.000010 0.690115 0.000010 0.000010 0.169866
0.021375 0.000010 0.065372 0.100558 0.639443 0.000010 0.000010 0.173223
0.000010 0.000010 0.000010 0.032421 0.732012 0.000010 0.000010 0.235517
0.080101 0.000010 0.000010 0.000010 0.819370 0.000010 0.000010 0.100478
0.000010 0.000010 0.204752 0.068221 0.575476 0.000010 0.000010 0.151510
0.084444 0.000010 0.000010 0.000010 0.749260 0.000010 0.000010 0.166246
0.083195 0.000010 0.000010 0.000010 0.731359 0.000010 0.122217 0.063188
0.000010 0.000010 0.000010 0.123115 0.869940 0.000010 0.000010 0.006895
0.000010 0.000010 0.000010 0.098072 0.901868 0.000010 0.000010 0.000010
0.052484 0.000010 0.089995 0.092458 0.667236 0.000010 0.000010 0.097797
0.110749 0.000010 0.000010 0.048416 0.621464 0.000010 0.000010 0.219331
0.104559 0.076981 0.018167 0.072802 0.648638 0.000010 0.000010 0.078834
0.000010 0.094703 0.000010 0.000010 0.663605 0.000010 0.012725 0.228928
0.119337 0.000010 0.061400 0.000010 0.539253 0.000010 0.000010 0.279970
0.000010 0.000010 0.030550 0.000010 0.852775 0.000010 0.000010 0.116625
0.000010 0.000010 0.000010 0.955409 0.044531 0.000010 0.000010 0.000010
0.000010 0.910727 0.089213 0.000010 0.000010 0.000010 0.000010 0.000010
0.000010 0.580760 0.027861 0.138711 0.181565 0.023537 0.039147 0.008410
0.000010 0.908406 0.091534 0.000010 0.000010 0.000010 0.000010 0.000010
0.000010 0.906538 0.093402 0.000010 0.000010 0.000010 0.000010 0.000010
0.035963 0.753166 0.092842 0.076115 0.000010 0.013949 0.012483 0.015472
0.047328 0.529937 0.156459 0.007844 0.244051 0.000010 0.000010 0.014360
0.000010 0.830779 0.000010 0.083023 0.000010 0.000010 0.000974 0.085183
0.000010 0.827511 0.000010 0.089229 0.000010 0.000010 0.000010 0.083210
0.000010 0.961959 0.000010 0.000010 0.000010 0.000010 0.000010 0.037981
0.000010 0.997615 0.000010 0.000010 0.000010 0.002325 0.000010 0.000010
0.040074 0.814826 0.001953 0.000010 0.123064 0.000010 0.000010 0.020053
0.000010 0.999930 0.000010 0.000010 0.000010 0.000010 0.000010 0.000010
0.039743 0.904118 0.000010 0.000010 0.040198 0.000010 0.000010 0.015901
0.000010 0.999930 0.000010 0.000010 0.000010 0.000010 0.000010 0.000010
0.020365 0.834975 0.015506 0.041413 0.000010 0.000010 0.087712 0.000010
0.102543 0.765174 0.000010 0.000010 0.051204 0.000010 0.081038 0.000010
0.000010 0.895578 0.000010 0.096093 0.000010 0.000010 0.008279 0.000010
0.071232 0.876550 0.000010 0.000010 0.000010 0.000010 0.000010 0.052168
0.000010 0.999930 0.000010 0.000010 0.000010 0.000010 0.000010 0.000010
0.069847 0.884310 0.000010 0.000010 0.000010 0.000010 0.000010 0.045793
0.046389 0.514961 0.153802 0.162984 0.010283 0.014045 0.092111 0.005424
0.000010 0.972521 0.000010 0.000010 0.027419 0.000010 0.000010 0.000010
0.000010 0.999930 0.000010 0.000010 0.000010 0.000010 0.000010 0.000010
0.000010 0.000010 0.000010 0.000010 0.000010 0.999930 0.000010 0.000010
0.000010 0.695234 0.190409 0.000010 0.000010 0.000010 0.000010 0.114307
0.000010 0.819513 0.026667 0.000010 0.133779 0.000010 0.000010 0.020001
0.000010 0.697344 0.190565 0.000010 0.000010 0.000010 0.000010 0.112041
0.000010 0.883621 0.000010 0.000010 0.116319 0.000010 0.000010 0.000010
0.000010 0.537575 0.096233 0.001180 0.217191 0.000010 0.101258 0.046542
0.000010 0.889932 0.000010 0.000010 0.100647 0.009371 0.000010 0.000010
0.000010 0.578977 0.058306 0.186193 0.093848 0.000010 0.082647 0.000010
0.000010 0.846403 0.119971 0.000010 0.000010 0.000010 0.000010 0.033576
0.052426 0.472583 0.101959 0.072227 0.027181 0.027350 0.088759 0.157515
0.050202 0.773072 0.097215 0.000010 0.040910 0.000010 0.000010 0.038572
0.000010 0.843171 0.000010 0.000010 0.000010 0.000010 0.000010 0.156769
0.041420 0.790566 0.075438 0.000010 0.051901 0.000010 0.000010 0.040645
0.000010 0.847592 0.000010 0.000010 0.000010 0.000010 0.000010 0.152348
0.035732 0.483408 0.120671 0.000010 0.213580 0.000973 0.109373 0.036254
0.000010 0.738919 0.000010 0.020670 0.019211 0.009109 0.149603 0.062467
0.000010 0.835939 0.164001 0.000010 0.000010 0.000010 0.000010 0.000010
0.000010 0.832294 0.167646 0.000010 0.000010 0.000010 0.000010 0.000010
0.000010 0.906145 0.010395 0.083411 0.000010 0.000010 0.000010 0.000010
0.000010 0.852197 0.053875 0.005654 0.020961 0.067283 0.000010 0.000010
0.087025 0.784182 0.000010 0.000010 0.000010 0.000010 0.010729 0.118024
0.000010 0.999930 0.000010 0.000010 0.000010 0.000010 0.000010 0.000010
0.000010 0.999930 0.000010 0.000010 0.000010 0.000010 0.000010 0.000010
0.004969 0.756507 0.000010 0.029734 0.193298 0.000010 0.000010 0.015461
0.000010 0.899506 0.014673 0.085771 0.000010 0.000010 0.000010 0.000010
0.000010 0.865554 0.046095 0.088301 0.000010 0.000010 0.000010 0.000010
0.103386 0.719658 0.000010 0.000010 0.129800 0.000010 0.000010 0.047115
0.000010 0.866914 0.065692 0.067344 0.000010 0.000010 0.000010 0.000010
0.000010 0.000010 0.000010 0.000010 0.000010 0.999930 0.000010 0.000010
0.168925 0.831015 0.000010 0.000010 0.000010 0.000010 0.000010 0.000010
0.071490 0.882448 0.000010 0.000010 0.046012 0.000010 0.000010 0.000010
0.000010 0.999930 0.000010 0.000010 0.000010 0.000010 0.000010 0.000010
0.000010 0.000010 0.000010 0.000010 0.000010 0.999930 0.000010 0.000010
0.000010 0.845363 0.005160 0.001594 0.000010 0.000010 0.147842 0.000010
0.063448 0.709478 0.000010 0.053357 0.000010 0.000010 0.123135 0.050552
0.069690 0.764580 0.000010 0.000010 0.165681 0.000010 0.000010 0.000010
0.054608 0.555626 0.144901 0.048555 0.000013 0.000010 0.011931 0.184356
0.000010 0.869991 0.000010 0.129949 0.000010 0.000010 0.000010 0.000010
0.000010 0.661708 0.061209 0.182957 0.000010 0.023707 0.038803 0.031596
0.117445 0.881709 0.000010 0.000010 0.000010 0.000010 0.000796 0.000010
0.000010 0.984408 0.000010 0.000010 0.000010 0.000010 0.015532 0.000010
0.000010 0.030929 0.000010 0.000010 0.000010 0.969011 0.000010 0.000010
0.000010 0.995928 0.000010 0.000010 0.000010 0.000010 0.004012 0.000010
0.047597 0.728060 0.187031 0.000010 0.000010 0.000010 0.000010 0.037272
0.000010 0.922057 0.028420 0.000010 0.000010 0.000010 0.049473 0.000010
0.000010 0.834663 0.020549 0.041644 0.089433 0.007537 0.006153 0.000010
0.000010 0.838095 0.000010 0.111389 0.000010 0.020645 0.000010 0.029831
0.000010 0.849968 0.000010 0.091342 0.000010 0.022588 0.000010 0.036062
0.000010 0.000010 0.000010 0.000010 0.000010 0.999930 0.000010 0.000010
0.000010 0.000010 0.000010 0.000010 0.000010 0.999930 0.000010 0.000010
0.000010 0.000010 0.000010 0.960679 0.039261 0.000010 0.000010 0.000010
0.118043 0.000010 0.000010 0.000010 0.881897 0.000010 0.000010 0.000010
0.000010 0.000010 0.000010 0.000010 0.000010 0.999930 0.000010 0.000010
