0.000010 0.067428 0.000010 0.018384 0.309152 0.283152 0.000010 0.311150 0.010704
0.083550 0.017357 0.084193 0.014431 0.122048 0.331352 0.000010 0.324662 0.022398
0.000010 0.000010 0.000010 0.000010 0.000010 0.000010 0.000010 0.999920 0.000010
0.000010 0.000010 0.000010 0.000010 0.000010 0.000010 0.000010 0.999920 0.000010
0.000010 0.000010 0.000010 0.000010 0.000010 0.000010 0.000010 0.999920 0.000010
0.000010 0.000010 0.000010 0.000010 0.000010 0.000010 0.000010 0.999920 0.000010
0.000010 0.000010 0.000010 0.000010 0.000010 0.000010 0.000010 0.999920 0.000010
0.000010 0.000010 0.042167 0.000010 0.197409 0.360849 0.106659 0.292877 0.000010
0.000010 0.000010 0.000010 0.000010 0.190779 0.000010 0.299063 0.510098 0.000010
0.000010 0.000010 0.000010 0.000010 0.188649 0.000010 0.309707 0.501583 0.000010
0.000010 0.000010 0.000010 0.000010 0.030874 0.170204 0.242227 0.374737 0.181918
0.003656 0.000010 0.029515 0.000010 0.000010 0.575044 0.000010 0.386566 0.005180
0.000010 0.000010 0.033890 0.000010 0.000010 0.571540 0.000010 0.388892 0.005628
0.000010 0.000010 0.126707 0.000010 0.000010 0.873223 0.000010 0.000010 0.000010
0.000010 0.000010 0.119415 0.000010 0.000010 0.880515 0.000010 0.000010 0.000010
0.000010 0.000010 0.121062 0.000010 0.000010 0.878868 0.000010 0.000010 0.000010
0.000010 0.011144 0.096840 0.000010 0.000010 0.891956 0.000010 0.000010 0.000010
0.000010 0.000010 0.028918 0.000010 0.134574 0.307735 0.000010 0.528723 0.000010
0.000010 0.000010 0.082513 0.000010 0.136520 0.245187 0.038888 0.460472 0.036390
0.000010 0.000010 0.131612 0.000010 0.000010 0.868318 0.000010 0.000010 0.000010
0.000010 0.000010 0.125533 0.000010 0.000010 0.874397 0.000010 0.000010 0.000010
0.093229 0.000010 0.077756 0.014528 0.000010 0.000010 0.000010 0.814437 0.000010
0.023629 0.000010 0.098859 0.000010 0.090625 0.000010 0.000010 0.786838 0.000010
0.017469 0.000010 0.096097 0.000010 0.104571 0.000010 0.000010 0.781812 0.000010
0.000010 0.000010 0.000010 0.000010 0.191668 0.000010 0.299599 0.508673 0.000010
0.002174 0.075489 0.066158 0.000010 0.329616 0.202082 0.000010 0.324452 0.000010
0.000010 0.020844 0.018538 0.000010 0.096730 0.102449 0.196209 0.461067 0.104143
0.000011 0.011496 0.059576 0.000010 0.083619 0.000010 0.000010 0.561185 0.284083
0.158331 0.004185 0.010849 0.000010 0.126301 0.303222 0.000010 0.397082 0.000010
0.000010 0.000010 0.087185 0.000010 0.000010 0.112104 0.172260 0.628401 0.000010
0.000010 0.000010 0.089519 0.000010 0.000010 0.117228 0.157877 0.635326 0.000010
0.000010 0.000010 0.068258 0.000010 0.005644 0.611189 0.000010 0.208510 0.106359
0.000010 0.025016 0.115448 0.000010 0.000010 0.138675 0.110297 0.610523 0.000010
0.009446 0.026601 0.000010 0.000010 0.058281 0.324940 0.103060 0.393787 0.083864
0.035111 0.024083 0.001337 0.000010 0.190513 0.229754 0.012639 0.506544 0.000010
0.000010 0.015853 0.068064 0.000010 0.082741 0.000010 0.000010 0.557389 0.275913
0.012709 0.000010 0.040840 0.000010 0.119435 0.033445 0.000010 0.703464 0.090078
0.000010 0.013406 0.088850 0.000010 0.000010 0.067337 0.085402 0.744966 0.000010
0.000010 0.000010 0.234309 0.000010 0.000010 0.000010 0.000010 0.765621 0.000010
0.000010 0.000010 0.238874 0.000010 0.000010 0.000010 0.000010 0.761056 0.000010
0.000010 0.000010 0.247293 0.000010 0.000010 0.000010 0.000010 0.752637 0.000010
0.069932 0.018003 0.039390 0.056289 0.215622 0.000010 0.006300 0.518091 0.076363
0.000010 0.000010 0.060733 0.000010 0.379203 0.071202 0.113975 0.337761 0.037096
0.000160 0.036234 0.159203 0.000010 0.214020 0.136310 0.000010 0.454042 0.000010
0.011771 0.025761 0.000010 0.017408 0.056304 0.121362 0.003576 0.724722 0.039086
0.000010 0.008750 0.082520 0.000010 0.000010 0.069809 0.083637 0.755244 0.000010
0.000010 0.000010 0.137825 0.000010 0.000010 0.476282 0.000010 0.385834 0.000010
0.000010 0.000010 0.080591 0.000010 0.056251 0.000010 0.762424 0.052557 0.048137
0.000010 0.000010 0.000010 0.000010 0.999920 0.000010 0.000010 0.000010 0.000010
0.000010 0.000010 0.000010 0.000010 0.999920 0.000010 0.000010 0.000010 0.000010
0.079738 0.083633 0.033510 0.000010 0.179028 0.207294 0.028963 0.319656 0.068169
0.000010 0.000010 0.126756 0.000010 0.873174 0.000010 0.000010 0.000010 0.000010
0.000010 0.000010 0.115855 0.000010 0.884075 0.000010 0.000010 0.000010 0.000010
0.000010 0.000010 0.121263 0.000010 0.878667 0.000010 0.000010 0.000010 0.000010
0.000010 0.000010 0.119540 0.000010 0.880390 0.000010 0.000010 0.000010 0.000010
0.000010 0.000010 0.000010 0.000010 0.999920 0.000010 0.000010 0.000010 0.000010
0.000010 0.000010 0.000010 0.000010 0.999920 0.000010 0.000010 0.000010 0.000010
0.028387 0.000010 0.000010 0.000010 0.556915 0.000010 0.000010 0.291152 0.123497
0.000010 0.107248 0.029792 0.000010 0.225412 0.201225 0.000010 0.213560 0.222734
0.025219 0.000010 0.000010 0.000010 0.563926 0.000010 0.000010 0.279860 0.130945
0.025151 0.000010 0.001287 0.000010 0.542768 0.000010 0.032803 0.291648 0.106313
0.000010 0.000010 0.000010 0.000010 0.999920 0.000010 0.000010 0.000010 0.000010
0.999920 0.000010 0.000010 0.000010 0.000010 0.000010 0.000010 0.000010 0.000010
0.999920 0.000010 0.000010 0.000010 0.000010 0.000010 0.000010 0.000010 0.000010
0.999920 0.000010 0.000010 0.000010 0.000010 0.000010 0.000010 0.000010 0.000010
0.999920 0.000010 0.000010 0.000010 0.000010 0.000010 0.000010 0.000010 0.000010
0.999920 0.000010 0.000010 0.000010 0.000010 0.000010 0.000010 0.000010 0.000010
0.999920 0.000010 0.000010 0.000010 0.000010 0.000010 0.000010 0.000010 0.000010
0.000010 0.000010 0.131492 0.000010 0.217723 0.224970 0.070174 0.167461 0.188150
0.999920 0.000010 0.000010 0.000010 0.000010 0.000010 0.000010 0.000010 0.000010
0.999920 0.000010 0.000010 0.000010 0.000010 0.000010 0.000010 0.000010 0.000010
0.000010 0.000010 0.000010 0.000010 0.999920 0.000010 0.000010 0.000010 0.000010
0.000010 0.000010 0.000010 0.000010 0.999920 0.000010 0.000010 0.000010 0.000010
0.055990 0.000010 0.055623 0.000010 0.223103 0.079529 0.129306 0.310708 0.145722
0.000010 0.059783 0.040740 0.000081 0.463963 0.000010 0.000010 0.250080 0.185323
0.000010 0.000010 0.039233 0.000355 0.736087 0.000010 0.000010 0.173933 0.050352
0.000010 0.000010 0.000010 0.000010 0.000010 0.000010 0.000010 0.999920 0.000010
0.000010 0.000019 0.000010 0.000010 0.000010 0.000010 0.000010 0.999911 0.000010
0.000010 0.000010 0.000010 0.000010 0.000010 0.000010 0.000010 0.999920 0.000010
0.000010 0.000010 0.000010 0.000010 0.000010 0.000010 0.000010 0.999920 0.000010
0.000010 0.000010 0.000010 0.000010 0.000010 0.000010 0.000010 0.999920 0.000010
0.000010 0.000010 0.000010 0.000010 0.000010 0.000010 0.000010 0.999920 0.000010
0.000010 0.000010 0.055633 0.000010 0.723760 0.000010 0.000010 0.162890 0.057666
0.000010 0.000010 0.057593 0.000010 0.726500 0.000010 0.000010 0.165028 0.050829
0.000010 0.047456 0.006474 0.000010 0.247130 0.131425 0.000010 0.361751 0.205734
0.000010 0.015251 0.000010 0.000010 0.268271 0.112276 0.033312 0.338002 0.232859
0.000010 0.000010 0.000010 0.000010 0.000010 0.000010 0.000010 0.000010 0.999920
0.000010 0.000010 0.000010 0.000010 0.000010 0.000010 0.000010 0.000010 0.999920
0.000010 0.000010 0.000010 0.000010 0.000010 0.000010 0.000010 0.000010 0.999920
0.000010 0.000010 0.000010 0.000010 0.000010 0.000010 0.000010 0.000010 0.999920
0.000010 0.000010 0.000010 0.000010 0.000010 0.000010 0.000010 0.000010 0.999920
0.000010 0.000010 0.000010 0.999920 0.000010 0.000010 0.000010 0.000010 0.000010
0.000010 0.073476 0.039973 0.000010 0.223664 0.121049 0.000010 0.301488 0.240320
0.000010 0.072666 0.030400 0.000010 0.223754 0.135643 0.000010 0.313621 0.223886
0.007136 0.013518 0.117380 0.000010 0.297952 0.193801 0.121766 0.248426 0.000010
0.000010 0.150844 0.111894 0.002432 0.325575 0.153818 0.000010 0.112309 0.143108
0.000010 0.174420 0.110550 0.022067 0.283678 0.120812 0.000010 0.134458 0.153997
0.102169 0.021022 0.023166 0.021888 0.371922 0.243228 0.000010 0.216586 0.000010
0.005547 0.000010 0.080810 0.000010 0.227230 0.184108 0.263559 0.238715 0.000010
0.000010 0.000010 0.000010 0.999920 0.000010 0.000010 0.000010 0.000010 0.000010
0.000010 0.000010 0.193750 0.000010 0.512651 0.079471 0.000010 0.179272 0.034816
0.000010 0.000010 0.070819 0.000010 0.103052 0.280571 0.098103 0.007927 0.439498
0.000010 0.004659 0.049029 0.000010 0.144014 0.219243 0.090293 0.053352 0.439391
0.000010 0.000010 0.090058 0.000010 0.104960 0.273234 0.054319 0.026887 0.450513
0.000010 0.031448 0.000010 0.968482 0.000010 0.000010 0.000010 0.000010 0.000010
0.006520 0.000010 0.102544 0.009506 0.316154 0.122728 0.000010 0.149845 0.292683
0.000010 0.000010 0.000010 0.999920 0.000010 0.000010 0.000010 0.000010 0.000010
0.012809 0.000010 0.110301 0.000010 0.000010 0.602842 0.000010 0.247609 0.026398
0.000010 0.000010 0.000010 0.999920 0.000010 0.000010 0.000010 0.000010 0.000010
0.000010 0.000010 0.000010 0.999920 0.000010 0.000010 0.000010 0.000010 0.000010
0.000010 0.037483 0.155677 0.018534 0.527185 0.000010 0.000010 0.261081 0.000010
0.000010 0.041395 0.161997 0.015452 0.529829 0.000010 0.000143 0.251153 0.000010
0.000010 0.000010 0.000010 0.999920 0.000010 0.000010 0.000010 0.000010 0.000010
0.000010 0.000010 0.000010 0.999920 0.000010 0.000010 0.000010 0.000010 0.000010
0.000010 0.000010 0.000010 0.000010 0.999920 0.000010 0.000010 0.000010 0.000010
0.000010 0.000010 0.000010 0.000010 0.999920 0.000010 0.000010 0.000010 0.000010
0.000010 0.000017 0.000010 0.974129 0.000010 0.000010 0.000010 0.000010 0.025794
0.000010 0.000010 0.000010 0.000010 0.999920 0.000010 0.000010 0.000010 0.000010
0.000010 0.000010 0.000010 0.000010 0.999920 0.000010 0.000010 0.000010 0.000010
0.000010 0.000010 0.000010 0.000010 0.999920 0.000010 0.000010 0.000010 0.000010
0.000010 0.000010 0.000010 0.000010 0.999920 0.000010 0.000010 0.000010 0.000010
0.000010 0.000010 0.000010 0.000010 0.999920 0.000010 0.000010 0.000010 0.000010
0.000010 0.000010 0.000010 0.000010 0.999920 0.000010 0.000010 0.000010 0.000010
0.000010 0.000010 0.000010 0.000010 0.999920 0.000010 0.000010 0.000010 0.000010
0.000010 0.000010 0.000010 0.000010 0.000010 0.000010 0.000010 0.000010 0.999920
0.000010 0.000010 0.000010 0.000010 0.000010 0.000010 0.000010 0.000010 0.999920
0.000010 0.000010 0.000010 0.000010 0.000010 0.000010 0.000010 0.000010 0.999920
0.000010 0.000010 0.000010 0.000010 0.000010 0.000010 0.000010 0.000010 0.999920
0.000010 0.000010 0.000010 0.000010 0.000010 0.000010 0.000010 0.000010 0.999920
0.000010 0.000010 0.000010 0.000010 0.000010 0.000010 0.000010 0.000010 0.999920
0.034363 0.000010 0.213131 0.000010 0.465079 0.061652 0.104426 0.000010 0.121318
0.044121 0.000010 0.180266 0.000010 0.486571 0.048750 0.120346 0.040947 0.078977
0.024490 0.000010 0.221513 0.000010 0.438095 0.126051 0.077804 0.000010 0.112016
0.000010 0.023953 0.000010 0.000010 0.455296 0.131194 0.047052 0.286779 0.055696
0.000010 0.018853 0.000010 0.000010 0.467871 0.136485 0.054634 0.265212 0.056916
0.000010 0.163720 0.131894 0.000010 0.000010 0.000010 0.704325 0.000010 0.000010
0.000010 0.044786 0.094480 0.031816 0.000010 0.000010 0.508931 0.250138 0.069819
0.000010 0.121102 0.252705 0.000010 0.055942 0.000010 0.468147 0.102064 0.000010
0.064686 0.108714 0.259697 0.000010 0.000010 0.059301 0.473624 0.026824 0.007134
0.003769 0.129709 0.222065 0.016458 0.000010 0.000010 0.627960 0.000010 0.000010
0.003993 0.107647 0.219654 0.014793 0.000010 0.000010 0.653874 0.000010 0.000010
0.001560 0.113305 0.215405 0.012321 0.000010 0.000010 0.657369 0.000010 0.000010
0.000010 0.102996 0.305266 0.000010 0.140401 0.000010 0.451287 0.000010 0.000010
0.000010 0.164548 0.000010 0.000010 0.000010 0.000010 0.835382 0.000010 0.000010
0.000010 0.195102 0.000010 0.000010 0.000010 0.000010 0.804828 0.000010 0.000010
0.033490 0.081321 0.130069 0.000010 0.000010 0.103907 0.623202 0.027981 0.000010
0.000010 0.000010 0.000010 0.999920 0.000010 0.000010 0.000010 0.000010 0.000010
0.036607 0.070215 0.146121 0.000010 0.011135 0.000010 0.702156 0.002147 0.031598
0.000010 0.005562 0.146878 0.000010 0.101643 0.000010 0.578810 0.120363 0.046713
0.000010 0.374281 0.625649 0.000010 0.000010 0.000010 0.000010 0.000010 0.000010
0.000010 0.365707 0.634223 0.000010 0.000010 0.000010 0.000010 0.000010 0.000010
0.000010 0.380604 0.619326 0.000010 0.000010 0.000010 0.000010 0.000010 0.000010
0.000010 0.096600 0.305407 0.000010 0.000010 0.090974 0.464119 0.000010 0.042860
0.000010 0.378178 0.621752 0.000010 0.000010 0.000010 0.000010 0.000010 0.000010
0.000010 0.197574 0.239176 0.000010 0.000010 0.000010 0.539196 0.000010 0.024005
0.000010 0.104161 0.361625 0.000010 0.000010 0.000010 0.534154 0.000010 0.000010
0.000010 0.105803 0.362080 0.000010 0.000010 0.000010 0.532058 0.000010 0.000010
0.000010 0.114032 0.377025 0.000010 0.000010 0.000010 0.508883 0.000010 0.000010
0.000010 0.005535 0.060734 0.000010 0.000010 0.000010 0.933671 0.000010 0.000010
0.000010 0.000010 0.040707 0.000010 0.000010 0.000010 0.959223 0.000010 0.000010
0.000010 0.000010 0.036233 0.000010 0.000010 0.000010 0.963697 0.000010 0.000010
0.000010 0.000010 0.000010 0.000010 0.105011 0.289864 0.161329 0.443746 0.000010
0.019852 0.059764 0.218336 0.000010 0.020517 0.000010 0.545964 0.000010 0.135538
0.000010 0.000010 0.000010 0.999920 0.000010 0.000010 0.000010 0.000010 0.000010
0.000010 0.000010 0.147509 0.000010 0.000010 0.000010 0.852421 0.000010 0.000010
0.000010 0.000010 0.084954 0.000010 0.000010 0.000010 0.914976 0.000010 0.000010
0.000010 0.000010 0.126342 0.000010 0.000010 0.000010 0.836421 0.000010 0.037177
0.000010 0.103324 0.134530 0.015141 0.000010 0.000010 0.737939 0.000010 0.009026
0.000010 0.599088 0.400842 0.000010 0.000010 0.000010 0.000010 0.000010 0.000010
0.000010 0.618718 0.381212 0.000010 0.000010 0.000010 0.000010 0.000010 0.000010
0.000010 0.602004 0.397926 0.000010 0.000010 0.000010 0.000010 0.000010 0.000010
0.000010 0.607522 0.392408 0.000010 0.000010 0.000010 0.000010 0.000010 0.000010
0.000010 0.000010 0.239978 0.000010 0.000010 0.000010 0.625837 0.000010 0.134125
0.000010 0.000010 0.219906 0.000010 0.000010 0.000010 0.656546 0.000010 0.123488
0.002162 0.075790 0.163453 0.027398 0.083985 0.046102 0.568375 0.000010 0.032726
0.000010 0.000010 0.000010 0.999920 0.000010 0.000010 0.000010 0.000010 0.000010
0.000010 0.148859 0.316142 0.010981 0.050775 0.000010 0.473203 0.000010 0.000010
0.000010 0.000010 0.000010 0.999920 0.000010 0.000010 0.000010 0.000010 0.000010
0.003144 0.182022 0.120945 0.000010 0.082647 0.000010 0.611202 0.000010 0.000010
0.000010 0.000010 0.000010 0.999920 0.000010 0.000010 0.000010 0.000010 0.000010
0.038726 0.127361 0.284290 0.000010 0.106190 0.000010 0.443393 0.000010 0.000010
0.039601 0.126693 0.282692 0.000010 0.102707 0.000010 0.448267 0.000010 0.000010
0.000010 0.371333 0.628597 0.000010 0.000010 0.000010 0.000010 0.000010 0.000010
0.000010 0.000010 0.000010 0.000010 0.000010 0.000010 0.999920 0.000010 0.000010
0.000010 0.000010 0.000010 0.000010 0.000010 0.000010 0.999920 0.000010 0.000010
0.000010 0.000010 0.000010 0.000010 0.000010 0.000010 0.999920 0.000010 0.000010
0.000010 0.000010 0.000010 0.000010 0.000010 0.000010 0.999920 0.000010 0.000010
0.000010 0.000010 0.000010 0.000010 0.000010 0.000010 0.999920 0.000010 0.000010
0.000010 0.000010 0.000010 0.999920 0.000010 0.000010 0.000010 0.000010 0.000010
0.000010 0.000010 0.000010 0.999920 0.000010 0.000010 0.000010 0.000010 0.000010
0.000010 0.000010 0.000010 0.999920 0.000010 0.000010 0.000010 0.000010 0.000010
0.000010 0.000010 0.000010 0.999920 0.000010 0.000010 0.000010 0.000010 0.000010
0.000010 0.000010 0.000010 0.999920 0.000010 0.000010 0.000010 0.000010 0.000010
0.000010 0.000010 0.000010 0.999920 0.000010 0.000010 0.000010 0.000010 0.000010
0.000010 0.000010 0.000010 0.999920 0.000010 0.000010 0.000010 0.000010 0.000010
0.053990 0.177034 0.251526 0.000010 0.035899 0.000010 0.438107 0.000010 0.043414
0.000010 0.062104 0.185774 0.000010 0.000010 0.000010 0.752062 0.000010 0.000010
0.037179 0.088344 0.060071 0.000010 0.137243 0.586660 0.000010 0.090471 0.000010
0.000010 0.000010 0.000010 0.030199 0.157873 0.743184 0.000010 0.000010 0.068694
0.006180 0.040207 0.079856 0.000010 0.017670 0.592726 0.000010 0.152901 0.110440
0.008687 0.000010 0.015858 0.000807 0.227577 0.714386 0.000010 0.000010 0.032654
0.000010 0.000010 0.104439 0.044230 0.054398 0.796882 0.000010 0.000010 0.000010
0.000010 0.000010 0.095063 0.000010 0.000010 0.604223 0.079969 0.098210 0.122495
0.000010 0.060161 0.229351 0.000010 0.000019 0.000010 0.662559 0.000010 0.047870
0.000010 0.000010 0.000010 0.999920 0.000010 0.000010 0.000010 0.000010 0.000010
0.000010 0.146129 0.182366 0.000010 0.000010 0.028526 0.613302 0.029638 0.000010
0.000010 0.037681 0.174381 0.025347 0.000010 0.000010 0.686070 0.000010 0.076481
0.003047 0.070288 0.247858 0.000010 0.109894 0.000010 0.568874 0.000010 0.000010
0.029463 0.066555 0.187336 0.000010 0.116062 0.000010 0.600544 0.000010 0.000010
0.000010 0.000010 0.000010 0.999920 0.000010 0.000010 0.000010 0.000010 0.000010
0.000010 0.063049 0.151347 0.000010 0.000010 0.008832 0.685516 0.091217 0.000010
0.052051 0.193741 0.000010 0.000010 0.073706 0.000010 0.666940 0.000010 0.013522
0.013581 0.148656 0.000010 0.000010 0.059085 0.000010 0.759925 0.000010 0.018713
0.008755 0.063925 0.198126 0.000010 0.157332 0.028975 0.542857 0.000010 0.000010
0.000010 0.217693 0.098683 0.000010 0.000010 0.000010 0.652997 0.000010 0.030577
0.051481 0.000010 0.203708 0.000010 0.000010 0.000010 0.677017 0.067744 0.000010
0.054199 0.003277 0.192288 0.000010 0.000010 0.066107 0.632592 0.051506 0.000010
0.000010 0.144665 0.214874 0.000010 0.000010 0.000010 0.640401 0.000010 0.000010
0.000010 0.000010 0.000010 0.000010 0.000010 0.000010 0.999920 0.000010 0.000010
0.000010 0.076823 0.175028 0.000010 0.019768 0.000010 0.560644 0.132044 0.035663
0.000010 0.037327 0.103260 0.000010 0.141693 0.000010 0.664866 0.052814 0.000010
0.000010 0.000010 0.000010 0.999920 0.000010 0.000010 0.000010 0.000010 0.000010
0.000010 0.782889 0.217041 0.000010 0.000010 0.000010 0.000010 0.000010 0.000010
0.000010 0.793104 0.206826 0.000010 0.000010 0.000010 0.000010 0.000010 0.000010
0.000010 0.121193 0.182184 0.000010 0.076168 0.000010 0.620406 0.000010 0.000010
0.000010 0.000010 0.144378 0.000010 0.000010 0.031670 0.756967 0.000010 0.066934
0.000010 0.999920 0.000010 0.000010 0.000010 0.000010 0.000010 0.000010 0.000010
0.000010 0.999920 0.000010 0.000010 0.000010 0.000010 0.000010 0.000010 0.000010
0.000010 0.999920 0.000010 0.000010 0.000010 0.000010 0.000010 0.000010 0.000010
0.000010 0.007301 0.300024 0.000010 0.000010 0.000010 0.692615 0.000010 0.000010
0.000010 0.000010 0.314163 0.000010 0.000010 0.000010 0.685767 0.000010 0.000010
0.000010 0.999920 0.000010 0.000010 0.000010 0.000010 0.000010 0.000010 0.000010
0.000010 0.999920 0.000010 0.000010 0.000010 0.000010 0.000010 0.000010 0.000010
0.000010 0.999920 0.000010 0.000010 0.000010 0.000010 0.000010 0.000010 0.000010
0.000010 0.143690 0.190818 0.011780 0.119495 0.000010 0.534178 0.000010 0.000010
0.000010 0.079691 0.232684 0.000010 0.000010 0.000010 0.687566 0.000010 0.000010
0.000010 0.103159 0.000010 0.000010 0.068297 0.000010 0.789443 0.000010 0.039051
0.000010 0.098384 0.000010 0.000010 0.063940 0.000010 0.792999 0.000010 0.044627
0.000010 0.109457 0.000010 0.000010 0.057114 0.000010 0.779280 0.000010 0.054100
0.024595 0.116205 0.178397 0.000010 0.000010 0.000010 0.680753 0.000010 0.000010
0.022429 0.092391 0.146825 0.000010 0.000010 0.000010 0.709451 0.000010 0.028864
0.000010 0.146737 0.017217 0.000010 0.000010 0.000010 0.835986 0.000010 0.000010
0.000010 0.134057 0.000010 0.000010 0.000010 0.000010 0.865873 0.000010 0.000010
0.000010 0.111437 0.264939 0.000010 0.000010 0.182979 0.440595 0.000010 0.000010
0.000010 0.111994 0.274798 0.000010 0.000010 0.174350 0.434099 0.000010 0.004719
0.000010 0.610945 0.246480 0.000010 0.091592 0.000010 0.000010 0.000010 0.050933
0.000010 0.171268 0.113792 0.000010 0.000010 0.000010 0.689062 0.025828 0.000010
0.000010 0.177959 0.117376 0.000010 0.000010 0.000010 0.675973 0.028642 0.000010
0.031443 0.601689 0.223255 0.000010 0.057120 0.000010 0.034504 0.000010 0.051959
0.000010 0.068738 0.198703 0.000010 0.102957 0.000010 0.625897 0.000010 0.003665
0.000010 0.088387 0.153890 0.000010 0.074712 0.000010 0.636487 0.000010 0.046484
0.000010 0.046448 0.344866 0.000010 0.052232 0.000010 0.552977 0.000010 0.003437
0.000010 0.558451 0.123354 0.000010 0.000010 0.000010 0.318135 0.000010 0.000010
0.000010 0.082361 0.134238 0.000010 0.082063 0.000010 0.679794 0.000010 0.021505
0.000010 0.338865 0.000010 0.000010 0.000010 0.000010 0.661065 0.000010 0.000010
0.000010 0.262909 0.286498 0.000010 0.119163 0.000010 0.331379 0.000010 0.000010
0.000010 0.286845 0.251330 0.002838 0.105378 0.000010 0.353569 0.000010 0.000010
0.000010 0.332005 0.000010 0.000010 0.000010 0.000010 0.667925 0.000010 0.000010
0.000010 0.303806 0.316602 0.006919 0.104763 0.000010 0.267870 0.000010 0.000010
0.000010 0.158703 0.215751 0.000010 0.000010 0.147025 0.478470 0.000010 0.000010
0.000010 0.000010 0.000010 0.999920 0.000010 0.000010 0.000010 0.000010 0.000010
0.000010 0.000010 0.000010 0.999920 0.000010 0.000010 0.000010 0.000010 0.000010
0.000010 0.000010 0.000010 0.999920 0.000010 0.000010 0.000010 0.000010 0.000010
0.000010 0.000010 0.126946 0.000010 0.000010 0.039722 0.603384 0.088035 0.141873
0.000010 0.000010 0.000010 0.999920 0.000010 0.000010 0.000010 0.000010 0.000010
0.027709 0.018819 0.231662 0.000010 0.021902 0.000010 0.699868 0.000010 0.000010
0.016440 0.000010 0.212675 0.003048 0.000010 0.000010 0.744156 0.023642 0.000010
0.000010 0.000010 0.000010 0.999920 0.000010 0.000010 0.000010 0.000010 0.000010
0.000010 0.000010 0.000010 0.999920 0.000010 0.000010 0.000010 0.000010 0.000010
0.000010 0.000010 0.000010 0.999920 0.000010 0.000010 0.000010 0.000010 0.000010
0.000010 0.140129 0.161359 0.000010 0.000010 0.000010 0.693889 0.000010 0.004572
0.000010 0.000010 0.000011 0.999919 0.000010 0.000010 0.000010 0.000010 0.000010
0.000010 0.016388 0.000010 0.000010 0.000010 0.209981 0.000010 0.773571 0.000010
0.000010 0.000010 0.000010 0.999920 0.000010 0.000010 0.000010 0.000010 0.000010
0.000010 0.000010 0.000010 0.999920 0.000010 0.000010 0.000010 0.000010 0.000010
0.000010 0.000010 0.000010 0.999920 0.000010 0.000010 0.000010 0.000010 0.000010
0.023595 0.093325 0.255764 0.000010 0.103443 0.205058 0.000010 0.318786 0.000010
0.000010 0.042771 0.000010 0.000010 0.223059 0.000010 0.000010 0.734110 0.000010
0.000010 0.000010 0.108969 0.000010 0.174140 0.185223 0.116323 0.386394 0.028921
0.000010 0.041213 0.000010 0.000010 0.234440 0.000010 0.000010 0.724287 0.000010
0.000010 0.000010 0.000010 0.000010 0.000010 0.000010 0.178825 0.821105 0.000010
0.000010 0.014916 0.000010 0.985014 0.000010 0.000010 0.000010 0.000010 0.000010
0.000010 0.098323 0.251239 0.000010 0.000010 0.000010 0.561672 0.088716 0.000010
0.010445 0.029839 0.122863 0.006709 0.052876 0.022147 0.054047 0.596954 0.104121
0.083815 0.117038 0.085061 0.000010 0.000010 0.000010 0.061785 0.562788 0.089484
0.040667 0.092302 0.066981 0.000010 0.109062 0.338282 0.015066 0.315061 0.022569
0.000010 0.019544 0.039597 0.034425 0.000010 0.135688 0.187588 0.482232 0.100905
0.000010 0.000010 0.000010 0.000010 0.116813 0.180197 0.220903 0.386440 0.095607
0.019945 0.000010 0.109060 0.000010 0.187755 0.080707 0.000010 0.456960 0.145544
0.019731 0.054395 0.068998 0.000010 0.240364 0.000010 0.229209 0.387273 0.000010
0.000010 0.000010 0.063478 0.038598 0.125887 0.000010 0.010491 0.533924 0.227592
0.054250 0.000010 0.000010 0.000010 0.099211 0.172761 0.127729 0.476016 0.070003
0.107662 0.000010 0.000010 0.019460 0.133315 0.102753 0.000010 0.536687 0.100093
0.000010 0.000010 0.107574 0.000010 0.000010 0.287914 0.000010 0.526546 0.077916
0.132505 0.000010 0.160088 0.000010 0.172290 0.286431 0.000010 0.248646 0.000010
0.080507 0.053364 0.229478 0.000010 0.000010 0.137957 0.000010 0.444046 0.054619
0.000010 0.000010 0.000010 0.000010 0.126578 0.268543 0.000010 0.597377 0.007452
0.000010 0.000010 0.154616 0.000010 0.161848 0.000010 0.000010 0.669940 0.013547
0.000010 0.000010 0.133063 0.000010 0.115741 0.000010 0.000010 0.725518 0.025629
0.017732 0.013679 0.116264 0.000010 0.228060 0.168047 0.097157 0.359041 0.000010
0.000010 0.088260 0.081184 0.000010 0.197050 0.000010 0.000010 0.633456 0.000010
0.035268 0.046566 0.008687 0.000010 0.000010 0.368761 0.138989 0.401700 0.000010
0.000010 0.000010 0.000010 0.000010 0.000010 0.293346 0.000010 0.706584 0.000010
0.064816 0.000010 0.062281 0.026333 0.125334 0.157843 0.000010 0.563363 0.000010
0.000010 0.053504 0.135990 0.000010 0.039405 0.190097 0.000010 0.513734 0.067240
0.000010 0.000010 0.000010 0.000010 0.000010 0.293866 0.000010 0.706064 0.000010
0.000010 0.044655 0.000010 0.938123 0.000010 0.017162 0.000010 0.000010 0.000010
0.000010 0.000010 0.000010 0.000010 0.017907 0.160408 0.213256 0.496888 0.111501
0.000010 0.000010 0.000010 0.000010 0.000010 0.212484 0.197907 0.491902 0.097657
0.000010 0.000010 0.000010 0.002754 0.165461 0.285205 0.111423 0.392440 0.042688
0.000010 0.000010 0.000010 0.000010 0.315318 0.015725 0.196338 0.472569 0.000010
0.000010 0.000010 0.000010 0.999920 0.000010 0.000010 0.000010 0.000010 0.000010
0.000010 0.000010 0.201693 0.000010 0.000010 0.000010 0.000010 0.798237 0.000010
0.000010 0.000010 0.216397 0.000010 0.000010 0.000010 0.000010 0.783533 0.000010
0.000010 0.000010 0.000010 0.956629 0.000010 0.000010 0.000010 0.000010 0.043301
0.027573 0.103132 0.070228 0.000010 0.332405 0.000010 0.057292 0.409340 0.000010
0.000010 0.000010 0.226539 0.000010 0.000010 0.000010 0.000010 0.773391 0.000010
0.000010 0.000010 0.228359 0.000010 0.000010 0.000010 0.000010 0.771571 0.000010
0.000010 0.000010 0.032372 0.000010 0.000010 0.000010 0.095841 0.871728 0.000010
0.028407 0.072359 0.000010 0.000010 0.182458 0.000010 0.061992 0.462339 0.192413
0.079178 0.000010 0.076896 0.000010 0.105384 0.177084 0.231561 0.327830 0.002047
0.004070 0.003206 0.019300 0.000010 0.000010 0.000010 0.082149 0.891235 0.000010
0.000010 0.040731 0.057409 0.000010 0.186193 0.141750 0.000010 0.573877 0.000010
0.046802 0.000010 0.067812 0.002046 0.094957 0.321741 0.168998 0.235409 0.062225
0.014547 0.000010 0.101805 0.000010 0.024278 0.194202 0.096818 0.390777 0.177554
0.007619 0.030733 0.054733 0.000010 0.061620 0.017239 0.037706 0.609705 0.180634
0.056686 0.019597 0.044713 0.013149 0.182152 0.000010 0.105181 0.554789 0.023722
0.000010 0.150214 0.129028 0.000010 0.195335 0.315932 0.000010 0.132281 0.077181
0.052074 0.000010 0.143095 0.012225 0.072173 0.172157 0.000010 0.548246 0.000010
0.033361 0.012817 0.091078 0.004313 0.129513 0.377208 0.032745 0.296289 0.022677
0.000010 0.066832 0.000010 0.000010 0.203507 0.414005 0.002818 0.262467 0.050340
0.000010 0.000010 0.415593 0.000010 0.000010 0.000010 0.584337 0.000010 0.000010
0.000010 0.147613 0.155815 0.000010 0.013852 0.000010 0.682669 0.000010 0.000010
0.000010 0.000010 0.422123 0.000010 0.000010 0.000010 0.564600 0.000010 0.013216
0.000010 0.000010 0.457617 0.000010 0.000010 0.000010 0.536268 0.000010 0.006055
0.000010 0.216958 0.253347 0.000010 0.070369 0.008745 0.450541 0.000010 0.000010
0.000010 0.114412 0.188384 0.000010 0.000010 0.000010 0.697143 0.000010 0.000010
0.000010 0.038562 0.294701 0.000010 0.102652 0.117906 0.446139 0.000010 0.000010
0.000010 0.000011 0.213324 0.000010 0.000010 0.180612 0.569797 0.000010 0.036216
0.023082 0.000010 0.303772 0.000010 0.000010 0.000010 0.617504 0.000010 0.055592
0.000010 0.123927 0.234246 0.000010 0.000010 0.000010 0.641767 0.000010 0.000010
0.000010 0.100513 0.299934 0.000010 0.134797 0.000010 0.464706 0.000010 0.000010
0.000010 0.123819 0.237406 0.000010 0.000010 0.000010 0.636573 0.002152 0.000010
0.000010 0.085037 0.046226 0.000010 0.141918 0.076092 0.631607 0.000010 0.019090
0.000010 0.173596 0.234066 0.000010 0.000010 0.000010 0.592278 0.000010 0.000010
0.006056 0.000010 0.180029 0.000010 0.000010 0.148574 0.595372 0.069929 0.000010
0.000010 0.000012 0.000010 0.999918 0.000010 0.000010 0.000010 0.000010 0.000010
0.005655 0.119424 0.333647 0.000010 0.000017 0.000010 0.541217 0.000010 0.000010
0.000010 0.087948 0.229346 0.000010 0.000010 0.000010 0.605733 0.076923 0.000010
0.000010 0.069786 0.141362 0.000010 0.000010 0.054254 0.716070 0.008883 0.009615
0.024340 0.173089 0.271393 0.000010 0.000010 0.000010 0.406916 0.116137 0.008095
0.000010 0.000010 0.999920 0.000010 0.000010 0.000010 0.000010 0.000010 0.000010
0.000010 0.002635 0.215074 0.000010 0.029292 0.142623 0.571285 0.039059 0.000010
0.000010 0.000010 0.999920 0.000010 0.000010 0.000010 0.000010 0.000010 0.000010
0.000010 0.000010 0.209566 0.000010 0.000010 0.000010 0.746520 0.000010 0.043854
0.000010 0.000010 0.219195 0.000010 0.000010 0.000010 0.749020 0.000010 0.031725
0.000010 0.106460 0.244115 0.000010 0.000010 0.000010 0.649365 0.000010 0.000010
0.000010 0.000010 0.999920 0.000010 0.000010 0.000010 0.000010 0.000010 0.000010
0.000010 0.000010 0.999920 0.000010 0.000010 0.000010 0.000010 0.000010 0.000010
0.000010 0.041402 0.138420 0.000010 0.000010 0.026224 0.793904 0.000010 0.000010
0.000010 0.101145 0.168066 0.008235 0.000010 0.000010 0.657224 0.065290 0.000010
0.000010 0.000010 0.999920 0.000010 0.000010 0.000010 0.000010 0.000010 0.000010
0.000010 0.000010 0.083222 0.000010 0.109409 0.000010 0.000010 0.572763 0.234556
0.000010 0.000010 0.235006 0.000010 0.000010 0.052625 0.685517 0.000010 0.026803
0.000010 0.000010 0.999920 0.000010 0.000010 0.000010 0.000010 0.000010 0.000010
0.018145 0.052737 0.189184 0.025427 0.000010 0.100711 0.585345 0.028430 0.000010
0.000010 0.000010 0.261697 0.000010 0.000010 0.083839 0.654404 0.000010 0.000010
0.000010 0.008804 0.066061 0.000010 0.000010 0.000010 0.892335 0.000010 0.032750
0.000010 0.046378 0.366133 0.000010 0.000010 0.000010 0.496667 0.090773 0.000010
0.000010 0.009255 0.240010 0.000010 0.000010 0.000010 0.643199 0.021052 0.086443
0.000010 0.053335 0.386749 0.000010 0.000010 0.000010 0.481616 0.078251 0.000010
0.000010 0.144097 0.190862 0.000010 0.002336 0.000010 0.657838 0.000010 0.004828
0.000010 0.159911 0.163555 0.000010 0.000010 0.037435 0.616981 0.022078 0.000010
0.000010 0.098261 0.193135 0.027687 0.000010 0.000010 0.582097 0.098781 0.000010
0.000010 0.122017 0.204263 0.022824 0.000010 0.000010 0.540068 0.110787 0.000010
0.000010 0.132335 0.304282 0.000010 0.000010 0.086445 0.407325 0.069573 0.000010
0.000010 0.132645 0.296059 0.000010 0.000010 0.110644 0.397723 0.062156 0.000742
0.000010 0.000010 0.065800 0.000010 0.000010 0.000010 0.757900 0.135528 0.040722
0.000010 0.000010 0.065924 0.000010 0.000010 0.000010 0.772422 0.104060 0.057544
0.024343 0.014209 0.067423 0.000010 0.027436 0.211549 0.042165 0.612856 0.000010
0.000010 0.000010 0.000010 0.000010 0.000010 0.178104 0.821826 0.000010 0.000010
0.000010 0.000010 0.000010 0.000010 0.000010 0.177279 0.822651 0.000010 0.000010
0.000010 0.000010 0.000010 0.000010 0.000010 0.165440 0.834490 0.000010 0.000010
0.000010 0.177606 0.203845 0.000010 0.000010 0.000010 0.497292 0.115492 0.005725
0.000010 0.077270 0.147805 0.000010 0.000010 0.000010 0.731659 0.000010 0.043215
0.123820 0.000010 0.095578 0.000010 0.000010 0.000010 0.609448 0.000010 0.171104
0.000010 0.017617 0.075426 0.000010 0.000010 0.000010 0.796304 0.107396 0.003217
0.000010 0.000010 0.075123 0.000010 0.000010 0.000010 0.834355 0.090462 0.000010
0.000010 0.169129 0.246620 0.000010 0.015983 0.000010 0.435703 0.000010 0.132524
0.000010 0.067817 0.513855 0.000010 0.000010 0.000010 0.412586 0.000010 0.005692
0.000010 0.000010 0.248148 0.000010 0.187755 0.033347 0.334484 0.119817 0.076419
0.000010 0.079219 0.287906 0.000010 0.000010 0.000010 0.632815 0.000010 0.000010
0.030200 0.038603 0.317985 0.000010 0.000010 0.000010 0.613161 0.000010 0.000010
0.023908 0.045128 0.179689 0.000010 0.011834 0.000010 0.603961 0.000010 0.135450
0.000010 0.166628 0.378367 0.000010 0.000010 0.000010 0.454945 0.000010 0.000010
0.000010 0.165454 0.382305 0.000010 0.000010 0.000010 0.452181 0.000010 0.000010
0.020478 0.048203 0.140642 0.000010 0.026518 0.000010 0.725424 0.000010 0.038705
0.000010 0.117334 0.260306 0.000010 0.000010 0.018534 0.603776 0.000010 0.000010
0.000010 0.068756 0.182189 0.000010 0.000010 0.019273 0.606841 0.122901 0.000010
0.048567 0.000010 0.162367 0.000010 0.000010 0.000010 0.789006 0.000010 0.000010
0.000010 0.220502 0.129304 0.001413 0.000010 0.000010 0.518682 0.123063 0.007005
0.000010 0.045612 0.298558 0.000010 0.000010 0.000010 0.533732 0.112803 0.009256
0.023035 0.205990 0.231967 0.010210 0.061868 0.000010 0.353066 0.048391 0.065462
0.000010 0.000010 0.257152 0.000010 0.000010 0.000010 0.742778 0.000010 0.000010
0.000010 0.112428 0.169004 0.022051 0.050681 0.000010 0.645797 0.000010 0.000010
0.056239 0.000010 0.152972 0.000010 0.000010 0.000010 0.790729 0.000010 0.000010
0.023781 0.013368 0.124614 0.000010 0.062681 0.000010 0.770419 0.000010 0.005106
0.041092 0.145760 0.220247 0.000010 0.029870 0.000010 0.562991 0.000010 0.000010
0.000010 0.118049 0.351222 0.000010 0.000010 0.071660 0.395704 0.000010 0.063325
0.021107 0.131680 0.175969 0.000010 0.000010 0.000010 0.623357 0.000010 0.047846
0.001967 0.065465 0.293228 0.025046 0.026635 0.000010 0.566670 0.020969 0.000010
0.000010 0.090955 0.330573 0.000010 0.000010 0.054691 0.434386 0.000010 0.089355
0.024247 0.074105 0.298965 0.000010 0.000010 0.000010 0.519558 0.036522 0.046573
0.000010 0.106521 0.373813 0.000010 0.000010 0.046095 0.408092 0.000010 0.065439
0.000010 0.058402 0.273833 0.000010 0.000010 0.009242 0.431392 0.144386 0.082715
0.000010 0.000010 0.206235 0.000010 0.000010 0.000010 0.672497 0.077310 0.043908
0.013415 0.039599 0.100169 0.000010 0.000010 0.000010 0.846767 0.000010 0.000010
0.000010 0.144208 0.244491 0.000010 0.000010 0.000010 0.511269 0.099983 0.000010
0.000010 0.064457 0.178207 0.001973 0.018003 0.000010 0.737321 0.000010 0.000010
0.000010 0.000010 0.000010 0.999918 0.000012 0.000010 0.000010 0.000010 0.000010
0.000010 0.027700 0.153943 0.000010 0.000010 0.061740 0.657326 0.000010 0.099251
0.000010 0.089265 0.319115 0.000010 0.075382 0.000010 0.489888 0.026310 0.000010
0.000010 0.143337 0.287859 0.000010 0.000010 0.000010 0.555387 0.013367 0.000010
0.000010 0.000010 0.060059 0.000010 0.000010 0.000010 0.853248 0.000010 0.086634
0.000010 0.117322 0.000010 0.000010 0.000010 0.000010 0.645893 0.236725 0.000010
0.007386 0.076296 0.357827 0.000010 0.015483 0.000010 0.510801 0.000010 0.032178
0.072250 0.027932 0.172057 0.000010 0.098874 0.000010 0.628848 0.000010 0.000010
0.000010 0.011126 0.396850 0.000010 0.107528 0.000010 0.484447 0.000010 0.000010
0.000010 0.000010 0.439488 0.000010 0.134202 0.000010 0.426251 0.000010 0.000010
0.000010 0.078718 0.337027 0.000010 0.000010 0.000010 0.412153 0.165039 0.007023
0.000010 0.168474 0.193106 0.000010 0.061348 0.000010 0.514693 0.000010 0.062338
0.000010 0.055945 0.125099 0.000010 0.001076 0.070422 0.594578 0.093807 0.059053
0.006939 0.121795 0.136220 0.000652 0.000010 0.077664 0.653718 0.000010 0.002992
0.000010 0.216030 0.280309 0.000010 0.000010 0.000010 0.424242 0.000010 0.079369
0.000010 0.025214 0.207427 0.000010 0.000010 0.000010 0.767298 0.000010 0.000010
0.000010 0.000010 0.000010 0.000010 0.000010 0.000010 0.172514 0.827416 0.000010
0.000010 0.000010 0.092465 0.000010 0.063904 0.843572 0.000010 0.000010 0.000010
0.000010 0.000010 0.016248 0.020648 0.226314 0.522583 0.201986 0.012190 0.000010
0.000010 0.000010 0.089296 0.000010 0.065362 0.845282 0.000010 0.000010 0.000010
0.000010 0.000010 0.090758 0.000010 0.064266 0.844916 0.000010 0.000010 0.000010
0.000010 0.000010 0.113603 0.007882 0.189728 0.658608 0.000010 0.030140 0.000010
0.000010 0.008692 0.077662 0.000010 0.000010 0.623737 0.194102 0.037791 0.057986
0.000010 0.069546 0.000010 0.000010 0.065857 0.787080 0.000010 0.068498 0.008979
0.000010 0.072568 0.000010 0.000010 0.060597 0.783108 0.000010 0.079318 0.004369
0.000010 0.081872 0.000010 0.000010 0.000010 0.918058 0.000010 0.000010 0.000010
0.000010 0.000010 0.000010 0.000010 0.000010 0.903211 0.000010 0.000010 0.096719
0.000010 0.024832 0.017106 0.000010 0.000010 0.722221 0.154950 0.000010 0.080851
0.000010 0.022343 0.000010 0.000010 0.000010 0.870639 0.000010 0.000010 0.106958
0.000010 0.006982 0.000010 0.000010 0.000010 0.776545 0.109488 0.000010 0.106935
0.000010 0.000010 0.000010 0.000010 0.000010 0.896809 0.000010 0.000010 0.103121
0.000010 0.034296 0.000010 0.000010 0.160330 0.696985 0.000010 0.000010 0.108340
0.000010 0.000010 0.056325 0.000010 0.124393 0.727718 0.023499 0.000010 0.068024
0.000010 0.041425 0.000010 0.000010 0.192081 0.751620 0.000010 0.014824 0.000010
0.000010 0.000010 0.129665 0.000010 0.000010 0.870265 0.000010 0.000010 0.000010
0.000010 0.000010 0.000010 0.000010 0.037416 0.962514 0.000010 0.000010 0.000010
0.000010 0.000010 0.129482 0.000010 0.000010 0.870448 0.000010 0.000010 0.000010
0.050598 0.053235 0.064373 0.002393 0.020137 0.591274 0.000010 0.177844 0.040135
0.000010 0.010918 0.000010 0.000010 0.090293 0.867466 0.031274 0.000010 0.000010
0.000010 0.000010 0.000010 0.000010 0.052847 0.947083 0.000010 0.000010 0.000010
0.000010 0.000010 0.000010 0.999920 0.000010 0.000010 0.000010 0.000010 0.000010
0.000010 0.000010 0.135882 0.000010 0.000010 0.864048 0.000010 0.000010 0.000010
0.000010 0.050661 0.019923 0.000010 0.079824 0.799260 0.050291 0.000010 0.000010
0.000010 0.000010 0.132490 0.000010 0.000010 0.867440 0.000010 0.000010 0.000010
0.000010 0.060000 0.004336 0.000010 0.070658 0.848297 0.003894 0.000010 0.012785
0.098275 0.036211 0.000010 0.000010 0.000010 0.490460 0.268179 0.025665 0.081180
0.000010 0.035658 0.019600 0.000010 0.052162 0.892530 0.000010 0.000010 0.000010
0.049824 0.000010 0.000010 0.000010 0.128592 0.516598 0.136861 0.142179 0.025916
0.000010 0.011299 0.000010 0.000010 0.000010 0.988631 0.000010 0.000010 0.000010
0.000010 0.098937 0.168592 0.030624 0.198074 0.473846 0.000010 0.029897 0.000010
0.000010 0.000010 0.000010 0.000010 0.030771 0.815260 0.005868 0.000010 0.148051
0.000010 0.108526 0.000010 0.000010 0.000010 0.882440 0.008974 0.000010 0.000010
0.000010 0.000010 0.000010 0.000010 0.051552 0.798036 0.024194 0.000010 0.126168
0.000010 0.107496 0.000010 0.000010 0.000010 0.888006 0.004438 0.000010 0.000010
0.044828 0.039816 0.085403 0.007622 0.098320 0.540441 0.123591 0.020990 0.038991
0.071358 0.000010 0.000010 0.000010 0.193424 0.625536 0.109632 0.000010 0.000010
0.007880 0.000010 0.000010 0.000010 0.000010 0.992050 0.000010 0.000010 0.000010
0.011105 0.000010 0.000010 0.000010 0.000010 0.988825 0.000010 0.000010 0.000010
0.000010 0.000010 0.000010 0.000010 0.147574 0.852356 0.000010 0.000010 0.000010
0.000010 0.000010 0.094256 0.065321 0.000010 0.840363 0.000010 0.000010 0.000010
0.000010 0.000010 0.089023 0.000010 0.152686 0.758231 0.000010 0.000010 0.000010
0.000010 0.037832 0.000010 0.000010 0.000010 0.962098 0.000010 0.000010 0.000010
0.000010 0.040862 0.000010 0.000010 0.000010 0.959068 0.000010 0.000010 0.000010
0.000010 0.104268 0.078324 0.000010 0.085985 0.696141 0.035242 0.000010 0.000010
0.000010 0.000010 0.000010 0.000010 0.136386 0.863544 0.000010 0.000010 0.000010
0.000010 0.000010 0.000010 0.000010 0.108657 0.852905 0.000010 0.038378 0.000010
0.000010 0.046195 0.120640 0.000010 0.000010 0.685400 0.082144 0.000010 0.065581
0.000010 0.000010 0.114158 0.000010 0.000010 0.789351 0.000010 0.096431 0.000010
0.000010 0.011470 0.000010 0.988460 0.000010 0.000010 0.000010 0.000010 0.000010
0.000010 0.000010 0.041638 0.000010 0.000010 0.795286 0.000010 0.000010 0.163016
0.000010 0.000010 0.097411 0.000010 0.115574 0.772020 0.000010 0.000010 0.014946
0.000010 0.040837 0.000010 0.000010 0.000010 0.959093 0.000010 0.000010 0.000010
0.000010 0.000010 0.000010 0.999920 0.000010 0.000010 0.000010 0.000010 0.000010
0.010632 0.000010 0.030845 0.000010 0.160441 0.798032 0.000010 0.000010 0.000010
