0.000010 0.283670 0.000010 0.029191 0.223328 0.291586 0.000010 0.044091 0.128103
0.116403 0.000010 0.000010 0.239928 0.121626 0.000010 0.000010 0.000010 0.521994
0.000010 0.999920 0.000010 0.000010 0.000010 0.000010 0.000010 0.000010 0.000010
0.000010 0.999920 0.000010 0.000010 0.000010 0.000010 0.000010 0.000010 0.000010
0.000010 0.999920 0.000010 0.000010 0.000010 0.000010 0.000010 0.000010 0.000010
0.000010 0.999920 0.000010 0.000010 0.000010 0.000010 0.000010 0.000010 0.000010
0.000010 0.999920 0.000010 0.000010 0.000010 0.000010 0.000010 0.000010 0.000010
0.000010 0.410986 0.000010 0.069019 0.182852 0.291215 0.000010 0.000010 0.045887
0.000010 0.000010 0.000010 0.172812 0.367160 0.000010 0.028189 0.000010 0.431789
0.000010 0.000010 0.000010 0.165432 0.367987 0.000010 0.032848 0.000010 0.433684
0.008259 0.207094 0.000010 0.000010 0.478929 0.000010 0.160707 0.000010 0.144971
0.000010 0.133302 0.000010 0.074719 0.485298 0.000010 0.000010 0.000010 0.306631
0.000010 0.133657 0.000010 0.083390 0.461833 0.000010 0.000010 0.000010 0.321070
0.000010 0.000010 0.000010 0.000010 0.999920 0.000010 0.000010 0.000010 0.000010
0.000010 0.000010 0.000010 0.000010 0.999920 0.000010 0.000010 0.000010 0.000010
0.000010 0.000010 0.000010 0.000010 0.999920 0.000010 0.000010 0.000010 0.000010
0.000010 0.000010 0.000010 0.000010 0.999920 0.000010 0.000010 0.000010 0.000010
0.000010 0.158098 0.000010 0.187236 0.182698 0.000010 0.037787 0.000010 0.434141
0.000010 0.133808 0.000010 0.216661 0.185334 0.000010 0.032029 0.000010 0.432128
0.000010 0.000010 0.000010 0.000010 0.999920 0.000010 0.000010 0.000010 0.000010
0.000010 0.000010 0.000010 0.000010 0.999920 0.000010 0.000010 0.000010 0.000010
0.000010 0.684884 0.000010 0.000010 0.099628 0.215428 0.000010 0.000010 0.000010
0.000010 0.574180 0.000010 0.000010 0.223281 0.202479 0.000010 0.000010 0.000010
0.000010 0.590689 0.000010 0.000010 0.210834 0.198418 0.000010 0.000010 0.000010
0.000010 0.000010 0.000010 0.169864 0.368284 0.000010 0.030104 0.000010 0.431698
0.000010 0.197907 0.000010 0.000010 0.245062 0.112563 0.000010 0.000010 0.444419
0.000010 0.214024 0.000010 0.103281 0.222199 0.162476 0.112706 0.019280 0.166014
0.000010 0.000010 0.000010 0.149095 0.167836 0.223698 0.000010 0.000010 0.459321
0.000010 0.283879 0.014092 0.092186 0.433492 0.000010 0.066600 0.000010 0.109721
0.000010 0.000010 0.000010 0.000010 0.000010 0.000010 0.000010 0.000010 0.999920
0.000010 0.000010 0.000010 0.000010 0.000010 0.000010 0.000010 0.000010 0.999920
0.000010 0.271962 0.000010 0.044797 0.469554 0.000010 0.007761 0.000010 0.205885
0.000010 0.000010 0.000010 0.000010 0.000010 0.000010 0.000010 0.000010 0.999920
0.000010 0.212834 0.049354 0.000010 0.216463 0.060778 0.107608 0.008880 0.344064
0.000010 0.110386 0.000010 0.126985 0.234434 0.021798 0.014634 0.000010 0.491734
0.000010 0.000010 0.000010 0.146291 0.169102 0.223975 0.000010 0.000010 0.460582
0.000010 0.417973 0.000010 0.000010 0.000010 0.000010 0.000010 0.000010 0.581957
0.000010 0.000010 0.000010 0.000010 0.000010 0.000010 0.000010 0.000010 0.999920
0.000010 0.000010 0.000010 0.049288 0.006151 0.000010 0.000010 0.000010 0.944501
0.000010 0.000010 0.000010 0.111783 0.000010 0.000010 0.000010 0.000010 0.888147
0.000010 0.000010 0.000010 0.119531 0.000010 0.000010 0.000010 0.000010 0.880399
0.000010 0.154809 0.025006 0.222270 0.198814 0.000010 0.012468 0.045322 0.341290
0.000010 0.117063 0.000010 0.000010 0.150555 0.000010 0.000010 0.000010 0.732322
0.004189 0.159068 0.000010 0.090181 0.192905 0.191513 0.022572 0.000010 0.339552
0.034067 0.327189 0.000010 0.000010 0.148569 0.000010 0.000010 0.000010 0.490124
0.000010 0.000010 0.000010 0.000010 0.000010 0.000010 0.000010 0.000010 0.999920
0.000010 0.000010 0.000010 0.159088 0.097504 0.232713 0.000010 0.000010 0.510644
0.005382 0.018293 0.165843 0.066765 0.111250 0.000010 0.632437 0.000010 0.000010
0.000010 0.000010 0.000010 0.000010 0.999920 0.000010 0.000010 0.000010 0.000010
0.000010 0.000010 0.000010 0.000010 0.999920 0.000010 0.000010 0.000010 0.000010
0.000010 0.244723 0.101820 0.122270 0.423911 0.000010 0.055258 0.000010 0.051988
0.000010 0.000010 0.000010 0.000010 0.495818 0.000010 0.000010 0.001202 0.502920
0.000010 0.000010 0.000010 0.000010 0.499179 0.000010 0.000010 0.001375 0.499386
0.000010 0.000010 0.000010 0.000010 0.486956 0.000010 0.000010 0.001749 0.511235
0.000010 0.000010 0.000010 0.000010 0.482803 0.000010 0.000010 0.002368 0.514770
0.000010 0.000010 0.000010 0.000010 0.999920 0.000010 0.000010 0.000010 0.000010
0.000010 0.000010 0.000010 0.000010 0.999920 0.000010 0.000010 0.000010 0.000010
0.000010 0.288780 0.000010 0.689656 0.000010 0.004998 0.016516 0.000010 0.000010
0.000010 0.173698 0.002551 0.271177 0.206697 0.000010 0.000010 0.000010 0.345837
0.000010 0.319457 0.000010 0.650352 0.029703 0.000010 0.000437 0.000010 0.000010
0.000010 0.312725 0.000010 0.661584 0.012630 0.000010 0.013011 0.000010 0.000010
0.000010 0.000010 0.000010 0.000010 0.999920 0.000010 0.000010 0.000010 0.000010
0.000010 0.000010 0.000010 0.983577 0.000010 0.000010 0.000010 0.016353 0.000010
0.000010 0.000010 0.000010 0.999920 0.000010 0.000010 0.000010 0.000010 0.000010
0.000010 0.000010 0.000010 0.999920 0.000010 0.000010 0.000010 0.000010 0.000010
0.000010 0.000010 0.000010 0.999920 0.000010 0.000010 0.000010 0.000010 0.000010
0.000010 0.000010 0.000010 0.999920 0.000010 0.000010 0.000010 0.000010 0.000010
0.000010 0.000010 0.000010 0.999920 0.000010 0.000010 0.000010 0.000010 0.000010
0.000010 0.000010 0.189453 0.132142 0.383224 0.000010 0.164256 0.000010 0.130885
0.000010 0.000010 0.000010 0.999920 0.000010 0.000010 0.000010 0.000010 0.000010
0.000010 0.000010 0.000010 0.999920 0.000010 0.000010 0.000010 0.000010 0.000010
0.000010 0.000010 0.000010 0.000010 0.999920 0.000010 0.000010 0.000010 0.000010
0.000010 0.000010 0.000010 0.000010 0.999920 0.000010 0.000010 0.000010 0.000010
0.000010 0.220434 0.021010 0.055141 0.475375 0.000010 0.000010 0.021998 0.206012
0.000010 0.339108 0.000010 0.134521 0.423290 0.000010 0.078677 0.000010 0.024363
0.026618 0.000010 0.000010 0.000010 0.973312 0.000010 0.000010 0.000010 0.000010
0.000010 0.999920 0.000010 0.000010 0.000010 0.000010 0.000010 0.000010 0.000010
0.000010 0.999920 0.000010 0.000010 0.000010 0.000010 0.000010 0.000010 0.000010
0.000010 0.999920 0.000010 0.000010 0.000010 0.000010 0.000010 0.000010 0.000010
0.000010 0.999920 0.000010 0.000010 0.000010 0.000010 0.000010 0.000010 0.000010
0.000010 0.999920 0.000010 0.000010 0.000010 0.000010 0.000010 0.000010 0.000010
0.000010 0.999920 0.000010 0.000010 0.000010 0.000010 0.000010 0.000010 0.000010
0.029002 0.000010 0.000010 0.000010 0.970928 0.000010 0.000010 0.000010 0.000010
0.027516 0.000010 0.000010 0.000010 0.972414 0.000010 0.000010 0.000010 0.000010
0.000010 0.015425 0.175330 0.000010 0.469734 0.000010 0.000010 0.000010 0.339461
0.000010 0.000010 0.177355 0.000010 0.430567 0.000010 0.000010 0.000010 0.392018
0.000010 0.000010 0.000010 0.999920 0.000010 0.000010 0.000010 0.000010 0.000010
0.000010 0.000010 0.000010 0.999920 0.000010 0.000010 0.000010 0.000010 0.000010
0.000010 0.000010 0.000010 0.999920 0.000010 0.000010 0.000010 0.000010 0.000010
0.000010 0.000010 0.000010 0.999920 0.000010 0.000010 0.000010 0.000010 0.000010
0.000010 0.000010 0.000010 0.999920 0.000010 0.000010 0.000010 0.000010 0.000010
0.085724 0.000010 0.000010 0.000010 0.000010 0.000010 0.000010 0.914206 0.000010
0.000010 0.143308 0.124793 0.000010 0.043415 0.000010 0.000010 0.070833 0.617611
0.000010 0.144381 0.119799 0.000010 0.054007 0.000010 0.000010 0.073109 0.608664
0.000010 0.246105 0.112769 0.072163 0.402473 0.010670 0.000010 0.011341 0.144460
0.000010 0.001672 0.182080 0.000010 0.520728 0.295468 0.000012 0.000010 0.000010
0.000010 0.039978 0.131246 0.000010 0.535014 0.261249 0.032474 0.000010 0.000010
0.008274 0.185970 0.070635 0.125037 0.506261 0.022372 0.026786 0.000010 0.054654
0.000010 0.273322 0.145858 0.052239 0.357814 0.011502 0.000010 0.008752 0.150493
0.155140 0.000010 0.000010 0.000010 0.000010 0.000010 0.000010 0.844790 0.000010
0.005244 0.236266 0.000010 0.172492 0.215835 0.131632 0.030622 0.000010 0.207889
0.000010 0.000010 0.000010 0.227167 0.443278 0.000010 0.257472 0.000010 0.072032
0.000010 0.000010 0.007747 0.225289 0.474854 0.000010 0.275659 0.000010 0.016411
0.000010 0.000010 0.000010 0.225326 0.441379 0.000010 0.265258 0.000010 0.067988
0.000010 0.000010 0.000010 0.000010 0.000010 0.000010 0.000010 0.999920 0.000010
0.002084 0.000010 0.000010 0.168358 0.389694 0.000010 0.019206 0.000010 0.420618
0.074722 0.000019 0.000010 0.000010 0.000010 0.000010 0.013778 0.905310 0.006131
0.000010 0.304613 0.000010 0.047245 0.407893 0.000010 0.006488 0.000010 0.233720
0.000010 0.000010 0.000010 0.000010 0.000010 0.000010 0.000010 0.999920 0.000010
0.000010 0.000010 0.000010 0.000010 0.000010 0.000010 0.000010 0.999920 0.000010
0.019128 0.020990 0.000010 0.000010 0.241936 0.000010 0.000010 0.000010 0.717896
0.050911 0.000010 0.000010 0.000010 0.302938 0.000010 0.000010 0.000010 0.646092
0.106299 0.000010 0.000010 0.000010 0.000010 0.000010 0.000010 0.893631 0.000010
0.104927 0.000010 0.000010 0.000010 0.000010 0.000010 0.000010 0.895003 0.000010
0.000010 0.000010 0.000010 0.999920 0.000010 0.000010 0.000010 0.000010 0.000010
0.000010 0.000010 0.000010 0.999920 0.000010 0.000010 0.000010 0.000010 0.000010
0.088557 0.000010 0.000010 0.000010 0.000010 0.000010 0.000010 0.911373 0.000010
0.000010 0.000010 0.000010 0.999920 0.000010 0.000010 0.000010 0.000010 0.000010
0.000010 0.000010 0.000010 0.999920 0.000010 0.000010 0.000010 0.000010 0.000010
0.000010 0.000010 0.000010 0.999920 0.000010 0.000010 0.000010 0.000010 0.000010
0.000010 0.000010 0.000010 0.000010 0.999920 0.000010 0.000010 0.000010 0.000010
0.000010 0.000010 0.000010 0.000010 0.999920 0.000010 0.000010 0.000010 0.000010
0.000010 0.000010 0.000010 0.000010 0.999920 0.000010 0.000010 0.000010 0.000010
0.000010 0.000010 0.000010 0.000010 0.999920 0.000010 0.000010 0.000010 0.000010
0.000010 0.000010 0.000010 0.999920 0.000010 0.000010 0.000010 0.000010 0.000010
0.000010 0.000010 0.000010 0.999920 0.000010 0.000010 0.000010 0.000010 0.000010
0.000010 0.000010 0.000010 0.999920 0.000010 0.000010 0.000010 0.000010 0.000010
0.000010 0.000010 0.000010 0.999920 0.000010 0.000010 0.000010 0.000010 0.000010
0.000010 0.000010 0.000010 0.999920 0.000010 0.000010 0.000010 0.000010 0.000010
0.000010 0.000010 0.000010 0.999920 0.000010 0.000010 0.000010 0.000010 0.000010
0.000010 0.000010 0.000010 0.300342 0.379155 0.184446 0.055408 0.000010 0.080609
0.000010 0.000010 0.000010 0.316438 0.417323 0.196942 0.036971 0.000010 0.032286
0.000010 0.000010 0.000010 0.319427 0.402622 0.122428 0.080845 0.000010 0.074638
0.000010 0.298348 0.000010 0.000010 0.209491 0.160658 0.000010 0.000010 0.331453
0.000010 0.271157 0.000010 0.000010 0.239656 0.154480 0.000010 0.000010 0.334656
0.000010 0.062682 0.256927 0.000010 0.041544 0.000010 0.638797 0.000010 0.000010
0.017031 0.170688 0.068909 0.001924 0.054432 0.000010 0.663780 0.000010 0.023215
0.000010 0.069777 0.234777 0.000010 0.000010 0.000010 0.601887 0.000010 0.093509
0.000010 0.058164 0.071558 0.004533 0.034674 0.000010 0.713972 0.000010 0.117070
0.000010 0.000010 0.463279 0.000010 0.000010 0.149370 0.289010 0.000010 0.098291
0.000010 0.000010 0.412176 0.000010 0.000010 0.161754 0.344559 0.000010 0.081461
0.000010 0.000010 0.430697 0.000010 0.000010 0.157576 0.320674 0.000010 0.091003
0.016833 0.000010 0.341168 0.063439 0.000010 0.034254 0.544266 0.000010 0.000010
0.000010 0.000010 0.000853 0.000010 0.000010 0.000010 0.999077 0.000010 0.000010
0.000010 0.000010 0.063028 0.000010 0.000010 0.000010 0.936902 0.000010 0.000010
0.041382 0.000010 0.072396 0.000010 0.169726 0.000010 0.716446 0.000010 0.000010
0.210722 0.000010 0.000010 0.000010 0.000010 0.000010 0.000010 0.789208 0.000010
0.000010 0.000010 0.041015 0.000010 0.001158 0.000010 0.868132 0.000010 0.089645
0.008700 0.000010 0.111255 0.051192 0.084383 0.067144 0.677296 0.000010 0.000010
0.000010 0.000010 0.055283 0.000010 0.000010 0.000010 0.502392 0.000010 0.442265
0.000010 0.000010 0.071554 0.000010 0.000010 0.000010 0.505561 0.000010 0.422825
0.000010 0.000010 0.197443 0.000010 0.000010 0.000010 0.378836 0.000010 0.423661
0.000010 0.118110 0.110588 0.105842 0.000010 0.037649 0.627772 0.000010 0.000010
0.000010 0.000010 0.085280 0.000010 0.000010 0.000010 0.539968 0.000010 0.374692
0.000010 0.091841 0.274684 0.000010 0.057169 0.116042 0.460224 0.000010 0.000010
0.000010 0.000010 0.163558 0.000010 0.000010 0.000010 0.836372 0.000010 0.000010
0.000010 0.000010 0.158358 0.000010 0.000010 0.000010 0.841572 0.000010 0.000010
0.000017 0.000010 0.166141 0.000010 0.000010 0.000010 0.833782 0.000010 0.000010
0.000010 0.000010 0.000010 0.000010 0.000010 0.000010 0.999920 0.000010 0.000010
0.001322 0.000010 0.000010 0.000010 0.000010 0.000010 0.998608 0.000010 0.000010
0.000010 0.000010 0.000010 0.000010 0.000010 0.000010 0.999920 0.000010 0.000010
0.000010 0.278507 0.054783 0.000010 0.031207 0.186453 0.173923 0.000010 0.275097
0.000010 0.044372 0.120972 0.039883 0.126409 0.000010 0.661498 0.006837 0.000010
0.086017 0.000010 0.000010 0.000010 0.000010 0.000010 0.000010 0.913913 0.000010
0.000010 0.000010 0.379312 0.000010 0.337626 0.000010 0.283002 0.000010 0.000010
0.000010 0.000010 0.343535 0.000010 0.313664 0.000010 0.342741 0.000010 0.000010
0.000010 0.000010 0.377197 0.000010 0.330775 0.000010 0.291968 0.000010 0.000010
0.000010 0.000010 0.344543 0.000010 0.304929 0.000010 0.350468 0.000010 0.000010
0.000010 0.000010 0.999920 0.000010 0.000010 0.000010 0.000010 0.000010 0.000010
0.000010 0.000010 0.999920 0.000010 0.000010 0.000010 0.000010 0.000010 0.000010
0.000010 0.000010 0.999920 0.000010 0.000010 0.000010 0.000010 0.000010 0.000010
0.000010 0.000010 0.999920 0.000010 0.000010 0.000010 0.000010 0.000010 0.000010
0.000010 0.000010 0.000010 0.087649 0.000010 0.000010 0.669199 0.000010 0.243093
0.000010 0.000010 0.000010 0.096176 0.000010 0.000010 0.685152 0.000010 0.218612
0.025257 0.000010 0.155707 0.000010 0.053980 0.000010 0.646180 0.000010 0.118836
0.214586 0.000010 0.000010 0.000010 0.000010 0.000010 0.000010 0.785344 0.000010
0.000010 0.016321 0.406004 0.000010 0.000010 0.093664 0.440395 0.000010 0.043575
0.244361 0.000010 0.000010 0.000010 0.000010 0.000010 0.000010 0.755569 0.000010
0.024561 0.000010 0.175932 0.000010 0.137531 0.071595 0.529196 0.000010 0.061156
0.128829 0.000010 0.000010 0.000010 0.000010 0.000010 0.000010 0.871101 0.000010
0.009800 0.090378 0.361474 0.138672 0.019610 0.000010 0.380036 0.000010 0.000010
0.008634 0.085866 0.363391 0.140404 0.018550 0.000010 0.383126 0.000010 0.000010
0.000010 0.000010 0.081960 0.000010 0.000010 0.000010 0.512981 0.000010 0.404998
0.000010 0.000010 0.000010 0.000010 0.000010 0.000010 0.999920 0.000010 0.000010
0.000010 0.000010 0.000010 0.000010 0.000010 0.000010 0.999920 0.000010 0.000010
0.000010 0.000010 0.000010 0.000010 0.000010 0.000010 0.999920 0.000010 0.000010
0.000010 0.000010 0.000010 0.000010 0.000010 0.000010 0.999920 0.000010 0.000010
0.000010 0.000010 0.000010 0.000010 0.000010 0.000010 0.999920 0.000010 0.000010
0.999920 0.000010 0.000010 0.000010 0.000010 0.000010 0.000010 0.000010 0.000010
0.999920 0.000010 0.000010 0.000010 0.000010 0.000010 0.000010 0.000010 0.000010
0.999920 0.000010 0.000010 0.000010 0.000010 0.000010 0.000010 0.000010 0.000010
0.999920 0.000010 0.000010 0.000010 0.000010 0.000010 0.000010 0.000010 0.000010
0.999920 0.000010 0.000010 0.000010 0.000010 0.000010 0.000010 0.000010 0.000010
0.999920 0.000010 0.000010 0.000010 0.000010 0.000010 0.000010 0.000010 0.000010
0.325797 0.000010 0.000010 0.000010 0.000010 0.000010 0.000010 0.674133 0.000010
0.000010 0.181942 0.201765 0.000010 0.121786 0.000010 0.494458 0.000010 0.000010
0.000010 0.000010 0.193511 0.000010 0.000010 0.024877 0.633237 0.000010 0.148325
0.000010 0.090979 0.047035 0.000010 0.238295 0.572818 0.000010 0.000010 0.050834
0.010027 0.089998 0.107119 0.000010 0.169286 0.500469 0.123072 0.000010 0.000010
0.000010 0.040116 0.169027 0.000010 0.000010 0.644074 0.038789 0.000010 0.107954
0.000010 0.071158 0.070211 0.060103 0.130163 0.547816 0.112394 0.008137 0.000010
0.051001 0.000010 0.140474 0.000010 0.162730 0.535493 0.110263 0.000010 0.000010
0.000010 0.073536 0.076170 0.000010 0.000010 0.516855 0.188643 0.000010 0.144757
0.000010 0.000010 0.129662 0.107675 0.031267 0.000010 0.731345 0.000010 0.000010
0.172385 0.000010 0.000010 0.000010 0.000010 0.000010 0.000010 0.827545 0.000010
0.000010 0.000010 0.224829 0.000010 0.000010 0.000010 0.685138 0.000010 0.089973
0.000010 0.000010 0.498176 0.000010 0.000010 0.000010 0.322347 0.000010 0.179417
0.000010 0.053049 0.261226 0.000010 0.000010 0.000010 0.685666 0.000010 0.000010
0.000010 0.024602 0.275429 0.000010 0.000010 0.000010 0.699909 0.000010 0.000010
0.202272 0.000010 0.000010 0.000010 0.000010 0.000010 0.000010 0.797658 0.000010
0.011839 0.020737 0.182725 0.020716 0.000010 0.000010 0.763943 0.000010 0.000010
0.000010 0.046555 0.000010 0.000010 0.110783 0.000010 0.842601 0.000010 0.000010
0.000010 0.006160 0.000010 0.000010 0.130958 0.000010 0.862823 0.000010 0.000010
0.000010 0.000010 0.185233 0.019856 0.041922 0.000010 0.676880 0.000010 0.076070
0.000010 0.000010 0.201880 0.000010 0.127673 0.000010 0.670387 0.000010 0.000010
0.000010 0.112029 0.247180 0.000010 0.000010 0.000010 0.640731 0.000010 0.000010
0.000010 0.122263 0.278622 0.000010 0.000010 0.000010 0.599055 0.000010 0.000010
0.049531 0.000010 0.263901 0.000010 0.025991 0.000010 0.641994 0.000010 0.018543
0.000010 0.000010 0.000010 0.000010 0.000010 0.000010 0.999920 0.000010 0.000010
0.000010 0.000010 0.237992 0.005763 0.000010 0.000010 0.756185 0.000010 0.000010
0.000010 0.000010 0.182933 0.035341 0.000010 0.072767 0.665686 0.000010 0.043233
0.169833 0.000010 0.000010 0.000010 0.000010 0.000010 0.000010 0.830097 0.000010
0.000010 0.000010 0.912237 0.087693 0.000010 0.000010 0.000010 0.000010 0.000010
0.000010 0.000010 0.913111 0.086819 0.000010 0.000010 0.000010 0.000010 0.000010
0.000010 0.000010 0.181441 0.043739 0.066624 0.000010 0.434343 0.063051 0.210772
0.000010 0.035847 0.026522 0.000010 0.000010 0.000010 0.937572 0.000010 0.000010
0.000010 0.000010 0.999920 0.000010 0.000010 0.000010 0.000010 0.000010 0.000010
0.000010 0.000010 0.999920 0.000010 0.000010 0.000010 0.000010 0.000010 0.000010
0.000010 0.000010 0.999920 0.000010 0.000010 0.000010 0.000010 0.000010 0.000010
0.000010 0.036786 0.390462 0.000010 0.000010 0.114896 0.457806 0.000010 0.000010
0.000010 0.000010 0.418727 0.000010 0.000010 0.080367 0.500845 0.000010 0.000010
0.000010 0.000010 0.999920 0.000010 0.000010 0.000010 0.000010 0.000010 0.000010
0.000010 0.000010 0.999920 0.000010 0.000010 0.000010 0.000010 0.000010 0.000010
0.000010 0.000010 0.999920 0.000010 0.000010 0.000010 0.000010 0.000010 0.000010
0.015701 0.000010 0.207775 0.000010 0.044116 0.131512 0.600857 0.000010 0.000010
0.000017 0.094589 0.291593 0.000010 0.113481 0.000010 0.500280 0.000010 0.000010
0.000010 0.000010 0.521444 0.000010 0.158942 0.000010 0.319554 0.000010 0.000010
0.000010 0.000010 0.527678 0.000010 0.155169 0.000010 0.317093 0.000010 0.000010
0.000010 0.000010 0.524382 0.000010 0.157785 0.000010 0.317773 0.000010 0.000010
0.000010 0.000010 0.000010 0.000010 0.012942 0.000010 0.986988 0.000010 0.000010
0.000010 0.000010 0.000010 0.000010 0.051851 0.000010 0.948079 0.000010 0.000010
0.005826 0.000010 0.225647 0.000010 0.122444 0.000010 0.646033 0.000010 0.000010
0.001207 0.000010 0.269864 0.000010 0.164231 0.000010 0.564647 0.000010 0.000010
0.069020 0.000010 0.100426 0.000010 0.088091 0.000010 0.540027 0.000010 0.202396
0.067901 0.000010 0.102196 0.000010 0.072287 0.000010 0.539266 0.000010 0.218310
0.000010 0.081041 0.794658 0.019975 0.000010 0.000010 0.000010 0.000010 0.104277
0.000010 0.000010 0.165767 0.000010 0.138320 0.020368 0.675495 0.000010 0.000010
0.000010 0.000010 0.158471 0.000010 0.150342 0.011883 0.679255 0.000010 0.000010
0.000010 0.023473 0.811308 0.070798 0.000016 0.000010 0.000010 0.000010 0.094365
0.000010 0.000010 0.425413 0.067856 0.000010 0.000010 0.430791 0.000010 0.075890
0.055434 0.000010 0.000010 0.007566 0.260681 0.000010 0.653281 0.022998 0.000010
0.000010 0.000010 0.268136 0.151869 0.000010 0.153121 0.426824 0.000010 0.000010
0.000010 0.125105 0.687731 0.029505 0.028341 0.000010 0.129278 0.000010 0.000010
0.049809 0.000010 0.000010 0.008874 0.237823 0.000010 0.677746 0.017954 0.007763
0.000010 0.000010 0.051167 0.000010 0.105877 0.000010 0.842896 0.000010 0.000010
0.000010 0.000010 0.276976 0.000010 0.000010 0.098844 0.326666 0.000010 0.297465
0.000010 0.000010 0.310270 0.000010 0.000010 0.000010 0.346664 0.000010 0.343006
0.000010 0.000010 0.056117 0.000010 0.099163 0.000010 0.844660 0.000010 0.000010
0.000010 0.000010 0.335972 0.000010 0.000010 0.000010 0.300361 0.000010 0.363606
0.000010 0.000010 0.334129 0.016876 0.003821 0.123756 0.450655 0.000010 0.070733
0.324003 0.000010 0.000010 0.000010 0.000010 0.000010 0.000010 0.675927 0.000010
0.215407 0.000010 0.000010 0.000010 0.000010 0.000010 0.000010 0.784523 0.000010
0.262717 0.000010 0.000010 0.000010 0.000010 0.000010 0.000010 0.737213 0.000010
0.025459 0.161770 0.177791 0.131599 0.000010 0.000010 0.503342 0.000010 0.000010
0.243163 0.000010 0.000010 0.000010 0.000010 0.000010 0.000010 0.756767 0.000010
0.000010 0.091256 0.185854 0.000010 0.000010 0.000010 0.714459 0.008381 0.000010
0.000010 0.126760 0.268088 0.000010 0.000010 0.000010 0.605092 0.000010 0.000010
0.248601 0.000010 0.000015 0.000010 0.000010 0.000010 0.000010 0.751323 0.000010
0.189185 0.000010 0.000010 0.000010 0.000010 0.000010 0.000010 0.810745 0.000010
0.171568 0.000010 0.000010 0.000010 0.000010 0.000010 0.000010 0.828362 0.000010
0.000010 0.036836 0.123791 0.000010 0.015273 0.048734 0.610951 0.000010 0.164386
0.161019 0.000010 0.000010 0.000010 0.000018 0.000010 0.000010 0.838902 0.000010
0.000010 0.173444 0.000010 0.000010 0.408333 0.000010 0.000010 0.000010 0.418163
0.172298 0.000010 0.000010 0.000010 0.000010 0.000010 0.000010 0.827632 0.000010
0.273595 0.000010 0.000010 0.000010 0.000010 0.000010 0.000010 0.726335 0.000010
0.269832 0.000010 0.000010 0.000010 0.000010 0.000010 0.000010 0.730098 0.000010
0.000010 0.149266 0.000010 0.000010 0.180944 0.000010 0.000010 0.000010 0.669730
0.000010 0.000010 0.000010 0.000010 0.000010 0.000010 0.000010 0.000010 0.999920
0.000010 0.150923 0.000010 0.011507 0.136250 0.176607 0.000010 0.000010 0.524673
0.000010 0.000010 0.000010 0.000010 0.000010 0.000010 0.000010 0.000010 0.999920
0.000010 0.000010 0.000010 0.000010 0.000010 0.000010 0.159396 0.000010 0.840534
0.105026 0.000010 0.000010 0.000010 0.000010 0.000010 0.000010 0.894904 0.000010
0.000010 0.129378 0.082110 0.000010 0.053621 0.013341 0.593258 0.000010 0.128262
0.000010 0.361212 0.000010 0.000010 0.154170 0.000010 0.000010 0.000010 0.484558
0.000010 0.139401 0.103152 0.072166 0.171704 0.076388 0.105579 0.000010 0.331591
0.004661 0.256055 0.000010 0.000010 0.149924 0.168431 0.025326 0.000010 0.395573
0.009881 0.233759 0.000010 0.034955 0.147337 0.000010 0.175143 0.000010 0.398896
0.000010 0.170606 0.000010 0.140230 0.322532 0.065249 0.089324 0.046096 0.165944
0.000010 0.198277 0.000205 0.222108 0.000010 0.000010 0.067372 0.000010 0.511998
0.000010 0.000010 0.000010 0.000010 0.312088 0.000010 0.198325 0.020915 0.468622
0.000010 0.241434 0.105429 0.000010 0.134415 0.103967 0.000010 0.012037 0.402690
0.000010 0.221407 0.000010 0.080114 0.213331 0.046546 0.000010 0.000010 0.438562
0.000010 0.195958 0.000010 0.151589 0.000010 0.007995 0.000010 0.000010 0.644408
0.000010 0.324635 0.129701 0.000010 0.183641 0.235833 0.037633 0.000010 0.088528
0.000010 0.187453 0.000010 0.189037 0.107246 0.068217 0.000010 0.000010 0.448007
0.000010 0.244460 0.251984 0.001417 0.161553 0.000010 0.059117 0.000010 0.281440
0.000010 0.292993 0.053187 0.000404 0.241746 0.000010 0.000010 0.000010 0.411630
0.000010 0.004599 0.000010 0.185567 0.000010 0.000010 0.000010 0.000010 0.809774
0.000010 0.009432 0.000010 0.186992 0.000010 0.000010 0.000010 0.000010 0.803515
0.000010 0.269940 0.110961 0.000010 0.219700 0.091191 0.226079 0.036692 0.045417
0.000010 0.360883 0.000010 0.000010 0.135214 0.108289 0.000010 0.000010 0.395564
0.000010 0.244998 0.064719 0.000010 0.281097 0.000010 0.100786 0.000010 0.308360
0.000010 0.175589 0.000010 0.000010 0.378704 0.000010 0.000010 0.000010 0.445646
0.000010 0.421398 0.000010 0.000010 0.068695 0.083266 0.000010 0.016253 0.410348
0.000010 0.000010 0.000010 0.000010 0.346938 0.000010 0.129175 0.000010 0.523827
0.000010 0.176264 0.000010 0.000010 0.367242 0.000010 0.000010 0.000010 0.456434
0.000010 0.000010 0.000010 0.000010 0.000010 0.000010 0.000010 0.999920 0.000010
0.000010 0.591652 0.000010 0.000010 0.068653 0.000010 0.000010 0.000010 0.339636
0.002815 0.573941 0.000010 0.000010 0.098329 0.000010 0.000010 0.000010 0.324865
0.000010 0.233508 0.000010 0.059699 0.042219 0.101571 0.247551 0.000010 0.315422
0.033438 0.138292 0.000010 0.000010 0.464435 0.024901 0.000010 0.000010 0.338894
0.000010 0.000010 0.000010 0.000010 0.000010 0.000010 0.000010 0.999920 0.000010
0.000010 0.000010 0.000010 0.000010 0.000010 0.000010 0.000010 0.000010 0.999920
0.000010 0.000010 0.000010 0.000010 0.000010 0.000010 0.000010 0.000010 0.999920
0.045322 0.000010 0.000010 0.017912 0.000010 0.000010 0.000010 0.936706 0.000010
0.023733 0.224551 0.013034 0.000010 0.293336 0.057179 0.000010 0.000010 0.388138
0.000010 0.000010 0.000010 0.000010 0.000010 0.000010 0.000010 0.000010 0.999920
0.000010 0.000010 0.000010 0.000010 0.000010 0.000010 0.000010 0.000010 0.999920
0.000010 0.281980 0.079946 0.000010 0.079171 0.000010 0.000010 0.000010 0.558853
0.000010 0.074830 0.000010 0.198228 0.137068 0.000010 0.153388 0.000010 0.436446
0.000010 0.183265 0.088911 0.173143 0.147215 0.000010 0.120622 0.000010 0.286813
0.000010 0.286208 0.000010 0.000010 0.119370 0.000010 0.000010 0.000010 0.594362
0.000010 0.182503 0.026064 0.000010 0.306735 0.017460 0.158492 0.000010 0.308716
0.000010 0.227096 0.081340 0.000010 0.143868 0.090710 0.208741 0.000010 0.248214
0.000010 0.236760 0.003445 0.033991 0.212052 0.079722 0.000010 0.000010 0.433999
0.000010 0.184269 0.000010 0.039600 0.385681 0.127574 0.143271 0.000010 0.119574
0.000010 0.200501 0.000010 0.000010 0.000010 0.000010 0.000010 0.000010 0.799429
0.000012 0.135221 0.000010 0.056720 0.191771 0.070524 0.164905 0.000010 0.380827
0.000010 0.000010 0.115401 0.000010 0.390703 0.000010 0.018606 0.000010 0.475239
0.000010 0.125948 0.188344 0.000010 0.177835 0.212287 0.032494 0.022302 0.240771
0.000010 0.122212 0.000010 0.077021 0.368836 0.007306 0.157675 0.000010 0.266920
0.000010 0.000010 0.000010 0.000010 0.106290 0.000010 0.893640 0.000010 0.000010
0.000010 0.000010 0.257668 0.000010 0.142891 0.000010 0.569040 0.000010 0.030351
0.000010 0.005022 0.000010 0.000010 0.120197 0.000010 0.874721 0.000010 0.000010
0.000010 0.024301 0.000010 0.000010 0.106937 0.000010 0.868702 0.000010 0.000010
0.000010 0.025666 0.270039 0.000010 0.180027 0.074282 0.368001 0.000010 0.081956
0.000010 0.107837 0.299297 0.000010 0.011512 0.000010 0.522145 0.000010 0.059169
0.000010 0.076058 0.126908 0.139745 0.000010 0.131723 0.525526 0.000010 0.000010
0.014251 0.012106 0.000010 0.000010 0.000010 0.153245 0.777145 0.000010 0.043214
0.000010 0.000010 0.090181 0.000010 0.104436 0.000010 0.660384 0.000010 0.144949
0.052005 0.000010 0.350259 0.084253 0.002743 0.000010 0.304579 0.000010 0.206131
0.000010 0.000010 0.363023 0.000010 0.069947 0.102625 0.296291 0.000010 0.168074
0.000010 0.000010 0.304235 0.000010 0.000010 0.000010 0.534905 0.000010 0.160800
0.005868 0.000010 0.125733 0.000010 0.000010 0.000010 0.671365 0.000010 0.196984
0.000010 0.000010 0.174328 0.000010 0.000010 0.000010 0.721825 0.000010 0.103787
0.000010 0.228407 0.093609 0.000010 0.000010 0.000988 0.676946 0.000010 0.000010
0.011746 0.000010 0.000010 0.000010 0.000010 0.000010 0.000010 0.988184 0.000010
0.015642 0.184948 0.401722 0.046130 0.000010 0.000010 0.263908 0.031315 0.056313
0.001076 0.000010 0.151154 0.000010 0.028692 0.000010 0.661207 0.000010 0.157830
0.000010 0.018719 0.000010 0.000010 0.000010 0.000010 0.928877 0.000010 0.052344
0.000010 0.042072 0.213445 0.000010 0.000010 0.000010 0.559698 0.000010 0.184735
0.000010 0.000010 0.999920 0.000010 0.000010 0.000010 0.000010 0.000010 0.000010
0.000010 0.030546 0.208498 0.000010 0.084665 0.127854 0.540522 0.007884 0.000010
0.000010 0.000010 0.999920 0.000010 0.000010 0.000010 0.000010 0.000010 0.000010
0.010745 0.140667 0.007451 0.000010 0.000010 0.000010 0.815612 0.025485 0.000010
0.015223 0.113013 0.013182 0.000010 0.000010 0.000010 0.828683 0.029859 0.000010
0.000010 0.000010 0.237572 0.000010 0.000010 0.212520 0.549849 0.000010 0.000010
0.000010 0.000010 0.999920 0.000010 0.000010 0.000010 0.000010 0.000010 0.000010
0.000010 0.000010 0.999920 0.000010 0.000010 0.000010 0.000010 0.000010 0.000010
0.000010 0.000010 0.177993 0.000010 0.062264 0.151523 0.565439 0.009916 0.032834
0.000010 0.106546 0.000010 0.009910 0.027465 0.023986 0.832053 0.000010 0.000010
0.000010 0.000010 0.999920 0.000010 0.000010 0.000010 0.000010 0.000010 0.000010
0.000010 0.000010 0.000010 0.114363 0.182068 0.247422 0.000010 0.000010 0.456098
0.032770 0.081597 0.038744 0.000010 0.000010 0.000010 0.846839 0.000010 0.000010
0.000010 0.000010 0.999920 0.000010 0.000010 0.000010 0.000010 0.000010 0.000010
0.000010 0.000010 0.142769 0.000010 0.000010 0.108760 0.660827 0.000010 0.087594
0.033727 0.110714 0.015120 0.005777 0.000010 0.000010 0.834622 0.000010 0.000010
0.000010 0.000010 0.125833 0.000010 0.146903 0.137597 0.589618 0.000010 0.000010
0.000010 0.254517 0.010232 0.000010 0.000010 0.000010 0.735192 0.000010 0.000010
0.000010 0.202796 0.226072 0.000010 0.016323 0.000010 0.389448 0.000010 0.165321
0.000010 0.254622 0.000010 0.000010 0.000010 0.000010 0.745308 0.000010 0.000010
0.000010 0.109441 0.178893 0.000010 0.056746 0.000010 0.593047 0.014304 0.047539
0.000010 0.091237 0.275020 0.000010 0.227049 0.000010 0.406643 0.000010 0.000010
0.000010 0.093986 0.102332 0.000010 0.000010 0.057758 0.610189 0.021721 0.113984
0.000010 0.022005 0.139139 0.000010 0.000010 0.038297 0.628727 0.005373 0.166429
0.000010 0.000010 0.435577 0.102730 0.000010 0.103282 0.168460 0.000010 0.189911
0.000010 0.000010 0.495482 0.112165 0.000010 0.172130 0.180783 0.000010 0.039400
0.000010 0.000010 0.000010 0.159525 0.000010 0.000010 0.840405 0.000010 0.000010
0.000010 0.000010 0.000010 0.145544 0.000010 0.000010 0.854386 0.000010 0.000010
0.028157 0.195843 0.102566 0.000010 0.181820 0.013715 0.000010 0.010169 0.467710
0.000010 0.000010 0.250913 0.000010 0.000010 0.000010 0.576363 0.000010 0.172663
0.000010 0.000010 0.264598 0.000010 0.000010 0.000010 0.569127 0.000010 0.166215
0.000010 0.000010 0.249141 0.000010 0.000010 0.000010 0.576604 0.000010 0.174195
0.000010 0.000010 0.479036 0.028625 0.009407 0.149514 0.333378 0.000010 0.000010
0.000010 0.000010 0.000010 0.000010 0.000010 0.213324 0.785069 0.000010 0.001546
0.000010 0.000010 0.039159 0.100415 0.000010 0.063687 0.796690 0.000010 0.000010
0.000010 0.000010 0.377655 0.000010 0.000010 0.000010 0.473813 0.000010 0.148473
0.000010 0.000010 0.343239 0.000010 0.007468 0.000010 0.518207 0.000010 0.131036
0.000010 0.012739 0.221684 0.080625 0.248411 0.000010 0.420081 0.016430 0.000010
0.000010 0.006137 0.281852 0.000010 0.058979 0.000010 0.600724 0.000010 0.052268
0.000010 0.000010 0.379409 0.000010 0.025124 0.113170 0.386915 0.000010 0.095342
0.015294 0.000010 0.152701 0.000010 0.000010 0.000010 0.555355 0.000010 0.276601
0.000010 0.052065 0.198309 0.000010 0.154015 0.000010 0.595560 0.000010 0.000010
0.001797 0.152948 0.020193 0.169391 0.000010 0.000010 0.655630 0.000010 0.000010
0.000010 0.236928 0.094313 0.000010 0.000010 0.000010 0.668700 0.000010 0.000010
0.000010 0.243489 0.093726 0.000010 0.000010 0.000010 0.662725 0.000010 0.000010
0.000010 0.000010 0.114982 0.000010 0.200415 0.000010 0.684542 0.000010 0.000010
0.000010 0.000010 0.131361 0.000010 0.000010 0.000010 0.743927 0.000010 0.124652
0.002947 0.160807 0.117552 0.000010 0.227494 0.000010 0.491161 0.000010 0.000010
0.025559 0.000010 0.170656 0.032341 0.000010 0.000010 0.755330 0.000010 0.016074
0.000010 0.165367 0.268316 0.000010 0.000010 0.000010 0.364293 0.000010 0.201973
0.000010 0.051066 0.213292 0.000010 0.000010 0.000010 0.530018 0.000010 0.205573
0.028838 0.000010 0.421207 0.000010 0.060631 0.000010 0.148491 0.000010 0.340793
0.000010 0.000010 0.219382 0.000010 0.000010 0.000010 0.698067 0.000010 0.082491
0.055315 0.085841 0.161848 0.000010 0.044101 0.000010 0.652856 0.000010 0.000010
0.014058 0.000010 0.190473 0.031948 0.000010 0.000010 0.728970 0.000010 0.034512
0.000010 0.055354 0.011858 0.000010 0.000010 0.000010 0.802450 0.000010 0.130288
0.000010 0.085662 0.254745 0.000010 0.088363 0.000010 0.561718 0.009473 0.000010
0.000010 0.000010 0.244758 0.000010 0.000010 0.276337 0.478845 0.000010 0.000010
0.000010 0.000010 0.052592 0.024521 0.000010 0.129589 0.793248 0.000010 0.000010
0.000010 0.076506 0.215741 0.000010 0.063816 0.082515 0.419109 0.000010 0.142282
0.000010 0.000010 0.243091 0.000010 0.000010 0.275671 0.481177 0.000010 0.000010
0.063527 0.281491 0.118323 0.000010 0.049341 0.039407 0.447881 0.000010 0.000010
0.000010 0.000010 0.228637 0.000010 0.000010 0.227081 0.544222 0.000010 0.000010
0.048199 0.314127 0.130354 0.000010 0.047616 0.000010 0.459665 0.000010 0.000010
0.018138 0.076320 0.139276 0.067232 0.126699 0.000010 0.523893 0.000010 0.048423
0.000010 0.000010 0.265523 0.012129 0.007664 0.000010 0.643090 0.071554 0.000010
0.000010 0.018913 0.289827 0.000010 0.113004 0.000010 0.447176 0.000010 0.131040
0.011742 0.094579 0.000010 0.000010 0.022763 0.095267 0.775610 0.000010 0.000010
0.213470 0.000010 0.000010 0.000010 0.000010 0.000010 0.000010 0.786460 0.000010
0.000010 0.042781 0.015725 0.000010 0.000010 0.000010 0.766106 0.000010 0.175337
0.000010 0.000010 0.053904 0.000010 0.000010 0.000010 0.783757 0.000010 0.162279
0.000010 0.000010 0.331560 0.000010 0.000010 0.000010 0.565968 0.000010 0.102412
0.035145 0.000010 0.347043 0.102855 0.060362 0.000010 0.454555 0.000010 0.000010
0.008637 0.095605 0.168380 0.000010 0.226802 0.000010 0.500536 0.000010 0.000010
0.000010 0.000010 0.000010 0.000010 0.000010 0.000010 0.791200 0.000010 0.208730
0.023798 0.000010 0.302725 0.000010 0.193943 0.000010 0.478660 0.000010 0.000835
0.000010 0.135404 0.144387 0.095078 0.000010 0.000010 0.625081 0.000010 0.000010
0.000885 0.158521 0.136925 0.085079 0.000010 0.000010 0.618549 0.000010 0.000010
0.000010 0.183376 0.096887 0.080817 0.000010 0.000010 0.638871 0.000010 0.000010
0.000878 0.046645 0.185098 0.000010 0.069679 0.000010 0.510035 0.000010 0.187634
0.000010 0.097820 0.065621 0.008829 0.161962 0.000010 0.652243 0.013494 0.000010
0.006751 0.042421 0.000010 0.000010 0.000010 0.115762 0.835016 0.000010 0.000010
0.000010 0.000010 0.245031 0.031489 0.000010 0.000010 0.422972 0.000010 0.300458
0.003116 0.000010 0.245001 0.000010 0.082435 0.000010 0.669398 0.000010 0.000010
0.000010 0.000010 0.000010 0.000010 0.000010 0.000010 0.173685 0.000010 0.826245
0.000010 0.000010 0.000010 0.000010 0.000010 0.999920 0.000010 0.000010 0.000010
0.009374 0.000010 0.000010 0.143006 0.000010 0.720086 0.127483 0.000010 0.000010
0.000010 0.000010 0.000010 0.000010 0.000010 0.999920 0.000010 0.000010 0.000010
0.000010 0.000010 0.000010 0.000010 0.000010 0.999920 0.000010 0.000010 0.000010
0.000010 0.058156 0.126316 0.083906 0.000010 0.614900 0.116682 0.000010 0.000010
0.007630 0.129971 0.178976 0.057103 0.302131 0.282659 0.041510 0.000010 0.000010
0.000010 0.000010 0.000010 0.199203 0.000010 0.765322 0.000010 0.000010 0.035415
0.000010 0.000010 0.000010 0.216820 0.000010 0.767976 0.000010 0.000010 0.015143
0.000010 0.000010 0.000010 0.149987 0.046082 0.803871 0.000010 0.000010 0.000010
0.000010 0.000010 0.000010 0.000010 0.000010 0.651379 0.152439 0.000010 0.196122
0.046578 0.000010 0.013665 0.000010 0.000010 0.726872 0.000010 0.000010 0.212834
0.000010 0.000010 0.000010 0.012872 0.000010 0.635104 0.158288 0.000010 0.193686
0.049901 0.000010 0.023296 0.000010 0.000010 0.728937 0.000010 0.000010 0.197815
0.006433 0.000010 0.000010 0.047230 0.000010 0.652836 0.156927 0.000010 0.136535
0.000010 0.000010 0.034298 0.116675 0.286456 0.436167 0.059714 0.000010 0.066660
0.000010 0.021673 0.000010 0.170697 0.000010 0.528009 0.213027 0.000010 0.066554
0.000010 0.167677 0.000010 0.000010 0.000010 0.832253 0.000010 0.000010 0.000010
0.000010 0.127490 0.071876 0.000010 0.000010 0.677194 0.123390 0.000010 0.000010
0.000832 0.000010 0.000010 0.234880 0.000010 0.764228 0.000010 0.000010 0.000010
0.000010 0.129475 0.067390 0.000010 0.000010 0.677528 0.125557 0.000010 0.000010
0.000010 0.085589 0.284525 0.084616 0.089325 0.455906 0.000010 0.000010 0.000010
0.000010 0.011117 0.148257 0.000010 0.027824 0.812751 0.000010 0.000010 0.000010
0.000013 0.000010 0.000010 0.212019 0.000010 0.787907 0.000010 0.000010 0.000010
0.124374 0.000010 0.000010 0.000010 0.000010 0.000010 0.000010 0.875556 0.000010
0.000010 0.000010 0.000010 0.000010 0.000010 0.999920 0.000010 0.000010 0.000010
0.000010 0.094995 0.000010 0.110825 0.000010 0.794120 0.000010 0.000010 0.000010
0.000010 0.000010 0.000010 0.000010 0.000010 0.999920 0.000010 0.000010 0.000010
0.000010 0.116872 0.000010 0.133121 0.000010 0.749947 0.000010 0.000010 0.000010
0.000010 0.000010 0.101291 0.190779 0.000010 0.612561 0.095319 0.000010 0.000010
0.020742 0.000010 0.000010 0.000010 0.046235 0.737789 0.195184 0.000010 0.000010
0.000010 0.136924 0.049142 0.032255 0.000010 0.354776 0.206140 0.000010 0.220732
0.000010 0.000010 0.120433 0.000010 0.224094 0.655413 0.000010 0.000010 0.000010
0.000010 0.118390 0.065160 0.130918 0.007304 0.640750 0.000010 0.000010 0.037447
0.000010 0.000010 0.020007 0.000010 0.119055 0.860878 0.000010 0.000010 0.000010
0.000010 0.000010 0.170879 0.000010 0.131204 0.623731 0.000010 0.000010 0.074135
0.000010 0.000010 0.021240 0.000010 0.114269 0.864431 0.000010 0.000010 0.000010
0.000010 0.000010 0.164335 0.000010 0.127097 0.642520 0.000010 0.000010 0.065999
0.000010 0.131179 0.214469 0.049983 0.000010 0.604318 0.000010 0.000010 0.000010
0.000010 0.033527 0.000010 0.159762 0.000010 0.806651 0.000010 0.000010 0.000010
0.000010 0.000010 0.000010 0.000010 0.000010 0.999920 0.000010 0.000010 0.000010
0.000010 0.000010 0.000010 0.000010 0.000010 0.999920 0.000010 0.000010 0.000010
0.000010 0.199470 0.000010 0.000010 0.000010 0.800460 0.000010 0.000010 0.000010
0.020883 0.013569 0.148647 0.000010 0.234838 0.417416 0.089855 0.000010 0.074773
0.029266 0.000010 0.163567 0.019998 0.000010 0.773528 0.000010 0.000010 0.013601
0.000010 0.000010 0.000010 0.000010 0.000010 0.854998 0.000010 0.000010 0.144932
0.000010 0.000010 0.000010 0.000010 0.000010 0.856396 0.000010 0.000010 0.143534
0.000010 0.000010 0.118874 0.000010 0.000010 0.819445 0.000010 0.000010 0.061621
0.000010 0.206447 0.000010 0.000010 0.000010 0.793483 0.000010 0.000010 0.000010
0.000010 0.213116 0.000010 0.000010 0.000010 0.786814 0.000010 0.000010 0.000010
0.000010 0.199244 0.000010 0.000010 0.000010 0.593879 0.116896 0.000010 0.089931
0.000010 0.053602 0.000010 0.000010 0.099749 0.665139 0.000010 0.000010 0.181459
0.205101 0.000010 0.000010 0.000010 0.000010 0.000010 0.000010 0.794829 0.000010
0.000010 0.043143 0.000010 0.045255 0.000010 0.816312 0.095241 0.000010 0.000010
0.000010 0.000010 0.000010 0.198504 0.000010 0.801426 0.000010 0.000010 0.000010
0.000014 0.000010 0.000010 0.000010 0.000010 0.847766 0.000010 0.000010 0.152159
0.000010 0.000010 0.000010 0.000010 0.000010 0.000010 0.000010 0.999920 0.000010
0.000010 0.097039 0.000010 0.083156 0.164200 0.554992 0.100574 0.000010 0.000010
