0.000010 0.030628 0.511152 0.374745 0.083465
0.000010 0.067911 0.821086 0.110983 0.000010
0.000010 0.000010 0.000010 0.000010 0.999960
0.000010 0.000010 0.000010 0.000010 0.999960
0.000020 0.000010 0.000010 0.000010 0.999950
0.000016 0.000010 0.000010 0.000010 0.999954
0.000010 0.000010 0.000010 0.000010 0.999960
0.000010 0.000010 0.402841 0.257662 0.339477
0.000010 0.000010 0.999960 0.000010 0.000010
0.000010 0.000010 0.999960 0.000010 0.000010
0.084193 0.000010 0.468029 0.097517 0.350252
0.000010 0.000010 0.999960 0.000010 0.000010
0.000010 0.000010 0.999960 0.000010 0.000010
0.000013 0.000010 0.999957 0.000010 0.000010
0.000010 0.000010 0.999960 0.000010 0.000010
0.000010 0.000010 0.999960 0.000010 0.000010
0.000010 0.000010 0.999960 0.000010 0.000010
0.051941 0.000010 0.635833 0.000010 0.312207
0.035245 0.000010 0.665551 0.000010 0.299184
0.000010 0.000010 0.999960 0.000010 0.000010
0.000010 0.000010 0.999960 0.000010 0.000010
0.000010 0.030397 0.435472 0.534111 0.000010
0.000010 0.032734 0.594560 0.372686 0.000010
0.000010 0.030725 0.581136 0.388118 0.000010
0.000010 0.000010 0.999960 0.000010 0.000010
0.000010 0.000010 0.719434 0.162854 0.117692
0.092144 0.000010 0.712216 0.058657 0.136973
0.000010 0.000010 0.683441 0.316529 0.000010
0.069945 0.000010 0.558852 0.019274 0.351920
0.000010 0.000010 0.999960 0.000010 0.000010
0.000010 0.000010 0.999960 0.000010 0.000010
0.000010 0.000010 0.770132 0.000010 0.229838
0.000010 0.000010 0.999960 0.000010 0.000010
0.199546 0.000010 0.462739 0.102899 0.234807
0.032248 0.000010 0.828329 0.111219 0.028194
0.000010 0.000010 0.686052 0.313918 0.000010
0.000010 0.000010 0.807348 0.005610 0.187022
0.000010 0.000010 0.936342 0.063628 0.000010
0.000010 0.000010 0.999960 0.000010 0.000010
0.000010 0.000010 0.914204 0.000010 0.085766
0.000010 0.000010 0.914749 0.000010 0.085221
0.043331 0.043160 0.643015 0.000010 0.270484
0.063881 0.000010 0.917626 0.000010 0.018473
0.032793 0.002837 0.467125 0.205711 0.291533
0.000010 0.035334 0.809434 0.000010 0.155212
0.000010 0.000010 0.904834 0.095136 0.000010
0.000010 0.000010 0.781554 0.218358 0.000068
0.771443 0.022009 0.128063 0.000010 0.078475
0.000010 0.000010 0.423438 0.000010 0.576532
0.000010 0.000010 0.426415 0.000010 0.573555
0.134376 0.000010 0.298603 0.026460 0.540551
0.000010 0.000010 0.999960 0.000010 0.000010
0.000010 0.000010 0.999960 0.000010 0.000010
0.000010 0.001012 0.998958 0.000010 0.000010
0.000010 0.001907 0.998063 0.000010 0.000010
0.000010 0.000010 0.409841 0.000010 0.590129
0.000010 0.000010 0.396583 0.000010 0.603387
0.000010 0.000010 0.209794 0.000010 0.790176
0.000010 0.000010 0.446698 0.000010 0.553272
0.000010 0.000010 0.216777 0.000010 0.783193
0.000010 0.000010 0.210728 0.000010 0.789242
0.000010 0.000010 0.422827 0.000010 0.577143
0.000010 0.008423 0.000010 0.000010 0.991547
0.000010 0.000010 0.000010 0.000010 0.999960
0.000010 0.000010 0.000010 0.000010 0.999960
0.000010 0.000010 0.000010 0.000010 0.999960
0.000010 0.000010 0.000010 0.000010 0.999960
0.000010 0.000010 0.000010 0.000010 0.999960
0.326114 0.000010 0.402080 0.049285 0.222511
0.000010 0.000010 0.000010 0.000010 0.999960
0.000010 0.000010 0.000010 0.000010 0.999960
0.000010 0.000010 0.396689 0.000010 0.603281
0.000010 0.000010 0.335870 0.054343 0.609768
0.010226 0.021108 0.679460 0.000010 0.289195
0.000010 0.000010 0.387800 0.095067 0.517113
0.000010 0.000010 0.446354 0.000010 0.553616
0.000010 0.000010 0.000010 0.000010 0.999960
0.000010 0.000010 0.000010 0.000010 0.999960
0.000010 0.000010 0.000010 0.000010 0.999960
0.000010 0.000010 0.000010 0.000010 0.999960
0.000010 0.000010 0.000010 0.000010 0.999960
0.000010 0.000010 0.000010 0.000010 0.999960
0.000010 0.000010 0.510113 0.000010 0.489857
0.000010 0.000010 0.500681 0.000010 0.499289
0.106667 0.000010 0.739530 0.000010 0.153783
0.127999 0.000010 0.727491 0.000010 0.144490
0.000010 0.000010 0.000010 0.000010 0.999960
0.000010 0.000010 0.000010 0.000010 0.999960
0.000010 0.000010 0.000010 0.000010 0.999960
0.000010 0.000010 0.000010 0.000010 0.999960
0.000010 0.000010 0.000010 0.000010 0.999960
0.000010 0.999960 0.000010 0.000010 0.000010
0.048595 0.058586 0.678387 0.042222 0.172209
0.042253 0.062181 0.683499 0.046217 0.165851
0.008824 0.000010 0.702012 0.082173 0.206981
0.074491 0.000010 0.317931 0.322001 0.285567
0.059770 0.000010 0.315505 0.292147 0.332568
0.076213 0.005325 0.503386 0.028940 0.386135
0.050628 0.000010 0.687449 0.082719 0.179193
0.000010 0.999960 0.000010 0.000010 0.000010
0.023070 0.000010 0.572780 0.182939 0.221201
0.179712 0.000010 0.187261 0.117782 0.515235
0.195712 0.000010 0.132044 0.121467 0.550767
0.187510 0.000010 0.181353 0.124077 0.507051
0.000010 0.977713 0.022257 0.000010 0.000010
0.000010 0.000010 0.840897 0.000010 0.159073
0.012929 0.967059 0.019992 0.000010 0.000010
0.000010 0.000010 0.779371 0.000010 0.220599
0.000010 0.999960 0.000010 0.000010 0.000010
0.000010 0.999960 0.000010 0.000010 0.000010
0.000010 0.000010 0.999960 0.000010 0.000010
0.000010 0.012104 0.987866 0.000010 0.000010
0.000010 0.999960 0.000010 0.000010 0.000010
0.000010 0.999960 0.000010 0.000010 0.000010
0.000010 0.000010 0.000010 0.347696 0.652274
0.000010 0.000010 0.000010 0.394711 0.605259
0.000010 0.999960 0.000010 0.000010 0.000010
0.000010 0.000010 0.000010 0.430134 0.569836
0.000010 0.000010 0.000010 0.429947 0.570023
0.000010 0.000010 0.000010 0.410834 0.589136
0.000010 0.000010 0.018411 0.121851 0.859718
0.000010 0.000010 0.000010 0.206973 0.792997
0.000010 0.000010 0.000010 0.191948 0.808022
0.000010 0.000010 0.000010 0.188255 0.811715
0.000010 0.000010 0.999960 0.000010 0.000010
0.000010 0.000010 0.999960 0.000010 0.000010
0.000010 0.000010 0.999960 0.000010 0.000010
0.000010 0.000010 0.999960 0.000010 0.000010
0.000010 0.000010 0.999960 0.000010 0.000010
0.000010 0.000010 0.999960 0.000010 0.000010
0.000010 0.000010 0.340581 0.393469 0.265931
0.000010 0.000010 0.317311 0.403411 0.279257
0.000010 0.000010 0.341111 0.387219 0.271650
0.000010 0.000010 0.515070 0.191201 0.293709
0.000010 0.000010 0.532215 0.201373 0.266392
0.958554 0.000010 0.041416 0.000010 0.000010
0.816860 0.000010 0.011132 0.000010 0.171988
0.922575 0.000010 0.000010 0.034099 0.043306
0.827077 0.000010 0.139388 0.000010 0.033515
0.775681 0.000010 0.036818 0.187481 0.000010
0.768148 0.000010 0.018017 0.213815 0.000010
0.767596 0.000010 0.026453 0.205931 0.000010
0.877862 0.014979 0.000010 0.100816 0.006333
0.999960 0.000010 0.000010 0.000010 0.000010
0.999960 0.000010 0.000010 0.000010 0.000010
0.764538 0.017321 0.000010 0.073101 0.145029
0.000010 0.999960 0.000010 0.000010 0.000010
0.916212 0.000010 0.000010 0.000010 0.083758
0.758467 0.009127 0.012915 0.219480 0.000010
0.876838 0.000010 0.123132 0.000010 0.000010
0.862840 0.000010 0.137130 0.000010 0.000010
0.877019 0.000010 0.122951 0.000010 0.000010
0.766227 0.000010 0.000010 0.095107 0.138646
0.888926 0.000010 0.111044 0.000010 0.000010
0.796181 0.000010 0.000010 0.203789 0.000010
0.999960 0.000010 0.000010 0.000010 0.000010
0.999960 0.000010 0.000010 0.000010 0.000010
0.999960 0.000010 0.000010 0.000010 0.000010
0.924936 0.019820 0.000010 0.055224 0.000010
0.917864 0.021528 0.000010 0.060588 0.000010
0.979830 0.020140 0.000010 0.000010 0.000010
0.269526 0.000010 0.548483 0.181971 0.000010
0.785244 0.000010 0.105470 0.068015 0.041261
0.000010 0.999960 0.000010 0.000010 0.000010
0.775482 0.022303 0.202195 0.000010 0.000010
0.859048 0.007974 0.132959 0.000010 0.000010
0.783505 0.018530 0.197945 0.000010 0.000010
0.782572 0.000010 0.192192 0.000010 0.025216
0.930163 0.000010 0.000010 0.069807 0.000010
0.914103 0.000010 0.000010 0.085867 0.000010
0.943021 0.000010 0.000010 0.056949 0.000010
0.925021 0.000010 0.000010 0.074949 0.000010
0.681291 0.000010 0.310996 0.007694 0.000010
0.722313 0.000010 0.277657 0.000010 0.000010
0.813343 0.011725 0.053952 0.120970 0.000010
0.000010 0.999960 0.000010 0.000010 0.000010
0.846221 0.000010 0.001104 0.152655 0.000010
0.000010 0.999960 0.000010 0.000010 0.000010
0.721000 0.005989 0.138973 0.134029 0.000010
0.000010 0.999960 0.000010 0.000010 0.000010
0.765184 0.000010 0.000010 0.000010 0.234786
0.768390 0.000010 0.000010 0.000010 0.231580
0.866955 0.000010 0.133015 0.000010 0.000010
0.999960 0.000010 0.000010 0.000010 0.000010
0.999960 0.000010 0.000010 0.000010 0.000010
0.999960 0.000010 0.000010 0.000010 0.000010
0.999960 0.000010 0.000010 0.000010 0.000010
0.999960 0.000010 0.000010 0.000010 0.000010
0.000010 0.999960 0.000010 0.000010 0.000010
0.000010 0.999960 0.000010 0.000010 0.000010
0.000010 0.999960 0.000010 0.000010 0.000010
0.000010 0.999960 0.000010 0.000010 0.000010
0.000010 0.999960 0.000010 0.000010 0.000010
0.000010 0.999960 0.000010 0.000010 0.000010
0.000010 0.999960 0.000010 0.000010 0.000010
0.747201 0.000010 0.120177 0.000010 0.132602
0.824160 0.000010 0.000010 0.101856 0.073964
0.005265 0.000010 0.328502 0.666214 0.000010
0.257570 0.000010 0.000010 0.669435 0.072975
0.231477 0.000010 0.096495 0.672008 0.000010
0.119641 0.000010 0.000010 0.653624 0.226714
0.231475 0.054241 0.081668 0.632606 0.000010
0.306743 0.000010 0.114123 0.579113 0.000010
0.924096 0.000010 0.000010 0.075874 0.000010
0.000010 0.999960 0.000010 0.000010 0.000010
0.924746 0.000010 0.000010 0.075224 0.000010
0.924470 0.000010 0.000010 0.000010 0.075500
0.999960 0.000010 0.000010 0.000010 0.000010
0.999960 0.000010 0.000010 0.000010 0.000010
0.000010 0.999960 0.000010 0.000010 0.000010
0.911234 0.000014 0.000010 0.000010 0.088732
0.836574 0.000010 0.079980 0.000010 0.083426
0.845123 0.000010 0.088532 0.000010 0.066324
0.855538 0.000010 0.020524 0.123918 0.000010
0.885721 0.000010 0.018787 0.088626 0.006855
0.966565 0.000010 0.000010 0.000010 0.033405
0.946271 0.000010 0.000010 0.000010 0.053699
0.933964 0.022143 0.000010 0.023276 0.020606
0.999960 0.000010 0.000010 0.000010 0.000010
0.999960 0.000010 0.000010 0.000010 0.000010
0.851345 0.000010 0.000010 0.148625 0.000010
0.000010 0.999960 0.000010 0.000010 0.000010
0.947516 0.000012 0.000010 0.000010 0.052452
0.953915 0.000010 0.000010 0.000010 0.046055
0.617011 0.028072 0.269005 0.085902 0.000010
0.960424 0.000010 0.000010 0.039546 0.000010
0.999960 0.000010 0.000010 0.000010 0.000010
0.999960 0.000010 0.000010 0.000010 0.000010
0.999960 0.000010 0.000010 0.000010 0.000010
0.894992 0.000010 0.000010 0.104978 0.000010
0.930483 0.000010 0.000010 0.069487 0.000010
0.999960 0.000010 0.000010 0.000010 0.000010
0.999960 0.000010 0.000010 0.000010 0.000010
0.999960 0.000010 0.000010 0.000010 0.000010
0.799411 0.023073 0.000010 0.177496 0.000010
0.828207 0.000010 0.023777 0.000010 0.147997
0.850564 0.001309 0.000010 0.148107 0.000010
0.857666 0.002133 0.000010 0.140181 0.000010
0.851647 0.002686 0.000010 0.145647 0.000010
0.999960 0.000010 0.000010 0.000010 0.000010
0.999960 0.000010 0.000010 0.000010 0.000010
0.880013 0.000010 0.033531 0.000010 0.086436
0.849867 0.000010 0.017751 0.000010 0.132361
0.671723 0.036629 0.291628 0.000010 0.000010
0.656536 0.038736 0.304708 0.000010 0.000010
0.846406 0.000010 0.000010 0.000010 0.153564
0.772973 0.000010 0.000010 0.226997 0.000010
0.764447 0.000010 0.016242 0.219290 0.000010
0.858326 0.000010 0.000010 0.000010 0.141644
0.911995 0.000010 0.087975 0.000010 0.000010
0.510747 0.064464 0.178668 0.171047 0.075074
0.705853 0.000010 0.000010 0.286776 0.007351
0.901299 0.000010 0.000010 0.000010 0.098671
0.533293 0.052634 0.229241 0.116191 0.068641
0.813109 0.000010 0.000010 0.186861 0.000010
0.717294 0.000010 0.000010 0.282676 0.000010
0.754682 0.000010 0.000010 0.245288 0.000010
0.825080 0.000010 0.000010 0.174890 0.000010
0.757954 0.000010 0.000010 0.242016 0.000010
0.817394 0.000010 0.078085 0.104502 0.000010
0.000010 0.999960 0.000010 0.000010 0.000010
0.000010 0.999960 0.000010 0.000010 0.000010
0.000010 0.999960 0.000010 0.000010 0.000010
0.720990 0.023734 0.000010 0.121617 0.133648
0.000010 0.999960 0.000010 0.000010 0.000010
0.990636 0.009334 0.000010 0.000010 0.000010
0.926324 0.000010 0.000010 0.000010 0.073646
0.000010 0.999960 0.000010 0.000010 0.000010
0.000010 0.999960 0.000010 0.000010 0.000010
0.000010 0.999960 0.000010 0.000010 0.000010
0.736234 0.000010 0.207744 0.056002 0.000010
0.000013 0.999957 0.000010 0.000010 0.000010
0.000010 0.000010 0.999960 0.000010 0.000010
0.000010 0.999960 0.000010 0.000010 0.000010
0.000010 0.999960 0.000010 0.000010 0.000010
0.000010 0.999960 0.000010 0.000010 0.000010
0.077490 0.000010 0.874171 0.000010 0.048319
0.000010 0.000010 0.999960 0.000010 0.000010
0.000010 0.000010 0.850558 0.149412 0.000010
0.000010 0.000010 0.999960 0.000010 0.000010
0.093533 0.000010 0.906437 0.000010 0.000010
0.001936 0.998034 0.000010 0.000010 0.000010
0.720515 0.000010 0.174848 0.079355 0.025272
0.026360 0.000010 0.811200 0.000010 0.162420
0.186198 0.000010 0.496858 0.117152 0.199782
0.074894 0.000010 0.716656 0.115986 0.092453
0.156573 0.016423 0.650001 0.000010 0.176992
0.025568 0.043964 0.709111 0.000010 0.221347
0.155034 0.000010 0.707471 0.000010 0.137475
0.145643 0.017922 0.836416 0.000010 0.000010
0.175142 0.008116 0.631453 0.099065 0.086224
0.038262 0.000010 0.774461 0.000010 0.187257
0.000010 0.000010 0.824701 0.069314 0.105965
0.167581 0.000010 0.582791 0.215859 0.033760
0.000012 0.000010 0.701169 0.128579 0.170231
0.328845 0.000010 0.593909 0.000010 0.077226
0.070438 0.000010 0.737183 0.036934 0.155434
0.000010 0.000010 0.964292 0.000010 0.035678
0.000010 0.000010 0.955643 0.000010 0.044327
0.337223 0.032401 0.436401 0.097160 0.096816
0.000010 0.000010 0.638984 0.175672 0.185325
0.191640 0.000010 0.629101 0.054095 0.125154
0.000010 0.000010 0.999960 0.000010 0.000010
0.000010 0.000858 0.811457 0.026026 0.161649
0.059653 0.000010 0.940317 0.000010 0.000010
0.000010 0.000010 0.999960 0.000010 0.000010
0.005964 0.970480 0.023537 0.000010 0.000010
0.000010 0.025159 0.974811 0.000010 0.000010
0.000010 0.034317 0.965653 0.000010 0.000010
0.267297 0.000010 0.543601 0.187640 0.001452
0.000010 0.008954 0.991016 0.000010 0.000010
0.000010 0.999960 0.000010 0.000010 0.000010
0.000010 0.000010 0.999960 0.000010 0.000010
0.000010 0.000010 0.999960 0.000010 0.000010
0.000010 0.981866 0.000010 0.018104 0.000010
0.017736 0.017432 0.743770 0.164190 0.056871
0.000010 0.000010 0.999960 0.000010 0.000010
0.000010 0.002133 0.997837 0.000010 0.000010
0.000010 0.000010 0.999960 0.000010 0.000010
0.130460 0.000010 0.669700 0.000010 0.199820
0.216775 0.000010 0.604510 0.000010 0.178695
0.000010 0.000010 0.999960 0.000010 0.000010
0.191869 0.000010 0.505401 0.157711 0.145009
0.309972 0.000010 0.639709 0.050298 0.000010
0.000010 0.000010 0.821752 0.075968 0.102260
0.041768 0.000010 0.572903 0.164068 0.221251
0.000010 0.000010 0.999960 0.000010 0.000010
0.183263 0.000010 0.623887 0.072636 0.120204
0.233300 0.000010 0.766670 0.000010 0.000010
0.262117 0.007766 0.420484 0.252186 0.057447
0.136015 0.000010 0.601722 0.066998 0.195255
0.949493 0.000010 0.050477 0.000010 0.000010
0.811506 0.000010 0.188464 0.000010 0.000010
0.923436 0.000010 0.058141 0.000010 0.018403
0.892300 0.000010 0.070279 0.000010 0.037402
0.624443 0.000010 0.233744 0.141793 0.000010
0.853192 0.000010 0.054176 0.000010 0.092611
0.681500 0.000010 0.000010 0.170753 0.147727
0.723179 0.011104 0.000010 0.227941 0.037766
0.737404 0.000010 0.262566 0.000010 0.000010
0.750377 0.029310 0.140866 0.000010 0.079437
0.720931 0.000010 0.085821 0.175574 0.017665
0.927929 0.000010 0.072041 0.000010 0.000010
0.810084 0.009893 0.108296 0.000010 0.071717
0.929240 0.000010 0.070730 0.000010 0.000010
0.871173 0.000010 0.089304 0.000010 0.039503
0.000010 0.999960 0.000010 0.000010 0.000010
0.741711 0.067824 0.000010 0.000010 0.190445
0.835491 0.000010 0.109486 0.055003 0.000010
0.952857 0.000010 0.047113 0.000010 0.000010
0.886724 0.000010 0.011977 0.101278 0.000010
0.999960 0.000010 0.000010 0.000010 0.000010
0.737801 0.000010 0.088107 0.174072 0.000010
0.999960 0.000010 0.000010 0.000010 0.000010
0.870855 0.008481 0.120645 0.000010 0.000010
0.848217 0.018473 0.133290 0.000010 0.000010
0.728002 0.000010 0.000010 0.271968 0.000010
0.999960 0.000010 0.000010 0.000010 0.000010
0.999960 0.000010 0.000010 0.000010 0.000010
0.778087 0.002284 0.000010 0.219609 0.000010
0.818945 0.000010 0.047293 0.133742 0.000010
0.999960 0.000010 0.000010 0.000010 0.000010
0.000010 0.000010 0.689246 0.310724 0.000010
0.962932 0.027062 0.009986 0.000010 0.000010
0.999960 0.000010 0.000010 0.000010 0.000010
0.828760 0.000010 0.000010 0.171210 0.000010
0.903504 0.020537 0.075939 0.000010 0.000010
0.704040 0.000010 0.034613 0.261326 0.000010
0.934006 0.000010 0.000010 0.065964 0.000010
0.694431 0.000010 0.273154 0.000010 0.032395
0.906222 0.000010 0.000010 0.093748 0.000010
0.823230 0.030910 0.073863 0.000010 0.071986
0.706243 0.000010 0.289446 0.000010 0.004291
0.742832 0.015141 0.134742 0.107275 0.000010
0.776224 0.005113 0.126603 0.092050 0.000010
0.584333 0.000010 0.328005 0.087642 0.000010
0.653828 0.000010 0.229967 0.116184 0.000010
0.879366 0.000010 0.000010 0.000010 0.120604
0.890008 0.000010 0.000010 0.000010 0.109962
0.140930 0.042788 0.760409 0.000010 0.055863
0.826835 0.000010 0.173135 0.000010 0.000010
0.841581 0.000010 0.158389 0.000010 0.000010
0.826079 0.000010 0.173891 0.000010 0.000010
0.839228 0.000010 0.000010 0.160742 0.000010
0.788364 0.000010 0.000010 0.211606 0.000010
0.830296 0.000010 0.000010 0.156839 0.012845
0.908952 0.000010 0.091018 0.000010 0.000010
0.908711 0.000010 0.091259 0.000010 0.000010
0.635710 0.000010 0.190859 0.000010 0.173411
0.880423 0.000010 0.119547 0.000010 0.000010
0.774150 0.000010 0.066228 0.159602 0.000010
0.829355 0.000010 0.170615 0.000010 0.000010
0.795888 0.000010 0.139426 0.064666 0.000010
0.731931 0.000010 0.000010 0.003595 0.264454
0.772942 0.000010 0.227028 0.000010 0.000010
0.777000 0.000010 0.222970 0.000010 0.000010
0.863408 0.000010 0.136562 0.000010 0.000010
0.974912 0.000010 0.025058 0.000010 0.000010
0.732020 0.000010 0.075408 0.092403 0.100160
0.998632 0.000010 0.001338 0.000010 0.000010
0.816915 0.000010 0.183055 0.000010 0.000010
0.793214 0.016443 0.190323 0.000010 0.000010
0.527843 0.029529 0.247198 0.085035 0.110395
0.988305 0.000010 0.002285 0.009390 0.000010
0.804421 0.059061 0.000010 0.000010 0.136498
0.991025 0.000010 0.008945 0.000010 0.000010
0.869973 0.000010 0.000010 0.129997 0.000010
0.864824 0.015285 0.000010 0.082321 0.037560
0.699522 0.000010 0.000010 0.300448 0.000010
0.829638 0.000010 0.000010 0.170332 0.000010
0.656337 0.000010 0.099504 0.144463 0.099686
0.699972 0.000010 0.000010 0.299998 0.000010
0.534334 0.053567 0.000010 0.041060 0.371030
0.748298 0.000010 0.000010 0.251672 0.000010
0.575209 0.058734 0.000010 0.000010 0.366037
0.697867 0.027196 0.190491 0.000010 0.084436
0.939205 0.060765 0.000010 0.000010 0.000010
0.802620 0.000010 0.197350 0.000010 0.000010
0.821131 0.024566 0.075506 0.078788 0.000010
0.000010 0.999960 0.000010 0.000010 0.000010
0.792874 0.000010 0.185054 0.022051 0.000010
0.887341 0.000010 0.112629 0.000010 0.000010
0.907551 0.000010 0.082172 0.010257 0.000010
0.740773 0.023016 0.000010 0.132119 0.104082
0.731672 0.005163 0.263145 0.000010 0.000010
0.896555 0.000010 0.000010 0.061283 0.042142
0.784501 0.026937 0.188542 0.000010 0.000010
0.834235 0.000010 0.000010 0.000010 0.165735
0.825884 0.000010 0.000010 0.000010 0.174086
0.847340 0.000010 0.152630 0.000010 0.000010
0.720027 0.000010 0.279943 0.000010 0.000010
0.743286 0.027429 0.000010 0.000010 0.229265
0.816057 0.000010 0.000010 0.129236 0.054687
0.752653 0.000010 0.180835 0.066492 0.000010
0.973712 0.000010 0.026258 0.000010 0.000010
0.103940 0.000010 0.896030 0.000010 0.000010
0.000010 0.000010 0.000010 0.999960 0.000010
0.000010 0.000010 0.000010 0.999960 0.000010
0.000010 0.000010 0.000010 0.999960 0.000010
0.000010 0.000010 0.000010 0.999960 0.000010
0.220088 0.000010 0.000010 0.673494 0.106398
0.243446 0.000010 0.172768 0.330119 0.253657
0.000010 0.000010 0.014617 0.985353 0.000010
0.000010 0.000010 0.015624 0.984346 0.000010
0.000010 0.000010 0.000010 0.919740 0.080230
0.048094 0.000010 0.000010 0.951876 0.000010
0.000010 0.044567 0.000010 0.955403 0.000010
0.057979 0.000010 0.000010 0.941991 0.000010
0.000010 0.048627 0.000010 0.951343 0.000010
0.056097 0.001707 0.000010 0.942175 0.000010
0.032035 0.000010 0.396078 0.545763 0.026114
0.079436 0.000010 0.069254 0.623234 0.228066
0.000010 0.000010 0.000010 0.970038 0.029932
0.156951 0.000010 0.000010 0.775614 0.067416
0.000010 0.000010 0.000010 0.898083 0.101887
0.153326 0.000010 0.000010 0.766298 0.080356
0.158610 0.000010 0.000010 0.592544 0.248826
0.096587 0.000010 0.001705 0.901688 0.000010
0.000010 0.000010 0.000010 0.906572 0.093398
0.000010 0.999960 0.000010 0.000010 0.000010
0.000010 0.000010 0.000010 0.999960 0.000010
0.000010 0.000010 0.000010 0.970669 0.029301
0.006039 0.000010 0.000010 0.993931 0.000010
0.000010 0.000010 0.000010 0.938632 0.061338
0.226064 0.000010 0.000010 0.773906 0.000010
0.082786 0.007312 0.000010 0.909882 0.000010
0.261458 0.000010 0.159229 0.432122 0.147182
0.004006 0.000010 0.048960 0.813401 0.133623
0.012868 0.003499 0.000010 0.747389 0.236233
0.000010 0.000010 0.000010 0.999960 0.000010
0.065376 0.000010 0.263016 0.671588 0.000010
0.000010 0.000010 0.000010 0.999960 0.000010
0.057389 0.000010 0.250096 0.692496 0.000010
0.157010 0.000010 0.000010 0.682106 0.160864
0.000010 0.000010 0.000010 0.999960 0.000010
0.000010 0.000010 0.000010 0.999960 0.000010
0.000010 0.000010 0.000010 0.999960 0.000010
0.000010 0.000010 0.000010 0.999960 0.000010
0.220181 0.000010 0.114204 0.519752 0.145853
0.133520 0.000010 0.000010 0.866450 0.000010
0.000010 0.000010 0.000010 0.999960 0.000010
0.000010 0.000010 0.000010 0.999960 0.000010
0.000010 0.000010 0.000010 0.999960 0.000010
0.000010 0.000010 0.000010 0.999960 0.000010
0.000010 0.000010 0.000010 0.999960 0.000010
0.139271 0.000010 0.156455 0.693043 0.011221
0.000010 0.000010 0.256773 0.728636 0.014570
0.000010 0.999960 0.000010 0.000010 0.000010
0.085916 0.000010 0.000010 0.912155 0.001910
0.000010 0.000010 0.051457 0.948513 0.000010
0.000010 0.000010 0.000010 0.999960 0.000010
0.000010 0.999960 0.000010 0.000010 0.000010
0.014925 0.000010 0.000010 0.693916 0.291140
0.054998 0.000993 0.000010 0.803705 0.140294
0.000010 0.000010 0.000010 0.999960 0.000010
0.000010 0.000010 0.018442 0.826314 0.155224
0.000010 0.000010 0.000010 0.752475 0.247495
0.102060 0.000010 0.000010 0.658755 0.239165
0.094888 0.076280 0.000010 0.751761 0.077061
0.036486 0.000010 0.000010 0.963484 0.000010
0.036879 0.963087 0.000010 0.000014 0.000010
0.031653 0.000010 0.000010 0.968317 0.000010
0.145054 0.000010 0.102236 0.583299 0.169401
0.109001 0.000010 0.000010 0.890969 0.000010
0.093920 0.000010 0.034284 0.871776 0.000010
0.000010 0.000010 0.000010 0.848899 0.151071
0.000010 0.000010 0.000010 0.834895 0.165075
0.000010 0.999960 0.000010 0.000010 0.000010
0.000010 0.999960 0.000010 0.000010 0.000010
0.098427 0.000010 0.901543 0.000010 0.000010
0.921437 0.000010 0.056594 0.000010 0.021948
0.000010 0.999960 0.000010 0.000010 0.000010
