0.000010 0.030423 0.557142 0.050919 0.317299 0.044206
0.004287 0.099876 0.366260 0.000010 0.451771 0.077796
0.000010 0.999950 0.000010 0.000010 0.000010 0.000010
0.000010 0.999950 0.000010 0.000010 0.000010 0.000010
0.000010 0.999950 0.000010 0.000010 0.000010 0.000010
0.000010 0.999950 0.000010 0.000010 0.000010 0.000010
0.000010 0.999950 0.000010 0.000010 0.000010 0.000010
0.000010 0.184398 0.445484 0.018649 0.351450 0.000010
0.000010 0.087229 0.259639 0.000010 0.653102 0.000010
0.000010 0.092419 0.266362 0.000010 0.641189 0.000010
0.064357 0.077269 0.379884 0.082884 0.395595 0.000010
0.185551 0.093719 0.441620 0.000010 0.279089 0.000010
0.185273 0.105660 0.434436 0.000010 0.274610 0.000010
0.000010 0.000010 0.999950 0.000010 0.000010 0.000010
0.000010 0.000010 0.999950 0.000010 0.000010 0.000010
0.000010 0.000010 0.999950 0.000010 0.000010 0.000010
0.000010 0.000010 0.999950 0.000010 0.000010 0.000010
0.273530 0.179419 0.130943 0.000010 0.416088 0.000010
0.248392 0.162239 0.158157 0.000010 0.431192 0.000010
0.000010 0.000010 0.999950 0.000010 0.000010 0.000010
0.000010 0.000010 0.999950 0.000010 0.000010 0.000010
0.000010 0.000010 0.603713 0.000010 0.352637 0.043620
0.000010 0.000010 0.628328 0.002132 0.319424 0.050096
0.000010 0.000010 0.614026 0.003319 0.336653 0.045982
0.000010 0.088365 0.267336 0.000010 0.644269 0.000010
0.069923 0.147821 0.273604 0.000010 0.508632 0.000010
0.142686 0.169588 0.368170 0.000010 0.305825 0.013721
0.000010 0.000010 0.376805 0.000010 0.623155 0.000010
0.070806 0.171822 0.192512 0.073768 0.491082 0.000010
0.191571 0.093533 0.192865 0.000010 0.522011 0.000010
0.192647 0.095816 0.189903 0.000010 0.521614 0.000010
0.111531 0.106470 0.290153 0.000010 0.491826 0.000010
0.191316 0.092514 0.195230 0.000010 0.520920 0.000010
0.149260 0.146297 0.263377 0.122753 0.318304 0.000010
0.105404 0.094342 0.315547 0.050269 0.434427 0.000010
0.000010 0.000010 0.376197 0.000010 0.623763 0.000010
0.000010 0.209829 0.134384 0.007835 0.647931 0.000010
0.111194 0.052450 0.506553 0.000010 0.329783 0.000010
0.141813 0.122217 0.402207 0.000010 0.333743 0.000010
0.134041 0.148204 0.366998 0.000010 0.350736 0.000010
0.145812 0.145469 0.368515 0.000010 0.340184 0.000010
0.087857 0.150949 0.197011 0.000010 0.527874 0.036298
0.324235 0.036205 0.055437 0.000010 0.584103 0.000010
0.152421 0.142116 0.403087 0.000010 0.301653 0.000713
0.091181 0.134077 0.222982 0.000010 0.488289 0.063460
0.112020 0.052498 0.527099 0.000010 0.308363 0.000010
0.153399 0.171831 0.279038 0.000010 0.395711 0.000010
0.507112 0.000010 0.000010 0.300718 0.183995 0.008155
0.000010 0.000010 0.000010 0.000010 0.999950 0.000010
0.000010 0.000010 0.000010 0.000010 0.999950 0.000010
0.098175 0.000010 0.025704 0.113652 0.762449 0.000010
0.000010 0.063576 0.137189 0.000010 0.799205 0.000010
0.000010 0.055937 0.133650 0.000010 0.810383 0.000010
0.000010 0.056905 0.142877 0.000010 0.800188 0.000010
0.000010 0.057238 0.146726 0.000010 0.796006 0.000010
0.000010 0.104835 0.000010 0.074840 0.820295 0.000010
0.000010 0.128051 0.000010 0.073544 0.798375 0.000010
0.000010 0.196299 0.000010 0.054519 0.749153 0.000010
0.000010 0.117690 0.020912 0.058674 0.802704 0.000010
0.001926 0.208922 0.000010 0.051601 0.737531 0.000010
0.000010 0.206230 0.000010 0.064507 0.729233 0.000010
0.000010 0.000010 0.000010 0.000010 0.999950 0.000010
0.000010 0.999950 0.000010 0.000010 0.000010 0.000010
0.000010 0.999950 0.000010 0.000010 0.000010 0.000010
0.000010 0.999950 0.000010 0.000010 0.000010 0.000010
0.000010 0.999950 0.000010 0.000010 0.000010 0.000010
0.000010 0.999950 0.000010 0.000010 0.000010 0.000010
0.000010 0.999950 0.000010 0.000010 0.000010 0.000010
0.326824 0.069491 0.040832 0.123210 0.439633 0.000010
0.000010 0.999950 0.000010 0.000010 0.000010 0.000010
0.000010 0.999950 0.000010 0.000010 0.000010 0.000010
0.000010 0.136514 0.000010 0.075290 0.788165 0.000010
0.000010 0.139141 0.000010 0.083053 0.777776 0.000010
0.151440 0.058154 0.003557 0.022760 0.744040 0.020050
0.000010 0.142675 0.176411 0.074488 0.606406 0.000010
0.000010 0.062577 0.000010 0.066045 0.871348 0.000010
0.000010 0.000010 0.000010 0.236004 0.763956 0.000010
0.000010 0.000011 0.000010 0.219980 0.779978 0.000010
0.000010 0.000010 0.000010 0.217433 0.782527 0.000010
0.000010 0.000010 0.000010 0.205164 0.794796 0.000010
0.000010 0.000010 0.000010 0.220181 0.779779 0.000010
0.000010 0.000010 0.000010 0.221788 0.778172 0.000010
0.000010 0.007629 0.044389 0.077046 0.870916 0.000010
0.000010 0.016758 0.044802 0.088265 0.850155 0.000010
0.000010 0.000010 0.041030 0.155509 0.803431 0.000010
0.005024 0.000010 0.028096 0.163325 0.803535 0.000010
0.030535 0.257720 0.000010 0.095916 0.615809 0.000010
0.036831 0.240061 0.000010 0.087401 0.635687 0.000010
0.031122 0.260917 0.000010 0.095426 0.612515 0.000010
0.011763 0.253677 0.000010 0.097289 0.637251 0.000010
0.042069 0.259689 0.000010 0.095419 0.602803 0.000010
0.000010 0.000010 0.000010 0.014672 0.000010 0.985288
0.000010 0.001525 0.131407 0.156715 0.660180 0.050163
0.000010 0.000010 0.132878 0.149688 0.663915 0.053500
0.008804 0.063405 0.183094 0.078075 0.666613 0.000010
0.143015 0.000010 0.382827 0.000010 0.474128 0.000010
0.174252 0.000010 0.343106 0.000010 0.482612 0.000010
0.000010 0.081949 0.000010 0.148618 0.769403 0.000010
0.057992 0.058671 0.172419 0.083880 0.627029 0.000010
0.000010 0.000010 0.000010 0.000010 0.000010 0.999950
0.014884 0.000010 0.268960 0.085998 0.630138 0.000010
0.000010 0.072081 0.131893 0.233641 0.562364 0.000010
0.000010 0.068692 0.129507 0.259187 0.542594 0.000010
0.000010 0.069742 0.141072 0.236811 0.552355 0.000010
0.000010 0.000010 0.000010 0.000010 0.027607 0.972353
0.091506 0.000010 0.005451 0.000010 0.879302 0.023721
0.030184 0.000010 0.000010 0.000010 0.000010 0.969776
0.121627 0.110878 0.284575 0.000010 0.482900 0.000010
0.000010 0.000010 0.000010 0.000010 0.000010 0.999950
0.000010 0.000010 0.000010 0.000010 0.000010 0.999950
0.000010 0.000010 0.455359 0.000010 0.535204 0.009407
0.000010 0.000010 0.380008 0.000010 0.589940 0.030022
0.000010 0.000010 0.000010 0.000010 0.000010 0.999950
0.000010 0.000010 0.000010 0.000010 0.000010 0.999950
0.000010 0.000010 0.000010 0.078566 0.921394 0.000010
0.000010 0.000010 0.000010 0.113230 0.886730 0.000010
0.000010 0.000010 0.000010 0.000010 0.000010 0.999950
0.000010 0.000010 0.000010 0.115413 0.884547 0.000010
0.000010 0.000010 0.003057 0.112801 0.884112 0.000010
0.000010 0.000010 0.000010 0.112762 0.887198 0.000010
0.000010 0.000010 0.000010 0.134709 0.865251 0.000010
0.000010 0.000010 0.000010 0.134991 0.864969 0.000010
0.000010 0.000010 0.000010 0.122077 0.877883 0.000010
0.000010 0.000010 0.000010 0.121987 0.877973 0.000010
0.000010 0.000010 0.000010 0.000010 0.999950 0.000010
0.000010 0.000010 0.000010 0.000010 0.999950 0.000010
0.000010 0.000010 0.000010 0.000010 0.999950 0.000010
0.000010 0.000010 0.000010 0.000010 0.999950 0.000010
0.000010 0.000010 0.000010 0.000010 0.999950 0.000010
0.000010 0.000010 0.000010 0.000010 0.999950 0.000010
0.041974 0.000010 0.388538 0.000010 0.569458 0.000010
0.048321 0.000010 0.365599 0.000010 0.586050 0.000010
0.073099 0.000010 0.368560 0.000010 0.558311 0.000010
0.000010 0.011087 0.347294 0.007478 0.634121 0.000010
0.000010 0.018014 0.352336 0.006126 0.623504 0.000010
0.662006 0.000010 0.000010 0.333873 0.004092 0.000010
0.524084 0.093171 0.000010 0.282208 0.100516 0.000010
0.716488 0.000010 0.000010 0.258983 0.024499 0.000010
0.702569 0.068267 0.000010 0.180274 0.048870 0.000010
0.390041 0.139016 0.124268 0.346655 0.000010 0.000010
0.410081 0.137998 0.127400 0.324501 0.000010 0.000010
0.425254 0.137169 0.128456 0.309101 0.000010 0.000010
0.555082 0.107493 0.000010 0.334402 0.000010 0.003003
0.716538 0.000010 0.000010 0.283422 0.000010 0.000010
0.750454 0.000010 0.000010 0.249506 0.000010 0.000010
0.429126 0.039683 0.164102 0.336272 0.000010 0.030808
0.000010 0.000010 0.000010 0.000010 0.000010 0.999950
0.721523 0.000010 0.000010 0.254171 0.024276 0.000010
0.618257 0.000010 0.110740 0.197108 0.057476 0.016409
0.747234 0.000010 0.000010 0.211851 0.040885 0.000010
0.746126 0.000010 0.000010 0.206044 0.047801 0.000010
0.719819 0.000010 0.000010 0.252132 0.028019 0.000010
0.728273 0.135643 0.000706 0.135357 0.000010 0.000010
0.759411 0.000010 0.000010 0.199589 0.040970 0.000010
0.475220 0.000010 0.116299 0.386422 0.022039 0.000010
0.448262 0.000010 0.000010 0.551698 0.000010 0.000010
0.454468 0.000010 0.000010 0.545492 0.000010 0.000010
0.443681 0.000010 0.000010 0.556279 0.000010 0.000010
0.736450 0.000010 0.000010 0.261774 0.000010 0.001746
0.751853 0.000010 0.000010 0.244370 0.000010 0.003747
0.728143 0.000010 0.000010 0.270060 0.000010 0.001767
0.258669 0.000010 0.228751 0.058808 0.453752 0.000010
0.492507 0.052236 0.022382 0.303991 0.121617 0.007266
0.000010 0.000010 0.000010 0.000010 0.000010 0.999950
0.584728 0.000010 0.000010 0.245150 0.159373 0.010728
0.667327 0.000010 0.000010 0.249771 0.082873 0.000010
0.588750 0.000010 0.000010 0.251479 0.152787 0.006964
0.511416 0.000010 0.000010 0.319567 0.168987 0.000010
0.341753 0.000010 0.051132 0.607084 0.000010 0.000010
0.322481 0.000010 0.059076 0.618413 0.000010 0.000010
0.351609 0.000010 0.041898 0.606463 0.000010 0.000010
0.332959 0.000010 0.054809 0.612202 0.000010 0.000010
0.468834 0.000010 0.000010 0.263654 0.267482 0.000010
0.513921 0.000010 0.000010 0.242061 0.243988 0.000010
0.736883 0.000010 0.073650 0.158830 0.009930 0.020697
0.000010 0.000010 0.000010 0.000010 0.000010 0.999950
0.537422 0.000010 0.106968 0.355581 0.000010 0.000010
0.000010 0.000010 0.000010 0.000010 0.000010 0.999950
0.503889 0.000010 0.085490 0.314691 0.095910 0.000010
0.000010 0.000010 0.000010 0.009853 0.000010 0.990107
0.378856 0.171761 0.000010 0.426369 0.022993 0.000010
0.378260 0.169615 0.000010 0.429799 0.022305 0.000010
0.727782 0.000010 0.000010 0.223856 0.048332 0.000010
0.000010 0.000010 0.000010 0.999950 0.000010 0.000010
0.000010 0.000010 0.000010 0.999950 0.000010 0.000010
0.000010 0.000010 0.000010 0.999950 0.000010 0.000010
0.000010 0.000010 0.000010 0.999950 0.000010 0.000010
0.000010 0.000010 0.000010 0.999950 0.000010 0.000010
0.000010 0.000010 0.000010 0.000010 0.000010 0.999950
0.000010 0.000010 0.000010 0.000010 0.000010 0.999950
0.000010 0.000010 0.000010 0.000010 0.000010 0.999950
0.000010 0.000010 0.000010 0.000010 0.000010 0.999950
0.000010 0.000010 0.000010 0.000010 0.000010 0.999950
0.000010 0.000010 0.000010 0.000010 0.000010 0.999950
0.000010 0.000010 0.000010 0.000010 0.000010 0.999950
0.617430 0.054156 0.041809 0.194196 0.092399 0.000010
0.628248 0.134897 0.066342 0.170493 0.000010 0.000010
0.000010 0.000010 0.800549 0.102749 0.096673 0.000010
0.056446 0.000010 0.627174 0.238547 0.074283 0.003540
0.070169 0.049399 0.616297 0.178224 0.085901 0.000010
0.119470 0.106913 0.649835 0.123762 0.000010 0.000010
0.167481 0.000010 0.590757 0.115507 0.073955 0.052290
0.202459 0.000010 0.552971 0.192903 0.051646 0.000010
0.566658 0.000010 0.000010 0.365214 0.068098 0.000010
0.000010 0.000010 0.000010 0.000010 0.000010 0.999950
0.566389 0.009849 0.063222 0.360520 0.000010 0.000010
0.526759 0.111572 0.000010 0.361639 0.000010 0.000010
0.743348 0.000010 0.000010 0.256612 0.000010 0.000010
0.729552 0.000010 0.000010 0.270408 0.000010 0.000010
0.000010 0.000010 0.000010 0.000010 0.000010 0.999950
0.651885 0.086887 0.000010 0.261198 0.000010 0.000010
0.680196 0.000010 0.000010 0.248493 0.071281 0.000010
0.693970 0.000010 0.000010 0.233823 0.072177 0.000010
0.491142 0.000010 0.000010 0.434186 0.074642 0.000010
0.736696 0.000010 0.068901 0.194373 0.000010 0.000010
0.852851 0.000010 0.000010 0.147109 0.000010 0.000010
0.828238 0.005234 0.000010 0.166498 0.000010 0.000010
0.604519 0.000014 0.000010 0.369689 0.000010 0.025758
0.000010 0.000010 0.000010 0.999950 0.000010 0.000010
0.760225 0.000010 0.000010 0.239735 0.000010 0.000010
0.613275 0.000010 0.109006 0.277688 0.000010 0.000010
0.000010 0.000010 0.000010 0.000010 0.000010 0.999950
0.000010 0.090088 0.000010 0.909872 0.000010 0.000010
0.000010 0.092163 0.000010 0.907797 0.000010 0.000010
0.587139 0.000010 0.197390 0.147745 0.030724 0.036991
0.674051 0.000010 0.000010 0.325909 0.000010 0.000010
0.000010 0.000010 0.000010 0.999950 0.000010 0.000010
0.000010 0.000010 0.000010 0.999950 0.000010 0.000010
0.000010 0.000010 0.000010 0.999950 0.000010 0.000010
0.657612 0.000010 0.008604 0.333754 0.000010 0.000010
0.645746 0.000010 0.000010 0.354214 0.000010 0.000010
0.000010 0.000010 0.000010 0.999950 0.000010 0.000010
0.000010 0.000010 0.000010 0.999950 0.000010 0.000010
0.000010 0.000010 0.000010 0.999950 0.000010 0.000010
0.428855 0.000010 0.136157 0.421513 0.000010 0.013455
0.576203 0.000010 0.008131 0.316146 0.099500 0.000010
0.418672 0.000010 0.117398 0.463900 0.000010 0.000010
0.412863 0.000010 0.113991 0.473116 0.000010 0.000010
0.419499 0.000010 0.117253 0.463218 0.000010 0.000010
0.697499 0.000010 0.000010 0.302461 0.000010 0.000010
0.714960 0.000010 0.000010 0.285000 0.000010 0.000010
0.670771 0.000010 0.000010 0.260584 0.068615 0.000010
0.592578 0.000010 0.000010 0.303254 0.104138 0.000010
0.593075 0.049344 0.000010 0.171046 0.133412 0.053113
0.585631 0.052849 0.000514 0.184018 0.120219 0.056769
0.000010 0.000010 0.000010 0.818902 0.181058 0.000010
0.497259 0.000010 0.207680 0.295031 0.000010 0.000010
0.495353 0.000010 0.209525 0.295091 0.000010 0.000010
0.000010 0.000010 0.000010 0.841243 0.158717 0.000010
0.538017 0.099928 0.000010 0.362025 0.000010 0.000010
0.384088 0.010472 0.122733 0.218115 0.197971 0.066622
0.635754 0.091439 0.135383 0.137404 0.000010 0.000010
0.183722 0.068400 0.000010 0.692961 0.054896 0.000010
0.419839 0.003059 0.074243 0.210048 0.237285 0.055526
0.601182 0.000010 0.171670 0.227118 0.000010 0.000010
0.360420 0.065214 0.195688 0.378658 0.000010 0.000010
0.391250 0.068731 0.155180 0.384819 0.000010 0.000010
0.598383 0.000010 0.162493 0.239094 0.000010 0.000010
0.385268 0.087376 0.153424 0.373912 0.000010 0.000010
0.601374 0.072323 0.030509 0.241719 0.054065 0.000010
0.000010 0.000010 0.000010 0.000010 0.000010 0.999950
0.000010 0.000010 0.000010 0.000010 0.000010 0.999950
0.000010 0.000010 0.000010 0.000015 0.000010 0.999945
0.501620 0.000010 0.150599 0.281148 0.055591 0.011032
0.000010 0.000010 0.000010 0.000010 0.000010 0.999950
0.639301 0.000010 0.000010 0.359914 0.000010 0.000755
0.694613 0.074363 0.000010 0.230994 0.000010 0.000010
0.000010 0.000010 0.000010 0.000010 0.000010 0.999950
0.000010 0.000010 0.000010 0.000010 0.000010 0.999950
0.000010 0.000010 0.000010 0.000010 0.000010 0.999950
0.540511 0.000010 0.199310 0.254695 0.005464 0.000010
0.000010 0.000010 0.000010 0.000010 0.000010 0.999950
0.000010 0.048765 0.314269 0.064469 0.572477 0.000010
0.000010 0.000010 0.000010 0.000010 0.000010 0.999950
0.000010 0.000010 0.000010 0.000010 0.000010 0.999950
0.000010 0.000010 0.000010 0.000010 0.000010 0.999950
0.168380 0.117570 0.255434 0.000010 0.458596 0.000010
0.000010 0.000010 0.227647 0.000010 0.772313 0.000010
0.065605 0.126287 0.407310 0.000010 0.400777 0.000010
0.000010 0.000010 0.225247 0.000010 0.774713 0.000010
0.190471 0.000010 0.000010 0.043547 0.765952 0.000010
0.000010 0.000010 0.000010 0.031453 0.000010 0.968507
0.587028 0.029147 0.121521 0.182939 0.079356 0.000010
0.183650 0.224099 0.033533 0.000010 0.558698 0.000010
0.000010 0.080427 0.237545 0.238161 0.443847 0.000010
0.181584 0.150350 0.320507 0.000010 0.326037 0.021512
0.246281 0.000010 0.000010 0.089885 0.663805 0.000010
0.136424 0.019590 0.230042 0.000010 0.580306 0.033628
0.364285 0.062655 0.000010 0.012977 0.560063 0.000010
0.264031 0.000010 0.000010 0.000010 0.708582 0.027357
0.102908 0.000010 0.125833 0.150382 0.603941 0.016926
0.090018 0.143871 0.338756 0.018781 0.408563 0.000010
0.062113 0.123826 0.332760 0.000010 0.481281 0.000010
0.235015 0.207327 0.391681 0.000010 0.165957 0.000010
0.064587 0.174067 0.286538 0.000010 0.474788 0.000010
0.272742 0.055375 0.063114 0.176256 0.432503 0.000010
0.228819 0.023040 0.220951 0.012342 0.514838 0.000010
0.297480 0.003834 0.000010 0.000010 0.698656 0.000010
0.295986 0.000010 0.000010 0.000010 0.703974 0.000010
0.354323 0.095784 0.173696 0.092846 0.257337 0.026015
0.000010 0.185153 0.379878 0.061687 0.373262 0.000010
0.130957 0.040890 0.302978 0.111542 0.413623 0.000010
0.000010 0.028997 0.283003 0.079580 0.608400 0.000010
0.052932 0.106986 0.313201 0.000010 0.511557 0.015314
0.251603 0.000010 0.319345 0.000010 0.429022 0.000010
0.000010 0.027773 0.288606 0.086642 0.596959 0.000010
0.033779 0.000010 0.000010 0.000010 0.000010 0.966181
0.178083 0.136495 0.054750 0.000010 0.630651 0.000010
0.086925 0.142754 0.143962 0.000010 0.609707 0.016642
0.341068 0.017036 0.224042 0.000010 0.417835 0.000010
0.006580 0.000010 0.399130 0.000010 0.571556 0.022715
0.000010 0.000010 0.000010 0.000010 0.000010 0.999950
0.263872 0.000010 0.000010 0.000010 0.726061 0.010037
0.259177 0.000010 0.000010 0.000010 0.734805 0.005988
0.000010 0.000010 0.021046 0.000010 0.000010 0.978914
0.076815 0.066848 0.338148 0.000010 0.500741 0.017437
0.261795 0.000010 0.000010 0.000010 0.732743 0.005432
0.248821 0.000010 0.000010 0.000010 0.740773 0.010376
0.134699 0.073986 0.291240 0.000010 0.500055 0.000010
0.185218 0.000010 0.000010 0.016974 0.797778 0.000010
0.263961 0.110951 0.143395 0.068723 0.412961 0.000010
0.205611 0.014623 0.225152 0.000010 0.554594 0.000010
0.127434 0.068562 0.318548 0.108038 0.377409 0.000010
0.380157 0.070078 0.382067 0.000010 0.167678 0.000010
0.101917 0.136176 0.283818 0.000010 0.478069 0.000010
0.205352 0.051580 0.313627 0.000010 0.429421 0.000010
0.150051 0.000010 0.312569 0.000010 0.537350 0.000010
0.207391 0.083408 0.141424 0.068650 0.499117 0.000010
0.418964 0.206689 0.171314 0.000010 0.203014 0.000010
0.142214 0.075996 0.319216 0.139127 0.323437 0.000010
0.165585 0.163799 0.240531 0.001505 0.428570 0.000010
0.999950 0.000010 0.000010 0.000010 0.000010 0.000010
0.500593 0.000010 0.021338 0.383965 0.094084 0.000010
0.999950 0.000010 0.000010 0.000010 0.000010 0.000010
0.984330 0.015630 0.000010 0.000010 0.000010 0.000010
0.441051 0.000010 0.229084 0.249921 0.079925 0.000010
0.550439 0.129185 0.000010 0.320346 0.000010 0.000010
0.466716 0.000010 0.074380 0.323875 0.135008 0.000010
0.633550 0.000010 0.141421 0.175586 0.049423 0.000010
0.673845 0.000010 0.053791 0.213682 0.058662 0.000010
0.422707 0.000010 0.000010 0.358835 0.210407 0.008031
0.451913 0.032959 0.134712 0.337320 0.043086 0.000010
0.658116 0.000010 0.000010 0.336248 0.005606 0.000010
0.613229 0.055107 0.039391 0.257349 0.024675 0.010249
0.602231 0.000010 0.000010 0.352015 0.045724 0.000010
0.545604 0.078056 0.000010 0.376310 0.000010 0.000010
0.000010 0.000010 0.000013 0.000010 0.000010 0.999947
0.564829 0.151432 0.000010 0.207245 0.000010 0.076473
0.648819 0.000010 0.120789 0.230362 0.000010 0.000010
0.765951 0.000010 0.000010 0.234009 0.000010 0.000010
0.690817 0.000010 0.058989 0.250164 0.000010 0.000010
0.999950 0.000010 0.000010 0.000010 0.000010 0.000010
0.517019 0.000010 0.223186 0.259765 0.000010 0.000010
0.999950 0.000010 0.000010 0.000010 0.000010 0.000010
0.749773 0.000010 0.000010 0.237838 0.000010 0.012359
0.757037 0.000010 0.000010 0.217463 0.000010 0.025470
0.381624 0.000010 0.240442 0.377903 0.000010 0.000010
0.999950 0.000010 0.000010 0.000010 0.000010 0.000010
0.999950 0.000010 0.000010 0.000010 0.000010 0.000010
0.578744 0.000010 0.146047 0.272982 0.000010 0.002207
0.504827 0.000010 0.111497 0.383646 0.000010 0.000010
0.999950 0.000010 0.000010 0.000010 0.000010 0.000010
0.000010 0.000010 0.388416 0.000010 0.611544 0.000010
0.819945 0.006222 0.000010 0.159497 0.000010 0.014316
0.999950 0.000010 0.000010 0.000010 0.000010 0.000010
0.595132 0.000010 0.085493 0.319345 0.000010 0.000010
0.802399 0.054197 0.000010 0.127591 0.000010 0.015793
0.509905 0.000010 0.215433 0.274632 0.000010 0.000010
0.582167 0.029995 0.006086 0.381732 0.000010 0.000010
0.410581 0.058609 0.000010 0.291073 0.239717 0.000010
0.557238 0.023076 0.049615 0.370052 0.000010 0.000010
0.588122 0.000010 0.000010 0.270356 0.125229 0.016272
0.466035 0.000010 0.000010 0.288205 0.245730 0.000010
0.553353 0.025833 0.160333 0.243145 0.000010 0.017326
0.563976 0.037260 0.116778 0.259760 0.014487 0.007738
0.353341 0.236664 0.130829 0.279146 0.000010 0.000010
0.345960 0.198301 0.151289 0.304430 0.000010 0.000010
0.719139 0.062161 0.000010 0.190557 0.028123 0.000010
0.717154 0.032822 0.000010 0.203706 0.046298 0.000010
0.179880 0.000010 0.173658 0.026648 0.573658 0.046147
0.287325 0.000010 0.262104 0.450542 0.000010 0.000010
0.286449 0.000010 0.244094 0.469426 0.000010 0.000010
0.288307 0.000010 0.261992 0.449671 0.000010 0.000010
0.462006 0.000010 0.162098 0.375866 0.000010 0.000010
0.285724 0.000010 0.259507 0.454739 0.000010 0.000010
0.544263 0.130327 0.031855 0.293535 0.000010 0.000010
0.659293 0.000010 0.000010 0.313542 0.027135 0.000010
0.647845 0.000010 0.000010 0.331963 0.020162 0.000010
0.404053 0.032924 0.000010 0.288658 0.274346 0.000010
0.800718 0.000010 0.059599 0.139653 0.000010 0.000010
0.373864 0.085933 0.120545 0.400509 0.019139 0.000010
0.735752 0.000010 0.000010 0.236301 0.027917 0.000010
0.586406 0.000010 0.115916 0.271287 0.026371 0.000010
0.696982 0.104205 0.000010 0.099418 0.099376 0.000010
0.764424 0.000010 0.000010 0.184314 0.051232 0.000010
0.766556 0.000010 0.000010 0.183544 0.049869 0.000010
0.599592 0.000010 0.053889 0.276357 0.070141 0.000010
0.678231 0.043813 0.000010 0.277926 0.000010 0.000010
0.315640 0.000010 0.099426 0.433593 0.151320 0.000010
0.699588 0.000010 0.000010 0.293918 0.006464 0.000010
0.556556 0.020363 0.000010 0.334039 0.089021 0.000010
0.726199 0.000010 0.000010 0.185378 0.067714 0.020688
0.369172 0.115765 0.116934 0.229679 0.146294 0.022156
0.729861 0.000010 0.042151 0.227958 0.000010 0.000010
0.483095 0.057470 0.000010 0.331718 0.077205 0.050502
0.696412 0.000010 0.000010 0.292241 0.011318 0.000010
0.781062 0.016169 0.000010 0.201600 0.001150 0.000010
0.503318 0.044249 0.045731 0.393028 0.000010 0.013664
0.389090 0.000010 0.312954 0.297926 0.000010 0.000010
0.582287 0.000010 0.111713 0.305969 0.000010 0.000010
0.559380 0.087061 0.163395 0.190143 0.000010 0.000010
0.388900 0.000010 0.312693 0.298376 0.000010 0.000010
0.651341 0.103325 0.000010 0.072167 0.097770 0.075388
0.398696 0.000010 0.256873 0.344400 0.000010 0.000010
0.624393 0.083980 0.000010 0.105152 0.121519 0.064945
0.543249 0.066076 0.000010 0.199137 0.177604 0.013924
0.552072 0.000010 0.000010 0.394247 0.000010 0.053650
0.580005 0.000010 0.117749 0.237574 0.064653 0.000010
0.680227 0.000010 0.110599 0.201428 0.000010 0.007727
0.000010 0.000010 0.000010 0.000010 0.000010 0.999950
0.625636 0.039192 0.003387 0.278822 0.052952 0.000010
0.702438 0.000010 0.058237 0.239295 0.000010 0.000010
0.482671 0.067537 0.000010 0.394995 0.054777 0.000010
0.502267 0.082246 0.097971 0.285027 0.000010 0.032478
0.422554 0.000010 0.136056 0.325984 0.115386 0.000010
0.633007 0.033138 0.000010 0.264208 0.069628 0.000010
0.575905 0.000010 0.000010 0.269263 0.136352 0.018460
0.712805 0.228071 0.000010 0.059094 0.000010 0.000010
0.704152 0.241673 0.000010 0.054145 0.000010 0.000010
0.661181 0.062510 0.000010 0.238895 0.037393 0.000010
0.509423 0.013903 0.161458 0.309873 0.005333 0.000010
0.455567 0.036998 0.000010 0.314700 0.167286 0.025440
0.578947 0.000010 0.120212 0.300811 0.000010 0.000010
0.452567 0.000010 0.040556 0.346374 0.160483 0.000010
0.673373 0.000010 0.050932 0.275665 0.000010 0.000010
0.193172 0.000010 0.000010 0.046085 0.760713 0.000010
0.000010 0.000010 0.893845 0.106115 0.000010 0.000010
0.090861 0.000010 0.684385 0.099844 0.124890 0.000010
0.000010 0.000010 0.891411 0.108549 0.000010 0.000010
0.000010 0.000010 0.890323 0.109637 0.000010 0.000010
0.000010 0.023320 0.636211 0.245094 0.095356 0.000010
0.205311 0.000010 0.353048 0.139647 0.301974 0.000010
0.000010 0.156122 0.843838 0.000010 0.000010 0.000010
0.000010 0.172797 0.827163 0.000010 0.000010 0.000010
0.000010 0.000010 0.907725 0.051264 0.040981 0.000010
0.083430 0.000010 0.663392 0.132535 0.119061 0.001571
0.000010 0.000010 0.861389 0.093029 0.000010 0.045552
0.074752 0.000010 0.650052 0.141326 0.131189 0.002671
0.000010 0.014940 0.848232 0.094252 0.000010 0.042557
0.127401 0.000010 0.658692 0.091045 0.112083 0.010768
0.060544 0.000010 0.720304 0.043748 0.175384 0.000010
0.100228 0.086514 0.556703 0.115406 0.141139 0.000010
0.000010 0.037839 0.870573 0.091557 0.000010 0.000010
0.000010 0.097733 0.743963 0.158273 0.000010 0.000010
0.000010 0.096069 0.852630 0.051271 0.000010 0.000010
0.000010 0.106208 0.740027 0.153735 0.000010 0.000010
0.048050 0.117910 0.552610 0.212141 0.069279 0.000010
0.000010 0.000010 0.865857 0.134103 0.000010 0.000010
0.000010 0.085168 0.859382 0.055419 0.000010 0.000010
0.000010 0.000010 0.000010 0.000010 0.000010 0.999950
0.064068 0.000010 0.935892 0.000010 0.000010 0.000010
0.000010 0.139826 0.845594 0.014549 0.000010 0.000010
0.068014 0.000010 0.931946 0.000010 0.000010 0.000010
0.000010 0.153796 0.846164 0.000010 0.000010 0.000010
0.000010 0.054055 0.681425 0.264489 0.000010 0.000010
0.000010 0.000010 0.850246 0.149714 0.000010 0.000010
0.289716 0.000010 0.393067 0.071504 0.245693 0.000010
0.000010 0.076618 0.767885 0.155467 0.000010 0.000010
0.000010 0.108123 0.701225 0.170696 0.019936 0.000010
0.000010 0.000010 0.949784 0.050176 0.000010 0.000010
0.000010 0.000010 0.580866 0.250705 0.168398 0.000010
0.000010 0.000010 0.949908 0.050052 0.000010 0.000010
0.000010 0.000010 0.597430 0.243621 0.158919 0.000010
0.106743 0.142333 0.642738 0.108166 0.000010 0.000010
0.000010 0.075283 0.804054 0.120633 0.000010 0.000010
0.000010 0.000010 0.999950 0.000010 0.000010 0.000010
0.000010 0.000010 0.999950 0.000010 0.000010 0.000010
0.000010 0.000010 0.928778 0.071182 0.000010 0.000010
0.011766 0.001888 0.734712 0.251614 0.000010 0.000010
0.042853 0.000010 0.798275 0.158842 0.000010 0.000010
0.000010 0.000010 0.873753 0.117657 0.000010 0.008560
0.000010 0.000010 0.868326 0.123400 0.000010 0.008245
0.000010 0.000010 0.830055 0.169905 0.000010 0.000010
0.000010 0.000010 0.925847 0.074113 0.000010 0.000010
0.000010 0.000010 0.934605 0.065355 0.000010 0.000010
0.016387 0.005262 0.733571 0.177218 0.067552 0.000010
0.002458 0.165663 0.831849 0.000010 0.000010 0.000010
0.000010 0.000010 0.000010 0.000010 0.000010 0.999950
0.077070 0.031687 0.837183 0.054040 0.000010 0.000010
0.000010 0.034542 0.829590 0.135838 0.000010 0.000010
0.000010 0.000010 0.868977 0.125147 0.000010 0.005846
0.000010 0.000010 0.000010 0.000010 0.000010 0.999950
0.081681 0.075534 0.555080 0.071490 0.216205 0.000010
0.000010 0.108902 0.698987 0.177638 0.006863 0.007601
0.003202 0.000010 0.888760 0.108008 0.000010 0.000010
0.000010 0.028750 0.643605 0.231119 0.096506 0.000010
0.000010 0.077022 0.590470 0.158033 0.174455 0.000010
0.000010 0.000016 0.601696 0.250804 0.147465 0.000010
0.000010 0.000010 0.602019 0.260211 0.077490 0.060260
0.000010 0.000010 0.873945 0.126015 0.000010 0.000010
0.036673 0.000010 0.000010 0.000010 0.000010 0.963287
0.000010 0.000010 0.874228 0.125732 0.000010 0.000010
0.119830 0.166593 0.596788 0.094062 0.000010 0.022717
0.000010 0.000010 0.771468 0.228492 0.000010 0.000010
0.000010 0.000010 0.844035 0.155925 0.000010 0.000010
0.000010 0.038925 0.802297 0.158748 0.000010 0.000010
0.000010 0.040829 0.808051 0.151090 0.000010 0.000010
0.000010 0.000010 0.000010 0.000010 0.000010 0.999950
0.000010 0.000010 0.000010 0.000010 0.000010 0.999950
0.190226 0.000010 0.000010 0.042240 0.767504 0.000010
0.999950 0.000010 0.000010 0.000010 0.000010 0.000010
0.000010 0.000010 0.000010 0.000010 0.000010 0.999950
