0.238648 0.000010 0.318600 0.346951 0.000010 0.061969 0.033812
0.057823 0.000010 0.251962 0.412796 0.000010 0.197696 0.079702
0.000010 0.000010 0.999940 0.000010 0.000010 0.000010 0.000010
0.000010 0.000010 0.999940 0.000010 0.000010 0.000010 0.000010
0.000010 0.000010 0.999940 0.000010 0.000010 0.000010 0.000010
0.000010 0.000010 0.999940 0.000010 0.000010 0.000010 0.000010
0.000010 0.000010 0.999940 0.000010 0.000010 0.000010 0.000010
0.236720 0.000010 0.455557 0.307683 0.000010 0.000010 0.000010
0.000010 0.000010 0.376775 0.439108 0.000010 0.184077 0.000010
0.000010 0.000010 0.382624 0.442115 0.000010 0.175221 0.000010
0.030484 0.122561 0.300471 0.478980 0.000010 0.059542 0.007954
0.000010 0.000010 0.402934 0.580173 0.000010 0.016853 0.000010
0.000010 0.000010 0.413401 0.560771 0.000010 0.025788 0.000010
0.000010 0.000010 0.000010 0.999940 0.000010 0.000010 0.000010
0.000010 0.000010 0.000010 0.999940 0.000010 0.000010 0.000010
0.000010 0.000010 0.000010 0.999940 0.000010 0.000010 0.000010
0.000010 0.000010 0.000010 0.999940 0.000010 0.000010 0.000010
0.000010 0.038614 0.385056 0.413305 0.000010 0.162995 0.000010
0.000010 0.053710 0.330900 0.398421 0.000010 0.216940 0.000010
0.000010 0.000010 0.000010 0.999940 0.000010 0.000010 0.000010
0.000010 0.000010 0.000010 0.999940 0.000010 0.000010 0.000010
0.467445 0.000010 0.446831 0.085684 0.000010 0.000010 0.000010
0.296929 0.000010 0.523408 0.179623 0.000010 0.000010 0.000010
0.285147 0.000010 0.540719 0.174095 0.000010 0.000010 0.000010
0.000010 0.000010 0.377225 0.443134 0.000010 0.179602 0.000010
0.184608 0.000010 0.474006 0.268090 0.000010 0.073265 0.000010
0.066145 0.000010 0.359692 0.356662 0.110459 0.107022 0.000010
0.366099 0.000010 0.362329 0.000010 0.000010 0.271532 0.000010
0.000010 0.019163 0.439547 0.402795 0.026203 0.112272 0.000010
0.001030 0.017621 0.539039 0.304078 0.000010 0.138211 0.000010
0.000010 0.019471 0.542219 0.301638 0.000010 0.136641 0.000010
0.006007 0.000010 0.402562 0.591392 0.000010 0.000010 0.000010
0.002045 0.017039 0.541908 0.303845 0.000010 0.135143 0.000010
0.098676 0.066728 0.329823 0.324017 0.100697 0.070577 0.009480
0.074602 0.000010 0.470880 0.315475 0.035042 0.103981 0.000010
0.365967 0.000010 0.367861 0.000010 0.000010 0.266132 0.000010
0.039579 0.000010 0.784015 0.087570 0.000010 0.088806 0.000010
0.190603 0.000010 0.505585 0.303772 0.000010 0.000010 0.000010
0.000010 0.000010 0.374200 0.625750 0.000010 0.000010 0.000010
0.000010 0.000010 0.401707 0.598243 0.000010 0.000010 0.000010
0.000010 0.000010 0.388219 0.611731 0.000010 0.000010 0.000010
0.063574 0.000010 0.228161 0.321797 0.073047 0.267004 0.046406
0.000010 0.000010 0.619751 0.276065 0.070120 0.018914 0.015130
0.212473 0.000010 0.324658 0.184546 0.088234 0.190069 0.000010
0.000010 0.000010 0.530138 0.411269 0.020478 0.000010 0.038086
0.217162 0.000010 0.501901 0.280897 0.000010 0.000010 0.000010
0.195257 0.000010 0.198058 0.305464 0.140596 0.160605 0.000010
0.000010 0.654743 0.000010 0.000010 0.106484 0.237201 0.001543
0.000010 0.000010 0.000010 0.215313 0.000010 0.784637 0.000010
0.000010 0.000010 0.000010 0.218946 0.000010 0.781004 0.000010
0.000010 0.177748 0.260053 0.151250 0.000010 0.410919 0.000010
0.180586 0.000010 0.162610 0.000010 0.000010 0.656764 0.000010
0.189209 0.000010 0.154079 0.000010 0.000010 0.656672 0.000010
0.198250 0.000010 0.157220 0.000010 0.000010 0.644490 0.000010
0.198266 0.000010 0.163728 0.000010 0.000010 0.637966 0.000010
0.000010 0.000010 0.000010 0.000010 0.000010 0.999940 0.000010
0.000010 0.000010 0.000010 0.000010 0.000010 0.999940 0.000010
0.000010 0.000010 0.208268 0.044222 0.095764 0.651715 0.000010
0.026294 0.000010 0.413410 0.124050 0.000010 0.436216 0.000010
0.000010 0.000010 0.206681 0.063937 0.087660 0.641692 0.000010
0.000010 0.000010 0.220350 0.042547 0.095072 0.642001 0.000010
0.000010 0.000010 0.000010 0.218006 0.000010 0.781944 0.000010
0.000010 0.000010 0.000010 0.000010 0.600564 0.378910 0.020486
0.000010 0.000010 0.000010 0.000010 0.000010 0.999940 0.000010
0.000010 0.000010 0.000010 0.000010 0.000010 0.999940 0.000010
0.000010 0.000010 0.000010 0.000010 0.000010 0.999940 0.000010
0.000010 0.000010 0.000010 0.000010 0.000010 0.999940 0.000010
0.000010 0.000010 0.000010 0.000010 0.000010 0.999940 0.000010
0.000010 0.247449 0.012463 0.373973 0.106545 0.259550 0.000010
0.000010 0.000010 0.000010 0.000010 0.000010 0.999940 0.000010
0.000010 0.000010 0.000010 0.000010 0.000010 0.999940 0.000010
0.000010 0.000010 0.000010 0.000010 0.000010 0.999940 0.000010
0.000010 0.000010 0.000010 0.000010 0.000010 0.999940 0.000010
0.000010 0.000010 0.331541 0.397032 0.020248 0.229266 0.021892
0.021355 0.000010 0.190078 0.180713 0.095344 0.512489 0.000010
0.000010 0.000010 0.000010 0.488617 0.000010 0.511333 0.000010
0.000010 0.000010 0.999940 0.000010 0.000010 0.000010 0.000010
0.000010 0.000010 0.999940 0.000010 0.000010 0.000010 0.000010
0.000010 0.000010 0.999940 0.000010 0.000010 0.000010 0.000010
0.000010 0.000010 0.999940 0.000010 0.000010 0.000010 0.000010
0.000010 0.000010 0.999940 0.000010 0.000010 0.000010 0.000010
0.000010 0.000010 0.999940 0.000010 0.000010 0.000010 0.000010
0.000010 0.000010 0.000010 0.588413 0.000010 0.411537 0.000010
0.000010 0.000010 0.000010 0.577894 0.000010 0.422056 0.000010
0.039173 0.079678 0.400954 0.229614 0.000010 0.250561 0.000010
0.028132 0.105505 0.406516 0.225184 0.000010 0.234643 0.000010
0.000010 0.000010 0.000010 0.000010 0.244090 0.755860 0.000010
0.000010 0.000010 0.000010 0.000010 0.239665 0.760285 0.000010
0.000010 0.000010 0.000010 0.000010 0.239363 0.760587 0.000010
0.000010 0.000010 0.000010 0.000010 0.248466 0.751484 0.000010
0.000010 0.000010 0.000010 0.000010 0.260508 0.739442 0.000010
0.000010 0.000010 0.047023 0.000010 0.000010 0.000010 0.952927
0.000010 0.108248 0.429354 0.207565 0.000010 0.204014 0.050799
0.000010 0.102630 0.423088 0.215114 0.000010 0.204575 0.054574
0.000010 0.068310 0.252504 0.445163 0.000014 0.233990 0.000010
0.286402 0.000010 0.016776 0.418236 0.132968 0.145598 0.000010
0.248171 0.000010 0.058426 0.401259 0.111708 0.180416 0.000010
0.000010 0.093084 0.231186 0.129180 0.000010 0.537188 0.009342
0.000010 0.116447 0.278862 0.451280 0.000010 0.153381 0.000010
0.000010 0.000010 0.000010 0.000010 0.000010 0.000010 0.999940
0.141708 0.000010 0.380437 0.165294 0.008395 0.304147 0.000010
0.201362 0.189084 0.000010 0.000010 0.000010 0.609514 0.000010
0.186834 0.209752 0.000010 0.000010 0.000010 0.603373 0.000010
0.206924 0.197626 0.000010 0.000010 0.000010 0.595409 0.000010
0.000010 0.000010 0.045072 0.000010 0.000010 0.000010 0.954878
0.000010 0.000010 0.297788 0.201782 0.019671 0.480728 0.000010
0.000010 0.000010 0.000010 0.000011 0.032014 0.000010 0.967934
0.000010 0.000010 0.418910 0.581040 0.000010 0.000010 0.000010
0.000010 0.000010 0.000010 0.000010 0.000010 0.000010 0.999940
0.000010 0.000010 0.000010 0.000010 0.000010 0.000010 0.999940
0.000010 0.000010 0.466864 0.501840 0.000010 0.000010 0.031256
0.000010 0.000010 0.461578 0.481175 0.000010 0.008987 0.048231
0.000010 0.000010 0.000010 0.000010 0.023424 0.000010 0.976526
0.000010 0.000010 0.000010 0.000010 0.023395 0.000010 0.976555
0.000010 0.000010 0.000010 0.000010 0.000010 0.999940 0.000010
0.000010 0.000010 0.000010 0.000010 0.000010 0.999940 0.000010
0.000010 0.000010 0.000010 0.000010 0.000010 0.000010 0.999940
0.000010 0.000010 0.000010 0.000010 0.000010 0.999940 0.000010
0.000010 0.000010 0.000010 0.000010 0.000010 0.999940 0.000010
0.000010 0.000010 0.000010 0.000010 0.000010 0.999940 0.000010
0.000010 0.000010 0.000010 0.000010 0.000010 0.999940 0.000010
0.000010 0.000010 0.000010 0.000010 0.000010 0.999940 0.000010
0.000010 0.000010 0.000010 0.000010 0.000010 0.999940 0.000010
0.000010 0.000010 0.000010 0.000010 0.000010 0.999940 0.000010
0.000010 0.000010 0.000010 0.000010 0.000010 0.999940 0.000010
0.000010 0.000010 0.000010 0.000010 0.000010 0.999940 0.000010
0.000010 0.000010 0.000010 0.000010 0.000010 0.999940 0.000010
0.000010 0.000010 0.000010 0.000010 0.000010 0.999940 0.000010
0.000010 0.000010 0.000010 0.000010 0.000010 0.999940 0.000010
0.000010 0.000010 0.000010 0.000010 0.000010 0.999940 0.000010
0.000010 0.000010 0.000010 0.669336 0.000010 0.330614 0.000010
0.000010 0.000010 0.000010 0.668692 0.000010 0.331258 0.000010
0.000010 0.000010 0.000010 0.674880 0.000010 0.325070 0.000010
0.123492 0.000010 0.459114 0.262153 0.000010 0.155211 0.000010
0.121554 0.000010 0.424620 0.261739 0.000010 0.192057 0.000010
0.000010 0.749332 0.000010 0.061241 0.189387 0.000010 0.000010
0.000010 0.481826 0.184772 0.000010 0.241148 0.092225 0.000010
0.000010 0.790903 0.140193 0.000010 0.068865 0.000010 0.000010
0.000010 0.682982 0.000010 0.054905 0.158910 0.103173 0.000010
0.179378 0.763176 0.000010 0.057405 0.000010 0.000010 0.000010
0.180809 0.744495 0.000010 0.065654 0.009012 0.000010 0.000010
0.184585 0.747526 0.000010 0.067848 0.000010 0.000010 0.000010
0.055085 0.717301 0.000010 0.000010 0.160886 0.054694 0.012014
0.000010 0.925391 0.000010 0.000010 0.074559 0.000010 0.000010
0.000010 0.907396 0.000010 0.000010 0.092554 0.000010 0.000010
0.000010 0.447107 0.000010 0.103965 0.321727 0.098981 0.028198
0.000010 0.000010 0.000010 0.000010 0.000010 0.000010 0.999940
0.000010 0.662524 0.009418 0.000010 0.262189 0.065839 0.000010
0.101938 0.757199 0.000010 0.056395 0.000010 0.084437 0.000010
0.000010 0.000010 0.361681 0.000010 0.638269 0.000010 0.000010
0.000010 0.000010 0.381316 0.000010 0.618634 0.000010 0.000010
0.000010 0.000010 0.337402 0.000010 0.662548 0.000010 0.000010
0.101736 0.331548 0.000010 0.000010 0.445181 0.121505 0.000010
0.000010 0.000010 0.376106 0.000010 0.623844 0.000010 0.000010
0.144874 0.798401 0.056685 0.000010 0.000010 0.000010 0.000010
0.000010 0.810708 0.000010 0.000010 0.189242 0.000010 0.000010
0.000010 0.809129 0.000010 0.000010 0.190821 0.000010 0.000010
0.000010 0.810421 0.000010 0.000010 0.189529 0.000010 0.000010
0.000010 0.999940 0.000010 0.000010 0.000010 0.000010 0.000010
0.000010 0.999940 0.000010 0.000010 0.000010 0.000010 0.000010
0.000010 0.999940 0.000010 0.000010 0.000010 0.000010 0.000010
0.207528 0.223818 0.427713 0.140911 0.000010 0.000010 0.000010
0.000010 0.638486 0.011659 0.130454 0.148093 0.071288 0.000010
0.000010 0.000010 0.000010 0.000010 0.000010 0.000010 0.999940
0.000010 0.674155 0.000010 0.181201 0.000010 0.130117 0.014498
0.000010 0.762427 0.000010 0.237523 0.000010 0.000010 0.000010
0.000010 0.672576 0.000010 0.192981 0.000010 0.123723 0.010690
0.000012 0.500566 0.000010 0.212196 0.189895 0.097310 0.000010
0.081182 0.705404 0.000010 0.000010 0.213374 0.000010 0.000010
0.097032 0.694732 0.000010 0.000010 0.208196 0.000010 0.000010
0.066189 0.704111 0.000010 0.000010 0.229660 0.000010 0.000010
0.084416 0.695255 0.000010 0.000010 0.220289 0.000010 0.000010
0.021693 0.432490 0.197451 0.000010 0.187698 0.160648 0.000010
0.000010 0.484947 0.178828 0.000010 0.169053 0.167142 0.000010
0.000010 0.522928 0.000010 0.159211 0.286852 0.000010 0.030979
0.000010 0.000010 0.000010 0.000010 0.000010 0.000010 0.999940
0.047838 0.719362 0.081104 0.000010 0.151666 0.000010 0.000010
0.000010 0.000010 0.000010 0.000010 0.000010 0.000010 0.999940
0.139869 0.615878 0.000010 0.041273 0.098880 0.104081 0.000010
0.000010 0.000010 0.000010 0.000010 0.000010 0.000010 0.999940
0.000010 0.622101 0.000010 0.000010 0.177850 0.200009 0.000010
0.000010 0.626685 0.000010 0.000010 0.177159 0.196116 0.000010
0.000010 0.000010 0.388244 0.000010 0.611706 0.000010 0.000010
0.000010 0.000010 0.000010 0.000010 0.999940 0.000010 0.000010
0.000010 0.000010 0.000010 0.000010 0.999940 0.000010 0.000010
0.000010 0.000010 0.000010 0.000010 0.999940 0.000010 0.000010
0.000010 0.000010 0.000010 0.000010 0.999940 0.000010 0.000010
0.000010 0.000010 0.000010 0.000010 0.999940 0.000010 0.000010
0.000010 0.000010 0.000010 0.000010 0.000010 0.000010 0.999940
0.000010 0.000010 0.000010 0.000010 0.000010 0.000010 0.999940
0.000010 0.000010 0.000010 0.000010 0.000010 0.000010 0.999940
0.000010 0.000010 0.000010 0.000010 0.000010 0.000010 0.999940
0.000010 0.000010 0.000010 0.000010 0.000010 0.000010 0.999940
0.000010 0.000010 0.000010 0.000010 0.000010 0.000010 0.999940
0.000010 0.000010 0.000010 0.000010 0.000010 0.000010 0.999940
0.000010 0.435057 0.212501 0.142098 0.210315 0.000010 0.000010
0.073273 0.509366 0.118328 0.000010 0.299003 0.000010 0.000010
0.513003 0.074901 0.068230 0.343836 0.000010 0.000010 0.000010
0.523192 0.058387 0.000010 0.153038 0.197214 0.068150 0.000010
0.642247 0.257881 0.067042 0.032799 0.000010 0.000010 0.000010
0.577112 0.134531 0.058202 0.000019 0.067661 0.162465 0.000010
0.581484 0.164912 0.000010 0.103689 0.096169 0.000010 0.053725
0.537350 0.043088 0.181304 0.038884 0.199353 0.000010 0.000010
0.000010 0.594895 0.000010 0.000010 0.267403 0.137662 0.000010
0.000010 0.000010 0.000010 0.000010 0.000010 0.000010 0.999940
0.025758 0.493472 0.015586 0.049098 0.416066 0.000010 0.000010
0.034999 0.734631 0.000010 0.007349 0.186572 0.036429 0.000010
0.000010 0.815357 0.027713 0.000010 0.156890 0.000010 0.000010
0.000010 0.855134 0.017709 0.000010 0.127116 0.000010 0.000010
0.000010 0.000010 0.000010 0.000010 0.000010 0.000010 0.999940
0.000010 0.714495 0.000010 0.000010 0.256570 0.028895 0.000010
0.000010 0.749241 0.000010 0.000010 0.106665 0.144053 0.000010
0.000010 0.692121 0.000010 0.068081 0.132472 0.107296 0.000010
0.000010 0.574953 0.020391 0.000010 0.299773 0.096361 0.008502
0.028886 0.653753 0.000010 0.056827 0.208120 0.052395 0.000010
0.000010 0.999940 0.000010 0.000010 0.000010 0.000010 0.000010
0.000010 0.999940 0.000010 0.000010 0.000010 0.000010 0.000010
0.057915 0.769696 0.000010 0.030035 0.131794 0.000010 0.010540
0.000010 0.000010 0.000010 0.000010 0.999940 0.000010 0.000010
0.000010 0.549040 0.000010 0.000010 0.450910 0.000010 0.000010
0.065797 0.444134 0.000010 0.086251 0.355248 0.048550 0.000010
0.000010 0.000010 0.000010 0.000010 0.000010 0.000010 0.999940
0.000010 0.905799 0.000010 0.000010 0.000010 0.094151 0.000010
0.000010 0.912244 0.000010 0.000010 0.000010 0.087706 0.000010
0.000010 0.420312 0.178043 0.174575 0.196550 0.000010 0.030500
0.000010 0.868884 0.000010 0.000010 0.131066 0.000010 0.000010
0.000010 0.999940 0.000010 0.000010 0.000010 0.000010 0.000010
0.000010 0.999940 0.000010 0.000010 0.000010 0.000010 0.000010
0.000010 0.999940 0.000010 0.000010 0.000010 0.000010 0.000010
0.067646 0.543571 0.042284 0.000010 0.346469 0.000010 0.000010
0.035474 0.567989 0.013398 0.000010 0.383109 0.000010 0.000010
0.000010 0.999940 0.000010 0.000010 0.000010 0.000010 0.000010
0.000010 0.999940 0.000010 0.000010 0.000010 0.000010 0.000010
0.000010 0.999940 0.000010 0.000010 0.000010 0.000010 0.000010
0.147135 0.748885 0.000010 0.000010 0.103941 0.000010 0.000010
0.003523 0.661172 0.060063 0.081689 0.154500 0.039043 0.000010
0.035002 0.902145 0.000010 0.007472 0.000010 0.055350 0.000010
0.032311 0.908884 0.000010 0.004713 0.000010 0.054063 0.000010
0.037463 0.901935 0.000010 0.006306 0.000010 0.054267 0.000010
0.000010 0.715545 0.000010 0.000010 0.284405 0.000010 0.000010
0.000010 0.675761 0.000010 0.035502 0.288697 0.000010 0.000010
0.000010 0.819746 0.068629 0.110888 0.000707 0.000010 0.000010
0.000010 0.849985 0.000010 0.102594 0.000010 0.047381 0.000010
0.000010 0.614988 0.002055 0.164724 0.116102 0.068174 0.033945
0.000010 0.659690 0.032723 0.196538 0.064658 0.014065 0.032316
0.000010 0.833529 0.133322 0.000010 0.000010 0.033109 0.000010
0.185249 0.753907 0.000010 0.060804 0.000010 0.000010 0.000010
0.179904 0.754191 0.000010 0.065865 0.000010 0.000010 0.000010
0.000010 0.878969 0.018627 0.000010 0.000010 0.102364 0.000010
0.000010 0.577753 0.000010 0.078840 0.319967 0.023409 0.000010
0.082077 0.554284 0.000010 0.158328 0.000010 0.133009 0.072282
0.141839 0.530907 0.000010 0.000010 0.179526 0.147698 0.000010
0.000010 0.877054 0.122896 0.000010 0.000010 0.000010 0.000010
0.059470 0.586830 0.000010 0.168240 0.000010 0.121138 0.064302
0.094829 0.785887 0.000010 0.119244 0.000010 0.000010 0.000010
0.274151 0.325798 0.020730 0.000010 0.379290 0.000010 0.000010
0.227694 0.371273 0.041942 0.000010 0.359061 0.000010 0.000010
0.086504 0.799761 0.000010 0.113695 0.000010 0.000010 0.000010
0.212768 0.362187 0.068087 0.000010 0.356929 0.000010 0.000010
0.139712 0.656861 0.014693 0.046453 0.142261 0.000010 0.000010
0.000010 0.000010 0.000010 0.000010 0.000010 0.000010 0.999940
0.000010 0.000010 0.000010 0.000010 0.000010 0.000010 0.999940
0.000010 0.000010 0.000010 0.000010 0.000010 0.000010 0.999940
0.009750 0.626827 0.000010 0.144834 0.067858 0.150711 0.000010
0.000010 0.000010 0.000010 0.000010 0.000010 0.000010 0.999940
0.000010 0.728412 0.066707 0.000010 0.204841 0.000010 0.000010
0.000010 0.595795 0.079143 0.000010 0.325022 0.000010 0.000010
0.000010 0.000010 0.000010 0.000010 0.000010 0.000010 0.999940
0.000010 0.000010 0.000010 0.000010 0.000010 0.000010 0.999940
0.000010 0.000010 0.000010 0.000010 0.000010 0.000010 0.999940
0.096902 0.681648 0.132238 0.052699 0.036493 0.000010 0.000010
0.000010 0.000010 0.000010 0.000010 0.000010 0.000010 0.999940
0.000010 0.000010 0.442604 0.545136 0.000010 0.012220 0.000010
0.000010 0.000010 0.000010 0.000010 0.000010 0.000010 0.999940
0.000010 0.000010 0.000010 0.000010 0.000010 0.000010 0.999940
0.000010 0.000010 0.000010 0.000010 0.000010 0.000010 0.999940
0.000010 0.000010 0.499229 0.404987 0.095745 0.000010 0.000010
0.000010 0.000010 0.816720 0.183230 0.000010 0.000010 0.000010
0.201479 0.000010 0.491383 0.307096 0.000010 0.000012 0.000010
0.000010 0.000010 0.818876 0.181074 0.000010 0.000010 0.000010
0.000010 0.000010 0.681807 0.233824 0.084329 0.000010 0.000010
0.000010 0.044080 0.000010 0.000010 0.000010 0.000010 0.955870
0.065174 0.506886 0.213307 0.044522 0.170091 0.000010 0.000010
0.042921 0.000010 0.673459 0.053263 0.000010 0.230327 0.000010
0.082025 0.173243 0.369670 0.252402 0.000010 0.122641 0.000010
0.103069 0.077354 0.481770 0.337777 0.000010 0.000010 0.000010
0.000010 0.000010 0.435962 0.216484 0.174265 0.173259 0.000010
0.059715 0.000010 0.291248 0.333760 0.014336 0.248232 0.052700
0.000010 0.000010 0.598995 0.055235 0.152546 0.193194 0.000010
0.000010 0.138177 0.485738 0.210850 0.000010 0.146191 0.019024
0.112636 0.111720 0.448853 0.265458 0.000010 0.061314 0.000010
0.000011 0.000010 0.436326 0.409646 0.019562 0.134435 0.000010
0.038043 0.000010 0.502011 0.261654 0.097875 0.100398 0.000010
0.211105 0.065521 0.276968 0.381040 0.065345 0.000010 0.000010
0.119569 0.000010 0.352493 0.298472 0.000010 0.229435 0.000010
0.000010 0.163655 0.330053 0.253903 0.178494 0.073875 0.000010
0.000010 0.000010 0.513425 0.208457 0.131562 0.146525 0.000010
0.000010 0.000010 0.736240 0.000010 0.128179 0.135541 0.000010
0.000010 0.000010 0.724691 0.000010 0.137743 0.137526 0.000010
0.071679 0.123315 0.321265 0.212687 0.190882 0.041803 0.038368
0.178244 0.000010 0.599705 0.222011 0.000010 0.000010 0.000010
0.000010 0.144534 0.420767 0.434659 0.000010 0.000010 0.000010
0.000010 0.000010 0.465399 0.534551 0.000010 0.000010 0.000010
0.065187 0.000010 0.644706 0.290068 0.000010 0.000010 0.000010
0.063821 0.100996 0.063464 0.386501 0.072416 0.312791 0.000010
0.000010 0.000010 0.462844 0.537106 0.000010 0.000010 0.000010
0.000010 0.000010 0.000010 0.000010 0.026123 0.000010 0.973827
0.000010 0.020665 0.642224 0.229966 0.000010 0.103066 0.004060
0.000010 0.000010 0.636770 0.236316 0.000010 0.113150 0.013735
0.144509 0.007590 0.482200 0.180429 0.129968 0.055294 0.000010
0.076453 0.000010 0.366371 0.472437 0.000010 0.048421 0.036297
0.000010 0.000010 0.000010 0.000010 0.000010 0.000010 0.999940
0.000010 0.000010 0.999940 0.000010 0.000010 0.000010 0.000010
0.000010 0.000010 0.999940 0.000010 0.000010 0.000010 0.000010
0.000010 0.000010 0.000010 0.000010 0.000010 0.025281 0.974669
0.129895 0.000010 0.479397 0.337045 0.032298 0.000010 0.021346
0.000010 0.000010 0.999940 0.000010 0.000010 0.000010 0.000010
0.000010 0.000010 0.999940 0.000010 0.000010 0.000010 0.000010
0.000010 0.000010 0.620494 0.379456 0.000010 0.000010 0.000010
0.000010 0.048885 0.477193 0.000010 0.036336 0.437556 0.000010
0.000010 0.187492 0.229452 0.240044 0.076159 0.266834 0.000010
0.000010 0.000010 0.655970 0.343980 0.000010 0.000010 0.000010
0.043010 0.138160 0.275839 0.385025 0.056253 0.101703 0.000010
0.062612 0.006789 0.300975 0.388035 0.227068 0.014512 0.000010
0.060509 0.000010 0.451223 0.401971 0.086267 0.000010 0.000010
0.125995 0.000010 0.090610 0.366150 0.132045 0.285181 0.000010
0.000010 0.000010 0.694533 0.305417 0.000010 0.000010 0.000010
0.157694 0.000010 0.397311 0.144677 0.154015 0.146283 0.000010
0.000010 0.065959 0.169298 0.343459 0.185155 0.236110 0.000010
0.276798 0.040233 0.334815 0.000010 0.179350 0.168784 0.000010
0.095233 0.130985 0.281312 0.346217 0.000010 0.146233 0.000010
0.000010 0.000010 0.000010 0.000010 0.999940 0.000010 0.000010
0.000010 0.743903 0.000010 0.256047 0.000010 0.000010 0.000010
0.000010 0.000010 0.000010 0.000010 0.999940 0.000010 0.000010
0.000010 0.000010 0.000010 0.000010 0.999940 0.000010 0.000010
0.074828 0.594290 0.111486 0.219366 0.000010 0.000010 0.000010
0.000010 0.658938 0.000010 0.111206 0.187865 0.041961 0.000010
0.011372 0.567797 0.026798 0.000010 0.140735 0.253279 0.000010
0.145481 0.336156 0.078962 0.000010 0.422134 0.007318 0.009938
0.000010 0.532011 0.141057 0.153670 0.173232 0.000010 0.000010
0.000010 0.526130 0.100947 0.029271 0.202158 0.116973 0.024511
0.148741 0.478534 0.106279 0.000010 0.216650 0.049776 0.000010
0.000010 0.564985 0.001285 0.000010 0.383211 0.050489 0.000010
0.000010 0.563468 0.140350 0.000010 0.260234 0.031547 0.004381
0.000010 0.664084 0.000010 0.087772 0.248104 0.000010 0.000010
0.000010 0.611112 0.169530 0.027025 0.192302 0.000010 0.000010
0.001012 0.000010 0.000010 0.000010 0.000010 0.000010 0.998938
0.000010 0.452697 0.222202 0.000010 0.261383 0.006103 0.057595
0.058236 0.677159 0.055097 0.051998 0.157490 0.000010 0.000010
0.000010 0.623601 0.097614 0.031746 0.247009 0.000010 0.000010
0.000010 0.513820 0.102735 0.083914 0.299501 0.000010 0.000010
0.000010 0.000010 0.000010 0.000010 0.999940 0.000010 0.000010
0.133627 0.410748 0.025502 0.103430 0.319020 0.000010 0.007663
0.000010 0.000010 0.000010 0.000010 0.999940 0.000010 0.000010
0.000010 0.688191 0.000010 0.143548 0.165881 0.000010 0.002350
0.000010 0.649101 0.000010 0.139500 0.195682 0.000010 0.015688
0.228270 0.681648 0.000010 0.024075 0.065977 0.000010 0.000010
0.000010 0.000010 0.000010 0.000010 0.999940 0.000010 0.000010
0.000010 0.000010 0.000010 0.000010 0.999940 0.000010 0.000010
0.168080 0.577884 0.023906 0.000010 0.222271 0.000010 0.007839
0.085056 0.576128 0.182948 0.000010 0.151686 0.004162 0.000010
0.000010 0.000010 0.000010 0.000010 0.999940 0.000010 0.000010
0.401286 0.000010 0.350660 0.000010 0.000010 0.248014 0.000010
0.000010 0.031710 0.062459 0.037224 0.817444 0.000010 0.051143
0.000010 0.000010 0.000010 0.000010 0.999940 0.000010 0.000010
0.178206 0.435074 0.000010 0.000010 0.386680 0.000010 0.000010
0.000010 0.012393 0.061042 0.048975 0.825738 0.000010 0.051832
0.149039 0.481609 0.000010 0.043793 0.239008 0.086530 0.000010
0.000010 0.566978 0.180403 0.000010 0.252579 0.000010 0.000010
0.000010 0.451332 0.324665 0.074016 0.149957 0.000010 0.000010
0.022129 0.600250 0.186588 0.000010 0.191003 0.000010 0.000010
0.000010 0.466895 0.193229 0.066667 0.263839 0.003236 0.006124
0.000010 0.567820 0.070445 0.155906 0.143318 0.062491 0.000010
0.044901 0.309936 0.233685 0.000010 0.394793 0.000010 0.016666
0.049610 0.383463 0.164712 0.000010 0.365829 0.023538 0.012838
0.062666 0.372267 0.000010 0.200122 0.264144 0.100782 0.000010
0.096996 0.373414 0.000010 0.143522 0.301121 0.084928 0.000010
0.000010 0.690020 0.000010 0.000010 0.145943 0.163997 0.000010
0.000010 0.703987 0.000010 0.000010 0.148769 0.147204 0.000010
0.000010 0.000010 0.456605 0.337977 0.165087 0.000010 0.040300
0.027064 0.760452 0.000010 0.212443 0.000010 0.000010 0.000010
0.000010 0.796652 0.000010 0.203298 0.000010 0.000010 0.000010
0.027468 0.759730 0.000010 0.212762 0.000010 0.000010 0.000010
0.149168 0.514259 0.000010 0.006152 0.330391 0.000010 0.000010
0.177105 0.567233 0.000010 0.065622 0.190010 0.000010 0.000010
0.126974 0.718811 0.000010 0.000010 0.106358 0.047826 0.000010
0.000010 0.955204 0.036805 0.004845 0.000010 0.003117 0.000010
0.040102 0.903580 0.010592 0.044317 0.001389 0.000010 0.000010
0.000010 0.468969 0.037002 0.000010 0.159216 0.315639 0.019153
0.000010 0.406198 0.076253 0.000010 0.442503 0.075017 0.000010
0.135576 0.534031 0.000010 0.023182 0.234975 0.072215 0.000010
0.000010 0.401550 0.278014 0.000010 0.320396 0.000010 0.000010
0.000010 0.647299 0.000010 0.171944 0.180717 0.000010 0.000010
0.000010 0.462969 0.000010 0.064612 0.247312 0.225077 0.000010
0.000010 0.467176 0.227902 0.042043 0.262850 0.000010 0.000010
0.000010 0.473964 0.234530 0.036785 0.254691 0.000010 0.000010
0.000010 0.776814 0.000010 0.142513 0.018636 0.062008 0.000010
0.000010 0.687930 0.000010 0.046262 0.265767 0.000010 0.000010
0.000010 0.565295 0.099829 0.170278 0.164567 0.000010 0.000010
0.000010 0.853313 0.000010 0.000010 0.082576 0.064071 0.000010
0.000011 0.566852 0.286127 0.076890 0.070100 0.000010 0.000010
0.000010 0.516802 0.183967 0.000010 0.276375 0.000010 0.022826
0.129351 0.453791 0.106755 0.019640 0.056364 0.214278 0.019822
0.000010 0.634789 0.000010 0.079601 0.285570 0.000010 0.000010
0.000010 0.727854 0.060753 0.069747 0.084293 0.000010 0.057333
0.000010 0.847380 0.000010 0.000010 0.083258 0.069321 0.000010
0.043671 0.647195 0.000010 0.000010 0.253139 0.055965 0.000010
0.000010 0.870562 0.000010 0.060162 0.042400 0.021641 0.005215
0.267859 0.517260 0.000010 0.000010 0.214841 0.000010 0.000010
0.117457 0.633022 0.000010 0.031966 0.217524 0.000010 0.000010
0.122380 0.498222 0.169939 0.031819 0.146775 0.030855 0.000010
0.267932 0.518556 0.000010 0.000010 0.213472 0.000010 0.000010
0.030391 0.475662 0.191878 0.000010 0.099541 0.152380 0.050138
0.221638 0.499302 0.000010 0.000010 0.279019 0.000010 0.000010
0.000010 0.441751 0.260546 0.000010 0.136350 0.115386 0.045947
0.000010 0.386332 0.064874 0.102067 0.271781 0.157384 0.017552
0.000010 0.626114 0.000010 0.123357 0.195969 0.000010 0.054531
0.000010 0.567749 0.012982 0.222712 0.196526 0.000010 0.000010
0.015437 0.819175 0.000010 0.156647 0.001093 0.000010 0.007628
0.000010 0.000010 0.000010 0.000010 0.000010 0.000010 0.999940
0.029596 0.758354 0.151335 0.058273 0.002421 0.000010 0.000010
0.000010 0.480047 0.069218 0.067031 0.383674 0.000010 0.000010
0.031985 0.719425 0.000010 0.085103 0.163458 0.000010 0.000010
0.026637 0.569998 0.000010 0.000010 0.233822 0.127762 0.041761
0.000010 0.696917 0.074995 0.148178 0.079123 0.000010 0.000767
0.035331 0.601037 0.065853 0.000010 0.245740 0.052018 0.000010
0.000010 0.540424 0.000010 0.188381 0.207550 0.024339 0.039286
0.000010 0.617406 0.142399 0.000010 0.235096 0.005069 0.000010
0.000010 0.625856 0.155838 0.000010 0.218265 0.000010 0.000010
0.000010 0.812993 0.108087 0.078880 0.000010 0.000010 0.000010
0.000010 0.541934 0.189977 0.136950 0.131110 0.000010 0.000010
0.000010 0.538929 0.000010 0.119981 0.154784 0.177902 0.008383
0.098438 0.360454 0.000010 0.000010 0.497954 0.043124 0.000010
0.051680 0.605016 0.206540 0.000010 0.073773 0.062972 0.000010
0.000010 0.411803 0.000010 0.055089 0.533067 0.000010 0.000010
0.000010 0.000010 0.691834 0.210123 0.098002 0.000010 0.000010
0.999940 0.000010 0.000010 0.000010 0.000010 0.000010 0.000010
0.762610 0.101797 0.000010 0.000010 0.000010 0.135552 0.000010
0.999940 0.000010 0.000010 0.000010 0.000010 0.000010 0.000010
0.999940 0.000010 0.000010 0.000010 0.000010 0.000010 0.000010
0.649110 0.250597 0.041590 0.000010 0.000010 0.058673 0.000010
0.242768 0.188971 0.122314 0.174305 0.066541 0.205091 0.000010
0.820890 0.000010 0.000010 0.000010 0.000010 0.179060 0.000010
0.817835 0.000010 0.000010 0.000010 0.000010 0.182115 0.000010
0.820966 0.000010 0.000010 0.000019 0.000010 0.178976 0.000010
0.811176 0.188774 0.000010 0.000010 0.000010 0.000010 0.000010
0.839065 0.000010 0.000010 0.120531 0.000010 0.000010 0.040364
0.793025 0.192212 0.000010 0.000010 0.000010 0.014723 0.000010
0.860049 0.000010 0.000010 0.091803 0.000010 0.000010 0.048108
0.793125 0.184936 0.000010 0.000010 0.000010 0.021899 0.000010
0.433991 0.000010 0.090077 0.253671 0.088543 0.133698 0.000010
0.481452 0.093018 0.078443 0.059334 0.124469 0.163273 0.000010
0.850399 0.000010 0.149551 0.000010 0.000010 0.000010 0.000010
0.735485 0.000010 0.112338 0.000010 0.152137 0.000010 0.000010
0.832712 0.000011 0.000010 0.000010 0.003622 0.163625 0.000010
0.730434 0.000010 0.123617 0.000010 0.145909 0.000010 0.000010
0.522402 0.182889 0.061349 0.000010 0.000010 0.233329 0.000010
0.739292 0.099855 0.001666 0.159156 0.000010 0.000010 0.000010
0.853429 0.000010 0.000010 0.000010 0.000010 0.146521 0.000010
0.000010 0.000010 0.000010 0.000010 0.000010 0.000010 0.999940
0.849773 0.000010 0.000010 0.007690 0.142496 0.000010 0.000010
0.879977 0.000010 0.038826 0.000010 0.000010 0.081156 0.000010
0.815636 0.000010 0.000010 0.018896 0.165428 0.000010 0.000010
0.828270 0.000010 0.055853 0.000010 0.000010 0.115836 0.000010
0.601887 0.211669 0.000010 0.000010 0.000010 0.186404 0.000010
0.665407 0.133631 0.000010 0.200922 0.000010 0.000010 0.000010
0.312701 0.000010 0.315694 0.086593 0.284982 0.000010 0.000010
0.644298 0.100360 0.000010 0.199325 0.000010 0.055987 0.000010
0.616412 0.000010 0.093288 0.000010 0.085925 0.204345 0.000010
0.782234 0.000010 0.000010 0.188784 0.028942 0.000010 0.000010
0.651751 0.198202 0.000010 0.136436 0.000010 0.013581 0.000010
0.775393 0.000010 0.000010 0.196311 0.028256 0.000010 0.000010
0.666506 0.192198 0.000010 0.132709 0.000010 0.008558 0.000010
0.630265 0.156844 0.082521 0.032407 0.082162 0.015792 0.000010
0.869559 0.000010 0.000010 0.000010 0.000010 0.130391 0.000010
0.999940 0.000010 0.000010 0.000010 0.000010 0.000010 0.000010
0.999940 0.000010 0.000010 0.000010 0.000010 0.000010 0.000010
0.830113 0.000010 0.169837 0.000010 0.000010 0.000010 0.000010
0.518599 0.000010 0.000010 0.145983 0.335378 0.000010 0.000010
0.803055 0.000010 0.000010 0.000010 0.179256 0.000010 0.017649
0.851070 0.000010 0.000010 0.000010 0.148880 0.000010 0.000010
0.848512 0.000010 0.000010 0.000010 0.151438 0.000010 0.000010
0.886714 0.051994 0.061252 0.000010 0.000010 0.000010 0.000010
0.822885 0.000010 0.177065 0.000010 0.000010 0.000010 0.000010
0.832098 0.000010 0.167852 0.000010 0.000010 0.000010 0.000010
0.631819 0.000010 0.174902 0.027840 0.165409 0.000010 0.000010
0.717098 0.000010 0.155940 0.123781 0.000010 0.000010 0.003152
0.000010 0.000010 0.000010 0.000010 0.000010 0.000010 0.999940
0.880629 0.000010 0.000010 0.000010 0.119321 0.000010 0.000010
0.733501 0.000010 0.000010 0.047380 0.037060 0.182029 0.000010
0.845748 0.000010 0.000010 0.000010 0.154202 0.000010 0.000010
0.000010 0.000010 0.000010 0.000010 0.000010 0.000010 0.999940
0.551069 0.125751 0.064640 0.043572 0.000010 0.214949 0.000010
0.697919 0.019650 0.215035 0.000010 0.000010 0.067366 0.000010
0.813912 0.010957 0.175090 0.000010 0.000010 0.000010 0.000010
0.784717 0.000010 0.000010 0.000010 0.000010 0.215233 0.000010
0.587895 0.031353 0.000010 0.080938 0.000010 0.299784 0.000010
0.490741 0.083495 0.228378 0.030926 0.030636 0.135814 0.000010
0.619831 0.183030 0.000010 0.000010 0.000010 0.127158 0.069951
0.803139 0.078691 0.000010 0.112896 0.005244 0.000010 0.000010
0.000010 0.000010 0.000010 0.000010 0.036449 0.000010 0.963501
0.787854 0.076060 0.000010 0.136046 0.000010 0.000010 0.000010
0.569670 0.143906 0.154424 0.100146 0.000010 0.031834 0.000010
0.804142 0.158956 0.000010 0.025848 0.011025 0.000010 0.000010
0.798114 0.052157 0.000010 0.000010 0.095416 0.054282 0.000010
0.749734 0.098505 0.000010 0.000010 0.000010 0.151721 0.000010
0.738450 0.070664 0.000010 0.000010 0.000010 0.190846 0.000010
0.000010 0.000010 0.000010 0.000010 0.000010 0.000010 0.999940
0.000010 0.000010 0.000010 0.000010 0.000010 0.000010 0.999940
0.000010 0.000010 0.681514 0.232638 0.085808 0.000010 0.000010
0.000010 0.000010 0.000010 0.000010 0.999940 0.000010 0.000010
0.000010 0.000010 0.000010 0.000010 0.000010 0.000010 0.999940
