0.000010 0.000010 0.365786 0.000010 0.179248 0.000010 0.234132 0.000010 0.023938 0.196846
0.000010 0.043412 0.000010 0.000010 0.124251 0.406081 0.000010 0.130622 0.099582 0.196013
0.000010 0.000010 0.773089 0.000010 0.000010 0.000010 0.000010 0.226831 0.000010 0.000010
0.000010 0.000010 0.752622 0.000010 0.000010 0.000010 0.000010 0.247298 0.000010 0.000010
0.000010 0.000010 0.735590 0.000010 0.000010 0.000010 0.000010 0.264330 0.000010 0.000010
0.000010 0.000010 0.747110 0.000010 0.000010 0.000010 0.000010 0.252810 0.000010 0.000010
0.000010 0.000010 0.749872 0.000010 0.000010 0.000010 0.000010 0.250048 0.000010 0.000010
0.000010 0.101131 0.397077 0.000010 0.223452 0.000010 0.104755 0.019757 0.000010 0.153789
0.000010 0.000010 0.137981 0.000010 0.000010 0.379549 0.000010 0.074852 0.000010 0.407558
0.000010 0.000010 0.133581 0.000010 0.000010 0.381543 0.000010 0.076957 0.000010 0.407859
0.178266 0.000010 0.256716 0.005803 0.000010 0.019768 0.122008 0.000010 0.000010 0.417400
0.000010 0.194703 0.073354 0.000010 0.000010 0.205781 0.000010 0.052952 0.000010 0.473160
0.000010 0.208886 0.070858 0.000010 0.000010 0.204145 0.000010 0.059848 0.000010 0.456213
0.000010 0.000010 0.000010 0.000010 0.000010 0.000010 0.000010 0.000010 0.000010 0.999910
0.000010 0.000010 0.000010 0.000010 0.000010 0.000010 0.000010 0.000010 0.000010 0.999910
0.000010 0.000010 0.000010 0.000010 0.000010 0.000010 0.000010 0.000010 0.000010 0.999910
0.000010 0.000010 0.000010 0.000010 0.000010 0.000010 0.000010 0.000010 0.000010 0.999910
0.000010 0.321983 0.149217 0.000010 0.000010 0.000010 0.312379 0.111467 0.000010 0.104904
0.000010 0.248899 0.139372 0.000010 0.000010 0.072775 0.294033 0.107474 0.000010 0.137406
0.000010 0.000010 0.000010 0.000010 0.000010 0.000010 0.000010 0.000010 0.000010 0.999910
0.000010 0.000010 0.000010 0.000010 0.000010 0.000010 0.000010 0.000010 0.000010 0.999910
0.000010 0.000010 0.669716 0.000010 0.128487 0.000010 0.000010 0.000010 0.000010 0.201727
0.000010 0.000010 0.571999 0.000010 0.155992 0.000010 0.000010 0.000010 0.000010 0.271938
0.000010 0.000010 0.586189 0.000010 0.149786 0.000010 0.000010 0.000010 0.000010 0.263955
0.000010 0.000010 0.137472 0.000010 0.000010 0.378621 0.000010 0.074438 0.000010 0.409409
0.000010 0.013513 0.237273 0.038856 0.134896 0.310618 0.000010 0.042158 0.000010 0.222657
0.089020 0.062199 0.220458 0.000010 0.141194 0.121253 0.047423 0.009928 0.000010 0.308504
0.000010 0.000010 0.000010 0.000010 0.264182 0.492062 0.243685 0.000010 0.000010 0.000010
0.013797 0.074845 0.296865 0.006465 0.000010 0.086546 0.162436 0.027044 0.000010 0.331983
0.000010 0.085471 0.000010 0.004351 0.000010 0.475393 0.000010 0.083059 0.000010 0.351675
0.000010 0.085284 0.000010 0.006287 0.000010 0.475866 0.000010 0.085253 0.000010 0.347260
0.000010 0.092672 0.315703 0.000010 0.000010 0.063883 0.119061 0.000010 0.000010 0.408631
0.000010 0.084017 0.000010 0.003731 0.000010 0.479627 0.000010 0.082597 0.000010 0.349978
0.005735 0.148560 0.247076 0.066091 0.170267 0.088097 0.198664 0.011896 0.000010 0.063603
0.000010 0.135595 0.181356 0.009688 0.050380 0.192892 0.158115 0.042463 0.000010 0.229492
0.000010 0.000010 0.000010 0.000010 0.265118 0.488251 0.246562 0.000010 0.000010 0.000010
0.000010 0.000010 0.440239 0.000010 0.000010 0.452669 0.048137 0.058895 0.000010 0.000010
0.000010 0.006922 0.257640 0.000010 0.295318 0.360002 0.000010 0.000010 0.000010 0.080067
0.000010 0.222546 0.161703 0.000010 0.000436 0.000010 0.378092 0.000010 0.000010 0.237173
0.000010 0.228542 0.136831 0.000010 0.000010 0.000010 0.389258 0.000010 0.000010 0.245309
0.000010 0.239124 0.128710 0.000010 0.000010 0.000010 0.386006 0.000010 0.000010 0.246101
0.000010 0.120387 0.241265 0.000010 0.000010 0.079546 0.392109 0.080036 0.025116 0.061510
0.000010 0.201545 0.218970 0.000010 0.000010 0.251443 0.087700 0.000010 0.000010 0.240292
0.000010 0.151072 0.187174 0.000010 0.191780 0.114388 0.000010 0.122870 0.010578 0.222109
0.000010 0.079352 0.388928 0.000010 0.000010 0.210568 0.000010 0.000010 0.028486 0.292616
0.000010 0.004789 0.246185 0.000010 0.325059 0.351836 0.000010 0.000010 0.000010 0.072081
0.000010 0.167781 0.000010 0.000010 0.159004 0.294436 0.091770 0.130936 0.000010 0.156032
0.593541 0.103046 0.015422 0.068010 0.000010 0.011406 0.208533 0.000010 0.000010 0.000010
0.000010 0.000010 0.000010 0.000010 0.000010 0.000010 0.000010 0.000010 0.000010 0.999910
0.000010 0.000010 0.000010 0.000010 0.000010 0.000010 0.000010 0.000010 0.000010 0.999910
0.096605 0.000010 0.149038 0.085704 0.000010 0.156942 0.165709 0.000010 0.000010 0.345963
0.000010 0.000010 0.000010 0.000010 0.000010 0.081264 0.416550 0.000010 0.000010 0.502116
0.000010 0.000010 0.000010 0.000010 0.000010 0.087961 0.420219 0.000010 0.000010 0.491750
0.000010 0.000010 0.000010 0.000010 0.000010 0.087285 0.405475 0.000010 0.000010 0.507170
0.000010 0.000010 0.000010 0.000010 0.000010 0.088507 0.407821 0.000010 0.000010 0.503602
0.000010 0.000010 0.000010 0.000010 0.000010 0.000010 0.000010 0.012020 0.000010 0.987900
0.000010 0.000010 0.000010 0.000010 0.000010 0.000010 0.000010 0.057044 0.000010 0.942876
0.000017 0.022526 0.224083 0.000010 0.000010 0.000010 0.548490 0.204834 0.000010 0.000010
0.000011 0.000010 0.202039 0.064250 0.000010 0.337311 0.339759 0.056590 0.000010 0.000010
0.000010 0.008713 0.232829 0.000010 0.000010 0.000010 0.542652 0.215746 0.000010 0.000010
0.000010 0.020430 0.232285 0.000010 0.000010 0.000010 0.533613 0.213611 0.000010 0.000010
0.000010 0.000010 0.000010 0.000010 0.000010 0.000010 0.000010 0.000010 0.000010 0.999910
0.000010 0.000010 0.000010 0.000010 0.000010 0.000010 0.000010 0.999910 0.000010 0.000010
0.000010 0.000010 0.000010 0.000010 0.000010 0.000010 0.000010 0.999910 0.000010 0.000010
0.000010 0.000010 0.000010 0.000010 0.000010 0.000010 0.000010 0.999910 0.000010 0.000010
0.000010 0.000010 0.000010 0.000010 0.000010 0.000010 0.000010 0.999910 0.000010 0.000010
0.000010 0.000010 0.000010 0.000010 0.000010 0.000010 0.000010 0.999910 0.000010 0.000010
0.000010 0.000010 0.000010 0.000010 0.000010 0.000010 0.000010 0.999910 0.000010 0.000010
0.148539 0.191483 0.000010 0.023960 0.000010 0.089815 0.307632 0.000010 0.000010 0.238533
0.000010 0.000010 0.000010 0.000010 0.000010 0.000010 0.000010 0.999910 0.000010 0.000010
0.000010 0.000010 0.000010 0.000010 0.000010 0.000010 0.000010 0.999910 0.000010 0.000010
0.000010 0.000010 0.000010 0.000010 0.000010 0.000010 0.000010 0.060244 0.000010 0.939676
0.000010 0.000010 0.000010 0.000010 0.000010 0.000010 0.000010 0.064155 0.000010 0.935765
0.000010 0.093546 0.179886 0.071264 0.000010 0.108657 0.073627 0.000010 0.023946 0.449044
0.000010 0.000010 0.274164 0.016350 0.022525 0.226667 0.000010 0.111022 0.000010 0.349233
0.000010 0.000010 0.000010 0.046561 0.000010 0.000010 0.185960 0.031451 0.000010 0.735969
0.000010 0.000010 0.999910 0.000010 0.000010 0.000010 0.000010 0.000010 0.000010 0.000010
0.000010 0.000010 0.999910 0.000010 0.000010 0.000010 0.000010 0.000010 0.000010 0.000010
0.000010 0.000010 0.999910 0.000010 0.000010 0.000010 0.000010 0.000010 0.000010 0.000010
0.000010 0.000010 0.999910 0.000010 0.000010 0.000010 0.000010 0.000010 0.000010 0.000010
0.000010 0.000010 0.999910 0.000010 0.000010 0.000010 0.000010 0.000010 0.000010 0.000010
0.000010 0.000010 0.999910 0.000010 0.000010 0.000010 0.000010 0.000010 0.000010 0.000010
0.000010 0.000010 0.000010 0.055366 0.000010 0.000010 0.222233 0.000010 0.000010 0.722331
0.000010 0.000010 0.000010 0.069211 0.000010 0.000010 0.219707 0.000015 0.000010 0.711007
0.000010 0.000010 0.000010 0.169646 0.000010 0.519508 0.032054 0.000010 0.000010 0.278732
0.000010 0.001584 0.000010 0.171764 0.000010 0.527225 0.025419 0.000010 0.000010 0.273959
0.000010 0.283856 0.000010 0.000010 0.000010 0.000010 0.716064 0.000010 0.000010 0.000010
0.000010 0.258474 0.000010 0.000010 0.000010 0.000010 0.741446 0.000010 0.000010 0.000010
0.000010 0.286103 0.000010 0.000010 0.000010 0.000010 0.713817 0.000010 0.000010 0.000010
0.000010 0.264758 0.000010 0.000010 0.000010 0.000010 0.735162 0.000010 0.000010 0.000010
0.000010 0.299410 0.000010 0.000010 0.000010 0.000010 0.700510 0.000010 0.000010 0.000010
0.000010 0.000010 0.045769 0.000010 0.000010 0.000010 0.000010 0.000010 0.954151 0.000010
0.000010 0.000010 0.255042 0.244248 0.000010 0.170326 0.309211 0.000010 0.021123 0.000010
0.000010 0.000010 0.256584 0.237943 0.000010 0.172929 0.308357 0.000010 0.024137 0.000010
0.000010 0.008881 0.382388 0.116249 0.000010 0.118373 0.000010 0.011282 0.000010 0.362787
0.000010 0.171187 0.075843 0.005401 0.261691 0.000010 0.000010 0.000010 0.000010 0.485827
0.000010 0.155800 0.093962 0.000010 0.224038 0.000010 0.000010 0.000010 0.000010 0.526140
0.000010 0.000010 0.156639 0.126885 0.000010 0.167728 0.315191 0.021659 0.000010 0.211858
0.000010 0.016548 0.405074 0.146501 0.000010 0.091334 0.000010 0.001496 0.000010 0.339007
0.000010 0.000010 0.000010 0.000010 0.000010 0.000010 0.000010 0.000010 0.999910 0.000010
0.000010 0.066131 0.263561 0.000010 0.140266 0.182598 0.187339 0.000010 0.000010 0.160066
0.170289 0.000010 0.000010 0.051648 0.000010 0.430118 0.000010 0.064872 0.000010 0.283022
0.166743 0.000010 0.000010 0.075046 0.000010 0.402585 0.000010 0.061689 0.000010 0.293887
0.175221 0.000010 0.000010 0.056181 0.000010 0.415914 0.000010 0.063478 0.000010 0.289156
0.000010 0.000010 0.000010 0.000010 0.000010 0.050561 0.000010 0.000010 0.949359 0.000010
0.022219 0.070513 0.000010 0.000010 0.000010 0.341555 0.295466 0.000010 0.000010 0.270196
0.000010 0.039983 0.000010 0.000010 0.000010 0.000010 0.000010 0.000010 0.959937 0.000010
0.000010 0.095423 0.358799 0.000010 0.000010 0.074755 0.073165 0.000010 0.000010 0.397809
0.000010 0.000010 0.000010 0.000010 0.000010 0.010757 0.000010 0.000010 0.989163 0.000010
0.000010 0.000010 0.000010 0.000010 0.000010 0.007430 0.000010 0.000010 0.992490 0.000010
0.000010 0.000010 0.261700 0.000010 0.128407 0.275721 0.042350 0.000010 0.000010 0.291773
0.000010 0.000010 0.255715 0.000010 0.080841 0.207699 0.165197 0.000010 0.021827 0.268682
0.000010 0.023190 0.000010 0.000010 0.000010 0.000010 0.000010 0.000010 0.976730 0.000010
0.000010 0.023054 0.000010 0.000010 0.000010 0.000010 0.000010 0.000010 0.976866 0.000010
0.000010 0.000010 0.000010 0.000010 0.000010 0.000010 0.999910 0.000010 0.000010 0.000010
0.000010 0.000010 0.000010 0.000010 0.000010 0.000010 0.999910 0.000010 0.000010 0.000010
0.000010 0.000010 0.000010 0.000010 0.000010 0.000010 0.000010 0.000010 0.999910 0.000010
0.000010 0.000010 0.000010 0.000010 0.000010 0.000010 0.999910 0.000010 0.000010 0.000010
0.000010 0.000010 0.000010 0.000010 0.000010 0.000010 0.999910 0.000010 0.000010 0.000010
0.000010 0.000010 0.000010 0.000010 0.000010 0.000010 0.999910 0.000010 0.000010 0.000010
0.000010 0.000010 0.000010 0.000010 0.000010 0.000010 0.999910 0.000010 0.000010 0.000010
0.000010 0.000010 0.000010 0.000010 0.000010 0.000010 0.999910 0.000010 0.000010 0.000010
0.000010 0.000010 0.000010 0.000010 0.000010 0.000010 0.999910 0.000010 0.000010 0.000010
0.000010 0.000010 0.000010 0.000010 0.000010 0.000010 0.999910 0.000010 0.000010 0.000010
0.000010 0.000010 0.000010 0.000010 0.000010 0.999910 0.000010 0.000010 0.000010 0.000010
0.000010 0.000010 0.000010 0.000010 0.000010 0.999910 0.000010 0.000010 0.000010 0.000010
0.000010 0.000010 0.000010 0.000010 0.000010 0.999910 0.000010 0.000010 0.000010 0.000010
0.000010 0.000010 0.000010 0.000010 0.000010 0.999910 0.000010 0.000010 0.000010 0.000010
0.000010 0.000010 0.000010 0.000010 0.000010 0.999910 0.000010 0.000010 0.000010 0.000010
0.000010 0.000010 0.000010 0.000010 0.000010 0.999910 0.000010 0.000010 0.000010 0.000010
0.018439 0.079506 0.029559 0.000010 0.109423 0.000010 0.684952 0.000010 0.000010 0.078081
0.000010 0.093866 0.000010 0.000010 0.121246 0.000010 0.741506 0.000010 0.000010 0.043322
0.034597 0.103638 0.029899 0.000010 0.090438 0.000010 0.741379 0.000010 0.000010 0.000010
0.000010 0.000010 0.350329 0.000010 0.108519 0.000010 0.403989 0.000010 0.000010 0.137102
0.004266 0.000010 0.322394 0.000010 0.104266 0.000010 0.423448 0.000010 0.000010 0.145576
0.693726 0.000010 0.050164 0.197241 0.000010 0.000010 0.000010 0.000010 0.000010 0.058810
0.332120 0.280834 0.144735 0.106343 0.000010 0.014789 0.111192 0.005877 0.000010 0.004089
0.551170 0.142126 0.000010 0.168282 0.000010 0.064350 0.074022 0.000010 0.000010 0.000010
0.644772 0.138341 0.036992 0.000010 0.000010 0.088646 0.000010 0.054448 0.000010 0.036760
0.306748 0.147947 0.000010 0.277042 0.181129 0.003626 0.000010 0.079238 0.000010 0.004240
0.305085 0.168444 0.000010 0.238647 0.169524 0.000010 0.031642 0.078733 0.000010 0.007895
0.262704 0.169014 0.000010 0.273005 0.182158 0.000010 0.027600 0.077999 0.000010 0.007491
0.536202 0.101043 0.000010 0.187273 0.002604 0.000010 0.101292 0.071546 0.000010 0.000010
0.999910 0.000010 0.000010 0.000010 0.000010 0.000010 0.000010 0.000010 0.000010 0.000010
0.986823 0.000010 0.000010 0.013097 0.000010 0.000010 0.000010 0.000010 0.000010 0.000010
0.522168 0.135867 0.000010 0.090727 0.000010 0.000010 0.000010 0.091048 0.026559 0.133590
0.000010 0.000010 0.000010 0.000010 0.000010 0.000010 0.000010 0.000010 0.999910 0.000010
0.513128 0.220985 0.000010 0.073265 0.000010 0.000010 0.192561 0.000010 0.000010 0.000010
0.645165 0.088003 0.000010 0.044747 0.017531 0.000010 0.121287 0.000010 0.000010 0.083227
0.000010 0.579497 0.000010 0.239010 0.000010 0.181423 0.000010 0.000010 0.000010 0.000010
0.000010 0.591171 0.000010 0.235915 0.000010 0.158276 0.014578 0.000010 0.000010 0.000010
0.000010 0.620883 0.000010 0.271685 0.000010 0.102481 0.004890 0.000010 0.000010 0.000010
0.444044 0.275414 0.000010 0.000010 0.066623 0.073461 0.000010 0.140408 0.000010 0.000010
0.000010 0.593664 0.000010 0.242776 0.000010 0.163490 0.000010 0.000010 0.000010 0.000010
0.550863 0.000010 0.028173 0.229814 0.119751 0.000010 0.000010 0.000010 0.000010 0.071348
0.701845 0.044663 0.000010 0.253422 0.000010 0.000010 0.000010 0.000010 0.000010 0.000010
0.702379 0.050277 0.000010 0.247273 0.000010 0.000010 0.000010 0.000010 0.000010 0.000010
0.700335 0.042077 0.000010 0.257518 0.000010 0.000010 0.000010 0.000010 0.000010 0.000010
0.999910 0.000010 0.000010 0.000010 0.000010 0.000010 0.000010 0.000010 0.000010 0.000010
0.999910 0.000010 0.000010 0.000010 0.000010 0.000010 0.000010 0.000010 0.000010 0.000010
0.999910 0.000010 0.000010 0.000010 0.000010 0.000010 0.000010 0.000010 0.000010 0.000010
0.180305 0.059954 0.272024 0.000010 0.130786 0.285475 0.000010 0.000010 0.000010 0.071416
0.436592 0.222013 0.000010 0.114166 0.019528 0.056343 0.090776 0.000010 0.006151 0.054411
0.000010 0.000010 0.000010 0.000010 0.000010 0.000010 0.000010 0.000010 0.999910 0.000010
0.000010 0.280702 0.000010 0.349944 0.000010 0.000010 0.000010 0.000010 0.000010 0.369284
0.031362 0.272735 0.000010 0.330126 0.000010 0.000010 0.000010 0.000010 0.000010 0.365717
0.000010 0.276133 0.000010 0.356122 0.000010 0.000010 0.000010 0.000010 0.000010 0.367676
0.151674 0.237307 0.000010 0.273448 0.000010 0.000010 0.000010 0.000010 0.000010 0.337511
0.000010 0.220758 0.000010 0.572155 0.207017 0.000010 0.000010 0.000010 0.000010 0.000010
0.000010 0.215261 0.000010 0.573176 0.211493 0.000010 0.000010 0.000010 0.000010 0.000010
0.000010 0.214933 0.000010 0.579906 0.205091 0.000010 0.000010 0.000010 0.000010 0.000010
0.000010 0.224997 0.000010 0.569299 0.205634 0.000010 0.000010 0.000010 0.000010 0.000010
0.608835 0.002389 0.000010 0.000010 0.000010 0.388705 0.000010 0.000010 0.000010 0.000010
0.611813 0.000010 0.000010 0.000010 0.000010 0.388107 0.000010 0.000010 0.000010 0.000010
0.396604 0.273253 0.000010 0.142398 0.090275 0.000010 0.000010 0.000010 0.012806 0.084624
0.000010 0.000010 0.000010 0.000010 0.000010 0.000010 0.000010 0.000010 0.999910 0.000010
0.360762 0.259409 0.010571 0.235998 0.128186 0.000010 0.005034 0.000010 0.000010 0.000010
0.000010 0.000010 0.000010 0.000010 0.000010 0.000010 0.000010 0.000010 0.999910 0.000010
0.454174 0.072646 0.000010 0.179109 0.085231 0.032040 0.000010 0.000010 0.000010 0.176760
0.000010 0.000010 0.000010 0.002972 0.000010 0.000010 0.000010 0.000010 0.996948 0.000010
0.327078 0.149643 0.033994 0.303647 0.000010 0.000010 0.007389 0.148008 0.000010 0.030212
0.332487 0.147650 0.031083 0.304830 0.000010 0.000010 0.011089 0.147047 0.000010 0.025783
0.000010 0.565477 0.000010 0.257711 0.000010 0.142959 0.033794 0.000010 0.000010 0.000010
0.999910 0.000010 0.000010 0.000010 0.000010 0.000010 0.000010 0.000010 0.000010 0.000010
0.999910 0.000010 0.000010 0.000010 0.000010 0.000010 0.000010 0.000010 0.000010 0.000010
0.999910 0.000010 0.000010 0.000010 0.000010 0.000010 0.000010 0.000010 0.000010 0.000010
0.999910 0.000010 0.000010 0.000010 0.000010 0.000010 0.000010 0.000010 0.000010 0.000010
0.999910 0.000010 0.000010 0.000010 0.000010 0.000010 0.000010 0.000010 0.000010 0.000010
0.000010 0.000010 0.000010 0.000010 0.000010 0.000010 0.000010 0.000010 0.999910 0.000010
0.000010 0.000010 0.000010 0.000010 0.000010 0.000010 0.000010 0.000010 0.999910 0.000010
0.000010 0.000010 0.000010 0.000010 0.000010 0.000010 0.000010 0.000010 0.999910 0.000010
0.000010 0.000010 0.000010 0.000010 0.000010 0.000010 0.000010 0.000010 0.999910 0.000010
0.000010 0.000010 0.000010 0.000010 0.000010 0.000010 0.000010 0.000010 0.999910 0.000010
0.000010 0.000010 0.000010 0.000010 0.000010 0.000010 0.000010 0.000010 0.999910 0.000010
0.000010 0.000010 0.000010 0.000010 0.000010 0.000010 0.000010 0.000010 0.999910 0.000010
0.178426 0.355256 0.145542 0.155875 0.000010 0.000010 0.000010 0.000010 0.000010 0.164852
0.445162 0.293515 0.000010 0.078523 0.106696 0.020448 0.004308 0.051318 0.000010 0.000010
0.006472 0.000010 0.094480 0.054027 0.559521 0.000010 0.000010 0.000010 0.000010 0.285450
0.192733 0.053917 0.095061 0.000010 0.462097 0.000010 0.196141 0.000010 0.000010 0.000010
0.148375 0.000010 0.000010 0.129799 0.631773 0.089993 0.000010 0.000010 0.000010 0.000010
0.068219 0.085296 0.062603 0.041408 0.505758 0.000010 0.141044 0.095641 0.000010 0.000010
0.093584 0.137369 0.000010 0.050033 0.499520 0.000010 0.000010 0.000010 0.051070 0.168383
0.094371 0.180559 0.129344 0.000010 0.503175 0.092501 0.000010 0.000010 0.000010 0.000010
0.574033 0.209576 0.000010 0.079163 0.000010 0.081946 0.055232 0.000010 0.000010 0.000010
0.000010 0.000010 0.000010 0.000010 0.000010 0.000010 0.000010 0.000010 0.999910 0.000010
0.587145 0.189292 0.000010 0.105519 0.000010 0.000010 0.068317 0.049677 0.000010 0.000010
0.284183 0.233281 0.000010 0.332839 0.043678 0.011432 0.000010 0.094547 0.000010 0.000010
0.395699 0.344232 0.066672 0.191602 0.000010 0.000010 0.001745 0.000010 0.000010 0.000010
0.429695 0.311623 0.021107 0.196016 0.000010 0.000010 0.041508 0.000010 0.000010 0.000010
0.000010 0.000010 0.000010 0.000010 0.000010 0.000010 0.000010 0.000010 0.999910 0.000010
0.567750 0.240668 0.000010 0.018587 0.000010 0.022433 0.000010 0.150511 0.000010 0.000010
0.739920 0.000010 0.026342 0.101264 0.000010 0.000010 0.132414 0.000010 0.000010 0.000010
0.703599 0.025811 0.000010 0.098013 0.000010 0.000010 0.172518 0.000010 0.000010 0.000010
0.635640 0.000010 0.000010 0.201546 0.000010 0.000010 0.118458 0.000010 0.000010 0.044296
0.595655 0.174239 0.000010 0.083344 0.045834 0.000010 0.000010 0.000010 0.000010 0.100878
0.733701 0.091211 0.000010 0.150999 0.000010 0.000010 0.000010 0.024028 0.000010 0.000010
0.650238 0.121501 0.013882 0.179820 0.000010 0.000010 0.000010 0.034509 0.000010 0.000010
0.465562 0.195507 0.000010 0.239084 0.015208 0.056577 0.000010 0.000010 0.028021 0.000010
0.999910 0.000010 0.000010 0.000010 0.000010 0.000010 0.000010 0.000010 0.000010 0.000010
0.414745 0.435459 0.000010 0.101681 0.000010 0.018697 0.029368 0.000010 0.000010 0.000010
0.385745 0.246244 0.000010 0.140948 0.069047 0.000010 0.048483 0.109493 0.000010 0.000010
0.000010 0.000010 0.000010 0.000010 0.000010 0.000010 0.000010 0.000010 0.999910 0.000010
0.000010 0.000010 0.000010 0.900362 0.000010 0.035241 0.000010 0.064327 0.000010 0.000010
0.000010 0.000010 0.000010 0.898358 0.000010 0.033365 0.000010 0.068206 0.000010 0.000010
0.287479 0.268615 0.000010 0.071616 0.006868 0.133753 0.129891 0.000010 0.036183 0.065575
0.789513 0.156440 0.000010 0.053978 0.000010 0.000010 0.000010 0.000010 0.000010 0.000010
0.000010 0.000010 0.000014 0.999906 0.000010 0.000010 0.000010 0.000010 0.000010 0.000010
0.000010 0.000010 0.000010 0.999910 0.000010 0.000010 0.000010 0.000010 0.000010 0.000010
0.000010 0.000010 0.000010 0.999910 0.000010 0.000010 0.000010 0.000010 0.000010 0.000010
0.296091 0.347866 0.003346 0.241552 0.111095 0.000010 0.000010 0.000010 0.000010 0.000010
0.298939 0.365689 0.000010 0.259030 0.076281 0.000010 0.000010 0.000010 0.000010 0.000010
0.000010 0.000010 0.000010 0.999910 0.000010 0.000010 0.000010 0.000010 0.000010 0.000010
0.000010 0.000010 0.000010 0.999910 0.000010 0.000010 0.000010 0.000010 0.000010 0.000010
0.000010 0.000010 0.000010 0.999910 0.000010 0.000010 0.000010 0.000010 0.000010 0.000010
0.580110 0.000010 0.000010 0.198557 0.123281 0.000010 0.096498 0.000010 0.000010 0.001503
0.481412 0.132187 0.054616 0.161616 0.000010 0.000010 0.061850 0.073699 0.000010 0.034590
0.475532 0.010182 0.000010 0.329747 0.000010 0.000010 0.000010 0.000010 0.000010 0.184479
0.494395 0.002151 0.000010 0.323913 0.000010 0.000010 0.000010 0.000010 0.000010 0.179481
0.469607 0.015331 0.000010 0.331551 0.000010 0.000010 0.000010 0.000010 0.000010 0.183451
0.729437 0.178319 0.000010 0.050310 0.000010 0.000010 0.000010 0.000010 0.000010 0.041873
0.671217 0.212006 0.000010 0.032543 0.000010 0.000010 0.000010 0.000010 0.000010 0.084174
0.543271 0.192613 0.000010 0.135093 0.000010 0.001724 0.040013 0.045653 0.000010 0.041603
0.542117 0.120661 0.000010 0.157058 0.000010 0.000010 0.056034 0.063571 0.000010 0.060518
0.417363 0.129748 0.000010 0.102650 0.000010 0.284493 0.000010 0.000010 0.010550 0.055156
0.453257 0.103973 0.000010 0.106690 0.000010 0.308475 0.000010 0.000010 0.014095 0.013470
0.000010 0.000010 0.000010 0.839821 0.000010 0.160099 0.000010 0.000010 0.000010 0.000010
0.764561 0.000010 0.000010 0.106156 0.000010 0.000010 0.000010 0.000010 0.000010 0.129213
0.754780 0.000010 0.000010 0.106962 0.000010 0.000010 0.008865 0.000010 0.000010 0.129333
0.000010 0.000010 0.000010 0.845297 0.000010 0.154623 0.000010 0.000010 0.000010 0.000010
0.407666 0.137279 0.000010 0.264715 0.000010 0.094617 0.000010 0.095672 0.000010 0.000010
0.578660 0.000010 0.000010 0.000010 0.000010 0.166280 0.000010 0.000010 0.058543 0.196457
0.368262 0.235043 0.000010 0.102210 0.103929 0.000010 0.114514 0.076002 0.000010 0.000010
0.072210 0.112270 0.044455 0.655949 0.000010 0.000010 0.000010 0.071830 0.000010 0.043246
0.590302 0.000010 0.000010 0.000010 0.000010 0.183799 0.000010 0.000010 0.041831 0.184009
0.831101 0.000010 0.000010 0.062129 0.000010 0.000010 0.000010 0.022175 0.000010 0.084534
0.198298 0.364758 0.000010 0.164817 0.237842 0.000010 0.034235 0.000010 0.000010 0.000010
0.214267 0.365273 0.000010 0.181590 0.183911 0.000010 0.054909 0.000010 0.000010 0.000010
0.843312 0.000010 0.000010 0.068528 0.000010 0.000010 0.000010 0.010599 0.000010 0.077500
0.186027 0.377807 0.000010 0.197934 0.182193 0.000010 0.055989 0.000010 0.000010 0.000010
0.309301 0.198446 0.000010 0.205065 0.116238 0.065804 0.000010 0.105106 0.000010 0.000010
0.000010 0.000010 0.000010 0.000010 0.000010 0.000010 0.000010 0.000010 0.999910 0.000010
0.000010 0.000010 0.000010 0.000010 0.000010 0.000010 0.000010 0.000010 0.999910 0.000010
0.000010 0.000010 0.000010 0.000010 0.000010 0.000010 0.000010 0.000010 0.999910 0.000010
0.492970 0.039779 0.103820 0.096546 0.000010 0.074429 0.107583 0.077087 0.007767 0.000010
0.000010 0.000010 0.000010 0.000010 0.000010 0.000010 0.000010 0.000010 0.999910 0.000010
0.595335 0.206496 0.079817 0.113080 0.000010 0.000010 0.000010 0.000010 0.005222 0.000010
0.468938 0.320620 0.079143 0.131239 0.000010 0.000010 0.000010 0.000010 0.000010 0.000010
0.000010 0.000010 0.000010 0.000010 0.000010 0.000010 0.000010 0.000010 0.999910 0.000010
0.000010 0.000010 0.000010 0.000010 0.000010 0.000010 0.000010 0.000010 0.999910 0.000010
0.000010 0.000010 0.000010 0.000010 0.000010 0.000010 0.000010 0.000010 0.999910 0.000010
0.690728 0.015505 0.103113 0.050885 0.001687 0.138042 0.000010 0.000010 0.000010 0.000010
0.000010 0.000010 0.000010 0.000010 0.000010 0.000010 0.000010 0.000010 0.999910 0.000010
0.000010 0.000010 0.269753 0.025803 0.000010 0.212347 0.000010 0.000010 0.000010 0.492037
0.000010 0.000010 0.000010 0.000010 0.000010 0.000010 0.000010 0.000010 0.999910 0.000010
0.000010 0.000010 0.000010 0.000010 0.000010 0.000010 0.000010 0.000010 0.999910 0.000010
0.000010 0.000010 0.000010 0.000010 0.000010 0.000010 0.000010 0.000010 0.999910 0.000010
0.000010 0.186562 0.221719 0.000010 0.000010 0.220527 0.000010 0.000010 0.000010 0.371133
0.000010 0.147642 0.090145 0.000010 0.000010 0.514751 0.109279 0.000010 0.000010 0.138132
0.016477 0.039883 0.246291 0.000010 0.197929 0.272647 0.000010 0.046626 0.000010 0.180116
0.000010 0.152668 0.084583 0.000010 0.000010 0.514756 0.110573 0.000010 0.000010 0.137370
0.203178 0.000010 0.120966 0.000010 0.000010 0.675786 0.000010 0.000010 0.000010 0.000010
0.000010 0.000010 0.000010 0.039891 0.000010 0.000010 0.000010 0.000010 0.960029 0.000010
0.503575 0.219715 0.151091 0.004556 0.037867 0.049480 0.033686 0.000010 0.000010 0.000010
0.000010 0.123385 0.339671 0.000010 0.000010 0.339971 0.000010 0.026470 0.000010 0.170454
0.080675 0.000010 0.256672 0.085762 0.198134 0.142518 0.152902 0.083308 0.000010 0.000010
0.000010 0.124904 0.287421 0.000010 0.166096 0.175999 0.060095 0.000010 0.000010 0.185445
0.050630 0.187900 0.300912 0.000010 0.000010 0.250169 0.169984 0.000010 0.000010 0.040365
0.099294 0.000010 0.191146 0.000010 0.054008 0.098177 0.104195 0.056458 0.038826 0.357877
0.000010 0.310654 0.223684 0.000010 0.000010 0.368096 0.085801 0.000010 0.000010 0.011715
0.226325 0.000010 0.118952 0.000010 0.000010 0.370392 0.000010 0.000010 0.019948 0.264332
0.000010 0.074905 0.286561 0.107882 0.091233 0.286347 0.000010 0.000010 0.000010 0.153031
0.000010 0.099223 0.346849 0.000010 0.000010 0.200770 0.000010 0.082120 0.000010 0.270988
0.000010 0.004463 0.374560 0.000010 0.102773 0.316208 0.000010 0.121018 0.000010 0.080939
0.035595 0.226017 0.285238 0.000010 0.161219 0.000010 0.000010 0.000010 0.000010 0.291880
0.000010 0.051753 0.047859 0.000010 0.075757 0.413464 0.000010 0.112948 0.000010 0.298178
0.049402 0.175651 0.227162 0.137829 0.001384 0.107397 0.038184 0.025250 0.000010 0.237732
0.000010 0.197617 0.316938 0.000010 0.000010 0.241725 0.065719 0.000010 0.000010 0.177951
0.000010 0.286447 0.000010 0.000010 0.000010 0.713473 0.000010 0.000010 0.000010 0.000010
0.000010 0.293529 0.000010 0.000010 0.000010 0.706391 0.000010 0.000010 0.000010 0.000010
0.141929 0.247587 0.227713 0.000010 0.091348 0.000010 0.161657 0.000010 0.018730 0.111006
0.000010 0.000010 0.494294 0.000010 0.108519 0.151997 0.000010 0.091754 0.000010 0.153386
0.070461 0.112960 0.372605 0.058509 0.000010 0.000010 0.148795 0.000010 0.000010 0.236630
0.000010 0.000010 0.278804 0.028770 0.000010 0.227300 0.000010 0.000010 0.000010 0.465066
0.000010 0.048647 0.563739 0.000010 0.101684 0.066789 0.000010 0.040733 0.000010 0.178368
0.134627 0.061660 0.075942 0.000010 0.091104 0.368553 0.000010 0.000010 0.000010 0.268075
0.000010 0.000010 0.275659 0.037205 0.000010 0.237856 0.000010 0.000010 0.000010 0.449220
0.000010 0.000010 0.000010 0.000010 0.000010 0.032971 0.000010 0.000010 0.966949 0.000010
0.000010 0.000010 0.560151 0.000010 0.000010 0.439769 0.000010 0.000010 0.000010 0.000010
0.000010 0.000010 0.552081 0.000010 0.000010 0.447133 0.000010 0.000716 0.000010 0.000010
0.168477 0.097875 0.244346 0.000010 0.122197 0.161918 0.086587 0.000010 0.000010 0.118570
0.042258 0.000010 0.286114 0.000010 0.000010 0.062195 0.209844 0.000010 0.009620 0.389929
0.000011 0.000010 0.000010 0.000010 0.000010 0.000010 0.000010 0.000010 0.999909 0.000010
0.000010 0.196936 0.000010 0.000010 0.000010 0.802984 0.000010 0.000010 0.000010 0.000010
0.000010 0.201332 0.000010 0.000010 0.000010 0.798588 0.000010 0.000010 0.000010 0.000010
0.000010 0.000010 0.000010 0.000010 0.000010 0.000010 0.024578 0.000010 0.975342 0.000010
0.000010 0.080175 0.236445 0.000010 0.157185 0.080564 0.178123 0.014985 0.017049 0.235453
0.000010 0.181126 0.000010 0.000010 0.000010 0.818794 0.000010 0.000010 0.000010 0.000010
0.000010 0.185348 0.000010 0.000010 0.000010 0.814572 0.000010 0.000010 0.000010 0.000010
0.000010 0.125784 0.533690 0.000010 0.000010 0.182507 0.000010 0.000010 0.000010 0.157959
0.151259 0.000010 0.142200 0.000010 0.000010 0.533294 0.129695 0.000010 0.000010 0.043503
0.143271 0.103830 0.268369 0.016928 0.000010 0.167245 0.052634 0.079819 0.000010 0.167885
0.000010 0.132022 0.504518 0.000010 0.000010 0.234159 0.000010 0.000010 0.000010 0.129242
0.133317 0.000010 0.217077 0.070977 0.067570 0.104900 0.131672 0.000010 0.001399 0.273068
0.079988 0.222561 0.320211 0.000010 0.087279 0.126496 0.000010 0.026399 0.000010 0.137035
0.000010 0.122696 0.329618 0.000010 0.086256 0.241067 0.078801 0.000010 0.000010 0.141521
0.001147 0.132612 0.250127 0.000010 0.115893 0.043260 0.107827 0.006554 0.000010 0.342560
0.038642 0.000010 0.431515 0.000010 0.020811 0.400544 0.000010 0.055201 0.000010 0.053248
0.000010 0.219628 0.205463 0.000010 0.112538 0.261435 0.133550 0.000010 0.000010 0.067344
0.000010 0.278246 0.000010 0.024389 0.000010 0.267333 0.000010 0.003683 0.000010 0.426299
0.005825 0.186148 0.101170 0.089127 0.247803 0.230867 0.000010 0.000010 0.019108 0.119932
0.092063 0.060105 0.122302 0.012269 0.024965 0.249351 0.067700 0.090061 0.000010 0.281174
0.000010 0.999910 0.000010 0.000010 0.000010 0.000010 0.000010 0.000010 0.000010 0.000010
0.492125 0.028555 0.000010 0.293763 0.000010 0.051623 0.000010 0.000010 0.000010 0.133884
0.000010 0.999910 0.000010 0.000010 0.000010 0.000010 0.000010 0.000010 0.000010 0.000010
0.000010 0.999910 0.000010 0.000010 0.000010 0.000010 0.000010 0.000010 0.000010 0.000010
0.402688 0.021935 0.066494 0.188742 0.096897 0.097123 0.000010 0.000010 0.000010 0.126091
0.439727 0.163026 0.000010 0.219741 0.000010 0.058716 0.000010 0.118739 0.000010 0.000010
0.516603 0.078974 0.085608 0.055022 0.145554 0.048940 0.003517 0.065681 0.000010 0.000092
0.527755 0.250772 0.000010 0.000010 0.120972 0.056708 0.042062 0.000010 0.001691 0.000010
0.385726 0.255127 0.000010 0.079132 0.000010 0.104979 0.000010 0.031879 0.000010 0.143116
0.130992 0.276287 0.000010 0.265316 0.031502 0.122673 0.123830 0.000010 0.029306 0.020075
0.050711 0.299996 0.021763 0.330073 0.159383 0.000010 0.000010 0.024954 0.000010 0.113090
0.443662 0.291133 0.000010 0.129069 0.000010 0.126449 0.000010 0.000010 0.000010 0.009638
0.550681 0.193949 0.000010 0.084125 0.000010 0.000010 0.141670 0.029525 0.000010 0.000010
0.511464 0.221109 0.000010 0.140001 0.000010 0.088864 0.000010 0.038512 0.000010 0.000010
0.625071 0.000010 0.195457 0.090168 0.000010 0.089244 0.000010 0.000010 0.000010 0.000010
0.000010 0.000010 0.000010 0.000010 0.002062 0.000010 0.000010 0.000010 0.997858 0.000010
0.161252 0.398113 0.113924 0.172541 0.000010 0.031508 0.000010 0.008555 0.059985 0.054102
0.576251 0.122962 0.050170 0.112370 0.051243 0.000010 0.000010 0.000010 0.000010 0.086965
0.733393 0.172556 0.049437 0.000010 0.000010 0.044554 0.000010 0.000010 0.000010 0.000010
0.439593 0.269981 0.111428 0.098673 0.013360 0.048121 0.000010 0.018814 0.000010 0.000010
0.000010 0.999910 0.000010 0.000010 0.000010 0.000010 0.000010 0.000010 0.000010 0.000010
0.392513 0.191299 0.065772 0.126698 0.160421 0.000010 0.000010 0.000010 0.000010 0.063258
0.000010 0.999910 0.000010 0.000010 0.000010 0.000010 0.000010 0.000010 0.000010 0.000010
0.613813 0.207950 0.000010 0.047440 0.000010 0.008346 0.100764 0.000010 0.021647 0.000010
0.568192 0.224291 0.000010 0.041924 0.000010 0.037237 0.099331 0.000010 0.028985 0.000010
0.529627 0.053622 0.000010 0.162655 0.197106 0.000010 0.000010 0.000010 0.000010 0.056940
0.000010 0.999910 0.000010 0.000010 0.000010 0.000010 0.000010 0.000010 0.000010 0.000010
0.000010 0.999910 0.000010 0.000010 0.000010 0.000010 0.000010 0.000010 0.000010 0.000010
0.432072 0.213068 0.000010 0.103095 0.098647 0.000010 0.144389 0.000010 0.008689 0.000010
0.767560 0.031085 0.079859 0.000010 0.000010 0.117222 0.000010 0.004224 0.000010 0.000010
0.000010 0.999910 0.000010 0.000010 0.000010 0.000010 0.000010 0.000010 0.000010 0.000010
0.000010 0.000010 0.000010 0.000010 0.284352 0.482383 0.233195 0.000010 0.000010 0.000010
0.206623 0.621398 0.052445 0.068367 0.000010 0.020460 0.000010 0.004860 0.025818 0.000010
0.000010 0.999910 0.000010 0.000010 0.000010 0.000010 0.000010 0.000010 0.000010 0.000010
0.539255 0.218280 0.000010 0.016702 0.145555 0.074824 0.000010 0.005343 0.000010 0.000010
0.226892 0.596006 0.052153 0.045672 0.000010 0.000010 0.000010 0.048640 0.030597 0.000010
0.471723 0.174689 0.000010 0.088355 0.023383 0.000010 0.058176 0.000010 0.000010 0.183635
0.583445 0.200279 0.216206 0.000010 0.000010 0.000010 0.000010 0.000010 0.000010 0.000010
0.269484 0.199482 0.160608 0.158095 0.000010 0.163138 0.048433 0.000010 0.000010 0.000730
0.614509 0.175011 0.210410 0.000010 0.000010 0.000010 0.000010 0.000010 0.000010 0.000010
0.467958 0.181682 0.086750 0.136777 0.000010 0.065775 0.018760 0.000010 0.008952 0.033326
0.375996 0.088783 0.082930 0.218904 0.000010 0.000010 0.068026 0.000010 0.000010 0.165321
0.467167 0.176357 0.138659 0.070719 0.065587 0.058142 0.000010 0.023339 0.000010 0.000010
0.443032 0.214399 0.131385 0.085609 0.059310 0.008874 0.001872 0.055500 0.000010 0.000010
0.022241 0.293822 0.000010 0.228362 0.121246 0.269201 0.000010 0.065088 0.000010 0.000010
0.037132 0.278931 0.000010 0.271987 0.154685 0.196882 0.000010 0.060342 0.000010 0.000010
0.839409 0.003092 0.000010 0.000010 0.000010 0.000010 0.102855 0.054585 0.000010 0.000010
0.846642 0.009538 0.000010 0.000010 0.000010 0.000010 0.130877 0.012883 0.000010 0.000010
0.000010 0.167688 0.264339 0.000010 0.013101 0.295582 0.000010 0.000010 0.044020 0.215230
0.550827 0.032488 0.080619 0.208893 0.054947 0.062004 0.000010 0.010192 0.000010 0.000010
0.561940 0.020629 0.072787 0.226927 0.040230 0.062235 0.000010 0.015222 0.000010 0.000010
0.551911 0.032405 0.081172 0.207304 0.054980 0.061641 0.000010 0.010558 0.000010 0.000010
0.149226 0.359607 0.000010 0.269527 0.174920 0.046669 0.000010 0.000010 0.000010 0.000010
0.805486 0.000010 0.000010 0.000010 0.153624 0.000010 0.000010 0.000010 0.000010 0.040820
0.693671 0.061217 0.000010 0.010007 0.000010 0.097939 0.000010 0.137116 0.000010 0.000010
0.446253 0.119256 0.006113 0.320153 0.000010 0.068243 0.000010 0.000010 0.000010 0.039942
0.483816 0.099036 0.000010 0.293882 0.000010 0.046772 0.000010 0.000010 0.000010 0.076444
0.292737 0.130425 0.000010 0.158597 0.000010 0.223455 0.000010 0.035772 0.000010 0.158975
0.350466 0.500524 0.000010 0.035142 0.000010 0.072791 0.000010 0.000010 0.000010 0.041026
0.410514 0.097067 0.000010 0.184505 0.121487 0.046986 0.000010 0.111609 0.000010 0.027803
0.402198 0.320441 0.009160 0.030094 0.000010 0.238056 0.000010 0.000010 0.000010 0.000010
0.388083 0.239263 0.044202 0.156109 0.006374 0.014650 0.007637 0.000010 0.000010 0.143662
0.510835 0.212637 0.054882 0.000010 0.000010 0.078931 0.082556 0.060119 0.000010 0.000010
0.446507 0.271005 0.172743 0.068753 0.000010 0.040942 0.000010 0.000010 0.000010 0.000010
0.450925 0.284722 0.186550 0.062400 0.000010 0.015353 0.000010 0.000010 0.000010 0.000010
0.587424 0.063189 0.000010 0.144496 0.000010 0.000010 0.000010 0.031321 0.000010 0.173521
0.654371 0.108089 0.000010 0.124136 0.000010 0.080362 0.000010 0.032069 0.000010 0.000933
0.466433 0.000010 0.138083 0.121525 0.000010 0.000010 0.000010 0.000010 0.000010 0.273899
0.730044 0.000010 0.000010 0.144937 0.000010 0.096784 0.000010 0.028175 0.000010 0.000010
0.254726 0.099569 0.238114 0.287632 0.000010 0.119909 0.000010 0.000010 0.000010 0.000010
0.408838 0.350155 0.000010 0.043727 0.000010 0.194512 0.000010 0.002718 0.000010 0.000010
0.192208 0.133161 0.000010 0.211891 0.083321 0.267081 0.000010 0.094217 0.018091 0.000010
0.582090 0.237141 0.000010 0.164200 0.000010 0.016509 0.000010 0.000010 0.000010 0.000010
0.500144 0.107892 0.071997 0.164861 0.000010 0.000010 0.000010 0.059001 0.051215 0.044861
0.710119 0.000010 0.000010 0.151084 0.000010 0.095006 0.000010 0.043730 0.000010 0.000010
0.703570 0.186831 0.040528 0.000010 0.000010 0.021699 0.000010 0.047322 0.000010 0.000010
0.578945 0.050906 0.039260 0.212259 0.000010 0.000010 0.000010 0.026167 0.000010 0.092424
0.511742 0.070362 0.000010 0.138943 0.259955 0.000010 0.000010 0.018949 0.000010 0.000010
0.710476 0.011684 0.061726 0.072313 0.094518 0.000010 0.000010 0.049243 0.000010 0.000010
0.242068 0.235024 0.000010 0.165540 0.111732 0.108929 0.000010 0.000010 0.000010 0.136668
0.524116 0.055857 0.000010 0.141648 0.260321 0.000010 0.000010 0.018008 0.000010 0.000010
0.271613 0.216278 0.145132 0.056768 0.000010 0.000010 0.166229 0.011898 0.046474 0.085587
0.545807 0.074955 0.000010 0.143131 0.217199 0.000010 0.000010 0.018858 0.000010 0.000010
0.244032 0.255047 0.200634 0.080383 0.000010 0.013717 0.100647 0.000010 0.044120 0.061402
0.287064 0.241049 0.000019 0.138544 0.000010 0.172687 0.000010 0.058483 0.017600 0.084533
0.526560 0.126264 0.000010 0.237324 0.000010 0.000010 0.000010 0.016328 0.059559 0.033924
0.340522 0.261933 0.119742 0.114718 0.000010 0.005931 0.000010 0.000010 0.000010 0.157114
0.750919 0.009809 0.182642 0.000010 0.000010 0.000010 0.000010 0.000010 0.000010 0.056570
0.000010 0.000010 0.000010 0.000010 0.000010 0.000010 0.000010 0.000010 0.999910 0.000010
0.555761 0.102001 0.028375 0.074404 0.000010 0.174320 0.065098 0.000010 0.000010 0.000010
0.588181 0.318209 0.000010 0.005245 0.000010 0.000596 0.087719 0.000010 0.000010 0.000010
0.617717 0.010787 0.000010 0.199737 0.016741 0.075945 0.000010 0.079033 0.000010 0.000010
0.390023 0.198123 0.000010 0.157818 0.033350 0.000010 0.105651 0.079206 0.035799 0.000010
0.586673 0.000010 0.003046 0.157600 0.000010 0.000010 0.084108 0.000010 0.000010 0.168524
0.691894 0.187363 0.000010 0.000010 0.000010 0.030136 0.047674 0.042883 0.000010 0.000010
0.394434 0.198294 0.000010 0.194547 0.000010 0.000010 0.045496 0.000010 0.018593 0.148596
0.357043 0.317975 0.000010 0.059356 0.000010 0.052599 0.000010 0.212977 0.000010 0.000010
0.328471 0.314450 0.000010 0.084087 0.000010 0.058759 0.000010 0.214184 0.000010 0.000010
0.609430 0.000010 0.107255 0.072882 0.000010 0.109299 0.000010 0.074812 0.000010 0.026281
0.508399 0.129381 0.000010 0.122734 0.000010 0.140625 0.008210 0.000010 0.004879 0.085742
0.403970 0.109654 0.046914 0.175061 0.000010 0.012336 0.051391 0.000010 0.000010 0.200644
0.574368 0.242444 0.060806 0.000010 0.119841 0.000010 0.000010 0.002492 0.000010 0.000010
0.404607 0.027798 0.000010 0.267618 0.000010 0.240270 0.059657 0.000010 0.000010 0.000010
0.348517 0.455194 0.000010 0.134441 0.000010 0.000010 0.000010 0.000010 0.000010 0.061789
0.209044 0.000010 0.127943 0.000010 0.000010 0.662943 0.000010 0.000010 0.000010 0.000010
0.000010 0.000010 0.000010 0.010272 0.989648 0.000010 0.000010 0.000010 0.000010 0.000010
0.146778 0.000010 0.000010 0.000010 0.694832 0.014261 0.144069 0.000010 0.000010 0.000010
0.000010 0.000010 0.000010 0.013422 0.986498 0.000010 0.000010 0.000010 0.000010 0.000010
0.000010 0.000010 0.000010 0.018544 0.981376 0.000010 0.000010 0.000010 0.000010 0.000010
0.138945 0.000010 0.064475 0.093680 0.598051 0.000010 0.104798 0.000010 0.000010 0.000010
0.000010 0.123180 0.189023 0.132922 0.234768 0.000010 0.139994 0.009909 0.000010 0.170174
0.000010 0.000010 0.000010 0.000010 0.776538 0.223382 0.000010 0.000010 0.000010 0.000010
0.000010 0.000010 0.000010 0.000010 0.779233 0.200749 0.000010 0.019948 0.000010 0.000010
