0.044350 0.255381 0.313032 0.313408 0.000010 0.033576 0.040235 0.000010
0.000010 0.000010 0.385975 0.244161 0.000010 0.084571 0.285252 0.000010
0.000010 0.000010 0.000010 0.764508 0.000010 0.000010 0.235432 0.000010
0.000010 0.000010 0.000010 0.741915 0.000010 0.000010 0.258025 0.000010
0.000010 0.000010 0.000010 0.736308 0.000010 0.000010 0.263632 0.000010
0.000010 0.000010 0.000010 0.741488 0.000010 0.000010 0.258452 0.000010
0.000010 0.000010 0.000010 0.745686 0.000010 0.000010 0.254254 0.000010
0.000010 0.244101 0.298281 0.457567 0.000010 0.000010 0.000010 0.000010
0.102847 0.000010 0.311273 0.389298 0.000010 0.000010 0.196542 0.000010
0.095794 0.000010 0.312099 0.391623 0.000010 0.000010 0.200444 0.000010
0.160539 0.000010 0.430301 0.281418 0.000010 0.000010 0.000010 0.127702
0.000010 0.000010 0.475845 0.371569 0.021887 0.000010 0.130659 0.000010
0.000010 0.000010 0.458978 0.377697 0.025382 0.000010 0.137903 0.000010
0.000010 0.000010 0.999930 0.000010 0.000010 0.000010 0.000010 0.000010
0.000010 0.000010 0.999930 0.000010 0.000010 0.000010 0.000010 0.000010
0.000010 0.000010 0.999930 0.000010 0.000010 0.000010 0.000010 0.000010
0.000010 0.000010 0.999930 0.000010 0.000010 0.000010 0.000010 0.000010
0.053103 0.000010 0.418758 0.340225 0.016524 0.000010 0.171359 0.000010
0.096017 0.000010 0.408657 0.298622 0.000010 0.000010 0.180541 0.016133
0.000010 0.000010 0.999930 0.000010 0.000010 0.000010 0.000010 0.000010
0.000010 0.000010 0.999930 0.000010 0.000010 0.000010 0.000010 0.000010
0.000010 0.194819 0.157049 0.648082 0.000010 0.000010 0.000010 0.000010
0.000010 0.273053 0.193664 0.533233 0.000010 0.000010 0.000010 0.000010
0.000010 0.263432 0.187934 0.548584 0.000010 0.000010 0.000010 0.000010
0.100952 0.000010 0.314026 0.389277 0.000010 0.000010 0.195706 0.000010
0.139329 0.137624 0.217492 0.373111 0.000010 0.000010 0.090673 0.041751
0.000010 0.088352 0.387353 0.312238 0.089573 0.000010 0.122453 0.000010
0.338650 0.261582 0.016913 0.382815 0.000010 0.000010 0.000010 0.000010
0.154688 0.000010 0.365142 0.399162 0.000010 0.000010 0.032427 0.048552
0.000010 0.000010 0.272879 0.463055 0.000010 0.000010 0.235519 0.028507
0.000010 0.000010 0.270110 0.463237 0.000010 0.000010 0.237121 0.029492
0.000010 0.010323 0.592683 0.396945 0.000010 0.000010 0.000010 0.000010
0.000010 0.000010 0.272892 0.465717 0.000010 0.000010 0.233398 0.027953
0.036230 0.092598 0.314394 0.340175 0.094757 0.010341 0.054609 0.056896
0.147945 0.044933 0.263278 0.451995 0.038426 0.000010 0.053403 0.000010
0.334914 0.259195 0.018867 0.386984 0.000010 0.000010 0.000010 0.000010
0.000010 0.014468 0.041617 0.793239 0.000010 0.000010 0.150636 0.000010
0.000010 0.122584 0.348033 0.529333 0.000010 0.000010 0.000010 0.000010
0.000010 0.000010 0.621124 0.378816 0.000010 0.000010 0.000010 0.000010
0.005234 0.000010 0.599609 0.395107 0.000010 0.000010 0.000010 0.000010
0.006977 0.000010 0.610994 0.381979 0.000010 0.000010 0.000010 0.000010
0.388017 0.000010 0.245248 0.151351 0.063400 0.055296 0.096667 0.000010
0.208483 0.000010 0.244808 0.518052 0.028617 0.000010 0.000010 0.000010
0.070728 0.202122 0.181797 0.305657 0.089176 0.000010 0.150500 0.000010
0.000010 0.000010 0.369097 0.461026 0.023922 0.041073 0.104853 0.000010
0.000010 0.144582 0.327545 0.527823 0.000010 0.000010 0.000010 0.000010
0.000010 0.209876 0.329170 0.192904 0.051328 0.000010 0.216692 0.000010
0.220912 0.000010 0.040448 0.000010 0.200719 0.002009 0.000010 0.535882
0.822644 0.000010 0.177296 0.000010 0.000010 0.000010 0.000010 0.000010
0.813514 0.000010 0.186426 0.000010 0.000010 0.000010 0.000010 0.000010
0.478146 0.000010 0.055245 0.224857 0.000010 0.000010 0.037211 0.204512
0.999930 0.000010 0.000010 0.000010 0.000010 0.000010 0.000010 0.000010
0.999930 0.000010 0.000010 0.000010 0.000010 0.000010 0.000010 0.000010
0.999930 0.000010 0.000010 0.000010 0.000010 0.000010 0.000010 0.000010
0.999930 0.000010 0.000010 0.000010 0.000010 0.000010 0.000010 0.000010
0.848996 0.000010 0.000010 0.000010 0.000010 0.000010 0.150944 0.000010
0.831681 0.000014 0.000010 0.000010 0.000010 0.000010 0.168255 0.000010
0.216521 0.000010 0.089245 0.224281 0.073612 0.000010 0.396311 0.000010
0.501896 0.000010 0.000010 0.423905 0.000010 0.000010 0.074149 0.000010
0.232729 0.000010 0.114026 0.215083 0.063898 0.000010 0.374235 0.000010
0.234768 0.000010 0.087385 0.233944 0.072015 0.000010 0.371858 0.000010
0.814697 0.000010 0.185243 0.000010 0.000010 0.000010 0.000010 0.000010
0.000010 0.000010 0.000018 0.000010 0.000010 0.000010 0.999922 0.000010
0.000010 0.000010 0.000010 0.000010 0.000010 0.000010 0.999930 0.000010
0.000010 0.000010 0.000010 0.000010 0.000010 0.000010 0.999930 0.000010
0.000010 0.000010 0.000010 0.000010 0.000010 0.000010 0.999930 0.000010
0.000010 0.000010 0.000010 0.000010 0.000010 0.000010 0.999930 0.000010
0.000010 0.000010 0.000010 0.000010 0.000010 0.000010 0.999930 0.000010
0.377615 0.000010 0.198477 0.104383 0.180019 0.000010 0.000010 0.139476
0.000010 0.000010 0.000010 0.000010 0.000010 0.000010 0.999930 0.000010
0.000010 0.000010 0.000010 0.000010 0.000010 0.000010 0.999930 0.000010
0.825250 0.000010 0.000010 0.000010 0.000010 0.000010 0.174690 0.000010
0.825292 0.000010 0.000010 0.000010 0.000010 0.000010 0.174648 0.000010
0.421187 0.000010 0.230799 0.230410 0.072623 0.026181 0.018780 0.000010
0.402746 0.009736 0.153767 0.172467 0.075158 0.000010 0.186106 0.000010
0.730781 0.000010 0.225537 0.000010 0.000010 0.000010 0.043632 0.000010
0.000010 0.000010 0.000010 0.999930 0.000010 0.000010 0.000010 0.000010
0.000010 0.000010 0.000010 0.999930 0.000010 0.000010 0.000010 0.000010
0.000010 0.000010 0.000010 0.999930 0.000010 0.000010 0.000010 0.000010
0.000010 0.000010 0.000010 0.999930 0.000010 0.000010 0.000010 0.000010
0.000010 0.000010 0.000010 0.999930 0.000010 0.000010 0.000010 0.000010
0.000010 0.000010 0.000010 0.999930 0.000010 0.000010 0.000010 0.000010
0.687143 0.000010 0.312797 0.000010 0.000010 0.000010 0.000010 0.000010
0.683369 0.000010 0.316571 0.000010 0.000010 0.000010 0.000010 0.000010
0.342468 0.034070 0.105995 0.352375 0.000010 0.000010 0.091403 0.073668
0.324378 0.032419 0.099574 0.353637 0.000010 0.000010 0.094886 0.095087
0.835582 0.000010 0.000010 0.000010 0.164358 0.000010 0.000010 0.000010
0.846163 0.000010 0.000010 0.000010 0.153777 0.000010 0.000010 0.000010
0.836140 0.000010 0.000010 0.000010 0.163800 0.000010 0.000010 0.000010
0.830577 0.000010 0.000010 0.000010 0.169363 0.000010 0.000010 0.000010
0.817008 0.000010 0.000010 0.000010 0.182932 0.000010 0.000010 0.000010
0.000010 0.000010 0.000010 0.047473 0.000010 0.952467 0.000010 0.000010
0.362763 0.000010 0.125685 0.281822 0.000010 0.057944 0.000010 0.171756
0.366396 0.000010 0.130495 0.274627 0.000010 0.062408 0.000010 0.166044
0.229999 0.000010 0.313134 0.315051 0.000010 0.000010 0.067233 0.074553
0.335969 0.266385 0.256450 0.000010 0.133026 0.000010 0.000010 0.008140
0.368862 0.223791 0.239651 0.024190 0.128276 0.000010 0.000010 0.015211
0.500569 0.000010 0.008325 0.281859 0.000010 0.008178 0.113948 0.087101
0.203092 0.000010 0.304366 0.357480 0.000010 0.000010 0.002832 0.132200
0.000010 0.000010 0.000010 0.000010 0.000010 0.999930 0.000010 0.000010
0.276546 0.115499 0.158900 0.389204 0.059821 0.000010 0.000010 0.000010
0.581185 0.039763 0.000010 0.000010 0.000010 0.000010 0.120445 0.258567
0.602513 0.031973 0.000010 0.000010 0.000010 0.000010 0.069158 0.296316
0.572441 0.046247 0.000010 0.000010 0.000010 0.000010 0.115137 0.266135
0.000010 0.000010 0.000010 0.045367 0.000010 0.954573 0.000010 0.000010
0.443173 0.000010 0.135753 0.236700 0.018661 0.000010 0.165683 0.000010
0.000010 0.000010 0.000010 0.000010 0.035137 0.964803 0.000010 0.000010
0.000010 0.000010 0.589821 0.410119 0.000010 0.000010 0.000010 0.000010
0.000010 0.000010 0.000010 0.000010 0.001895 0.998045 0.000010 0.000010
0.000010 0.000010 0.000010 0.000010 0.000010 0.999930 0.000010 0.000010
0.113267 0.000010 0.441851 0.421796 0.000010 0.023045 0.000010 0.000010
0.203111 0.000010 0.381182 0.382037 0.000010 0.033630 0.000010 0.000010
0.000010 0.000010 0.000010 0.000010 0.023934 0.976006 0.000010 0.000010
0.000010 0.000010 0.000010 0.000010 0.023913 0.976027 0.000010 0.000010
0.999930 0.000010 0.000010 0.000010 0.000010 0.000010 0.000010 0.000010
0.999930 0.000010 0.000010 0.000010 0.000010 0.000010 0.000010 0.000010
0.000010 0.000010 0.000010 0.000010 0.000010 0.999930 0.000010 0.000010
0.999926 0.000014 0.000010 0.000010 0.000010 0.000010 0.000010 0.000010
0.999930 0.000010 0.000010 0.000010 0.000010 0.000010 0.000010 0.000010
0.999926 0.000014 0.000010 0.000010 0.000010 0.000010 0.000010 0.000010
0.999930 0.000010 0.000010 0.000010 0.000010 0.000010 0.000010 0.000010
0.999930 0.000010 0.000010 0.000010 0.000010 0.000010 0.000010 0.000010
0.999930 0.000010 0.000010 0.000010 0.000010 0.000010 0.000010 0.000010
0.999930 0.000010 0.000010 0.000010 0.000010 0.000010 0.000010 0.000010
0.000010 0.000010 0.000010 0.000010 0.000010 0.000010 0.999930 0.000010
0.000010 0.000010 0.000010 0.000010 0.000010 0.000010 0.999930 0.000010
0.000010 0.000010 0.000010 0.000010 0.000010 0.000010 0.999930 0.000010
0.000010 0.000010 0.000010 0.000010 0.000010 0.000010 0.999930 0.000010
0.000010 0.000010 0.000010 0.000010 0.000010 0.000010 0.999930 0.000010
0.000010 0.000010 0.000010 0.000010 0.000010 0.000010 0.999930 0.000010
0.396033 0.004684 0.559605 0.000010 0.025917 0.000010 0.013730 0.000010
0.442702 0.000010 0.554159 0.000010 0.000010 0.000010 0.000010 0.003089
0.395432 0.000010 0.557830 0.000010 0.019071 0.000010 0.027627 0.000010
0.448384 0.019892 0.190947 0.340737 0.000010 0.000010 0.000010 0.000010
0.476657 0.024016 0.190498 0.308788 0.000010 0.000010 0.000010 0.000010
0.000010 0.000010 0.082716 0.000010 0.329098 0.000010 0.000010 0.588136
0.088069 0.000010 0.000010 0.202069 0.373891 0.000010 0.000010 0.335932
0.000010 0.000010 0.000010 0.158722 0.274525 0.000010 0.000010 0.566703
0.008044 0.000010 0.084204 0.000010 0.389886 0.000010 0.108951 0.408885
0.000010 0.138282 0.066438 0.000010 0.177696 0.000010 0.081711 0.535844
0.000010 0.146123 0.075408 0.000010 0.198396 0.000010 0.075817 0.504225
0.000010 0.150067 0.079982 0.000010 0.177115 0.000010 0.075113 0.517693
0.076449 0.052182 0.000010 0.000010 0.226507 0.002370 0.065036 0.577438
0.000010 0.000010 0.000020 0.000010 0.354427 0.000010 0.000010 0.645503
0.000010 0.000010 0.000010 0.000010 0.368952 0.000010 0.000010 0.630988
0.096794 0.005183 0.085969 0.000010 0.447800 0.029069 0.014007 0.321169
0.000010 0.000010 0.000010 0.000010 0.000010 0.999930 0.000010 0.000010
0.121041 0.000010 0.000010 0.000010 0.427375 0.000010 0.000010 0.451534
0.148127 0.000010 0.089735 0.000010 0.351051 0.000010 0.000010 0.411046
0.000010 0.000010 0.000010 0.322271 0.677669 0.000010 0.000010 0.000010
0.000010 0.000010 0.000010 0.340302 0.659638 0.000010 0.000010 0.000010
0.000010 0.000010 0.000010 0.299529 0.700411 0.000010 0.000010 0.000010
0.000010 0.103927 0.000010 0.000010 0.532232 0.000010 0.221250 0.142551
0.000010 0.000010 0.000010 0.338141 0.661799 0.000010 0.000010 0.000010
0.062260 0.093146 0.000010 0.109999 0.217682 0.000010 0.000010 0.516883
0.000010 0.000010 0.000010 0.000010 0.387647 0.000010 0.000010 0.612293
0.000010 0.000010 0.000010 0.000010 0.389491 0.000010 0.000010 0.610449
0.000010 0.000010 0.000010 0.000010 0.381845 0.000010 0.000010 0.618095
0.000010 0.029121 0.000010 0.000010 0.342718 0.000010 0.028358 0.599764
0.000010 0.031714 0.000010 0.000010 0.333445 0.000010 0.034735 0.600066
0.000010 0.000010 0.000010 0.000010 0.361346 0.000010 0.018840 0.619764
0.000010 0.169723 0.131948 0.388547 0.080578 0.000010 0.086150 0.143034
0.042230 0.015784 0.114174 0.052666 0.312318 0.000010 0.016170 0.446649
0.000010 0.000010 0.000010 0.000010 0.000010 0.999930 0.000010 0.000010
0.117597 0.000010 0.225167 0.000010 0.153229 0.013764 0.000010 0.490213
0.000010 0.000010 0.276742 0.000010 0.173812 0.000010 0.000010 0.549396
0.110254 0.000010 0.234582 0.000010 0.162320 0.010721 0.000010 0.482093
0.150713 0.000010 0.174606 0.000010 0.301822 0.000010 0.000010 0.372818
0.000010 0.105787 0.000010 0.000010 0.268966 0.000010 0.000010 0.625197
0.000010 0.118845 0.000010 0.000010 0.254717 0.000010 0.000010 0.626388
0.000010 0.091514 0.000010 0.000010 0.286735 0.000010 0.001907 0.619804
0.000010 0.110245 0.000010 0.000010 0.270779 0.000010 0.000010 0.618925
0.000010 0.035043 0.000010 0.233930 0.335311 0.000010 0.168645 0.227042
0.000010 0.000010 0.000010 0.216921 0.328289 0.000010 0.184851 0.269899
0.000010 0.000010 0.150423 0.000010 0.432537 0.028661 0.000010 0.388339
0.000010 0.000010 0.000010 0.000010 0.000010 0.999930 0.000010 0.000010
0.000010 0.078433 0.000010 0.058706 0.332961 0.000010 0.000010 0.529860
0.000010 0.000010 0.000010 0.000010 0.000010 0.999930 0.000010 0.000010
0.133474 0.083098 0.083792 0.000010 0.304854 0.000010 0.000010 0.394752
0.000010 0.000010 0.000010 0.000010 0.000010 0.999433 0.000010 0.000507
0.085563 0.000010 0.000010 0.000010 0.320910 0.000010 0.131858 0.461630
0.085789 0.000010 0.000010 0.000010 0.321721 0.000010 0.127407 0.465043
0.000010 0.000010 0.000010 0.344316 0.655624 0.000010 0.000010 0.000010
0.000010 0.000010 0.000010 0.000010 0.999930 0.000010 0.000010 0.000010
0.000010 0.000010 0.000010 0.000010 0.999930 0.000010 0.000010 0.000010
0.000010 0.000010 0.000010 0.000010 0.999930 0.000010 0.000010 0.000010
0.000010 0.000010 0.000010 0.000010 0.999930 0.000010 0.000010 0.000010
0.000010 0.000010 0.000010 0.000010 0.999930 0.000010 0.000010 0.000010
0.000010 0.000010 0.000010 0.000010 0.000010 0.999930 0.000010 0.000010
0.000010 0.000010 0.000010 0.000010 0.000010 0.999930 0.000010 0.000010
0.000010 0.000010 0.000010 0.000010 0.000010 0.999930 0.000010 0.000010
0.000010 0.000010 0.000010 0.000010 0.000010 0.999930 0.000010 0.000010
0.000010 0.000010 0.000010 0.000010 0.000010 0.999930 0.000010 0.000010
0.000010 0.000010 0.000010 0.000010 0.000010 0.999930 0.000010 0.000010
0.000010 0.000010 0.000010 0.000010 0.000010 0.999930 0.000010 0.000010
0.046034 0.000010 0.085525 0.187646 0.373843 0.000010 0.000010 0.306921
0.000010 0.112390 0.000010 0.030386 0.479354 0.000010 0.056527 0.321313
0.000010 0.485538 0.351807 0.076091 0.000010 0.000010 0.009172 0.077361
0.233013 0.505840 0.022959 0.000010 0.195415 0.000010 0.000010 0.042744
0.000010 0.668816 0.016509 0.000010 0.006035 0.000010 0.065942 0.242669
0.145821 0.558624 0.000010 0.024503 0.141464 0.000010 0.085460 0.044108
0.023443 0.571158 0.091002 0.000010 0.124933 0.054101 0.000010 0.135344
0.000010 0.531888 0.041073 0.178907 0.212067 0.000010 0.000010 0.036035
0.068017 0.000010 0.000010 0.000010 0.398792 0.000010 0.087492 0.445658
0.000010 0.000010 0.000010 0.000010 0.000015 0.999925 0.000010 0.000010
0.000010 0.038626 0.039830 0.000010 0.599183 0.000010 0.056570 0.265760
0.000010 0.027883 0.000010 0.000010 0.307509 0.000010 0.099584 0.564985
0.000010 0.000010 0.000010 0.013069 0.503095 0.000010 0.000010 0.483786
0.000010 0.000010 0.000010 0.009988 0.472917 0.000010 0.000010 0.517045
0.000010 0.000010 0.000010 0.000010 0.000010 0.999930 0.000010 0.000010
0.000010 0.000010 0.000010 0.000010 0.447218 0.000010 0.171211 0.381522
0.158336 0.000010 0.002765 0.000010 0.253385 0.000010 0.000010 0.585474
0.126968 0.000010 0.091973 0.000010 0.279309 0.000010 0.000010 0.501710
0.171427 0.000010 0.000010 0.000010 0.444296 0.004228 0.000010 0.380009
0.055237 0.000010 0.125841 0.000010 0.365050 0.000010 0.000010 0.453832
0.000010 0.000010 0.000010 0.000010 0.274231 0.000010 0.084482 0.641238
0.000010 0.000010 0.000010 0.000018 0.257280 0.000010 0.086754 0.655907
0.000010 0.034995 0.000010 0.000010 0.375856 0.021427 0.033925 0.533766
0.000010 0.000010 0.000010 0.000010 0.999930 0.000010 0.000010 0.000010
0.000010 0.000010 0.000010 0.000010 0.563287 0.000010 0.061178 0.375485
0.032410 0.047526 0.108049 0.000010 0.472929 0.000010 0.067004 0.272061
0.000010 0.000010 0.000010 0.000010 0.000010 0.999930 0.000010 0.000010
0.003367 0.000010 0.000010 0.000010 0.000010 0.000010 0.122347 0.874235
0.000010 0.000010 0.000010 0.000010 0.000010 0.000010 0.124945 0.874995
0.000010 0.000010 0.173503 0.195763 0.376442 0.032740 0.000010 0.221521
0.000010 0.000010 0.027573 0.000010 0.413782 0.000010 0.000010 0.558595
0.000010 0.000010 0.000010 0.000010 0.000010 0.000010 0.000010 0.999930
0.000010 0.000010 0.000010 0.000010 0.000010 0.000010 0.000010 0.999930
0.000010 0.000010 0.000010 0.000010 0.000010 0.000010 0.000010 0.999930
0.000010 0.092154 0.000010 0.028442 0.470553 0.000010 0.000010 0.408811
0.000010 0.062528 0.000010 0.003395 0.505479 0.000010 0.000010 0.428559
0.000010 0.000010 0.000010 0.000010 0.000010 0.000010 0.000010 0.999930
0.000010 0.000010 0.000010 0.000010 0.000010 0.000010 0.000010 0.999930
0.000010 0.000010 0.000010 0.000010 0.000010 0.000010 0.000010 0.999930
0.101941 0.141388 0.000010 0.000010 0.184707 0.000010 0.000010 0.571924
0.000010 0.068116 0.073464 0.032485 0.256451 0.000010 0.053723 0.515742
0.106775 0.000010 0.052507 0.000010 0.198848 0.000010 0.000010 0.641830
0.103605 0.000010 0.047726 0.000010 0.205715 0.000010 0.000010 0.642914
0.107456 0.000010 0.052395 0.000010 0.197650 0.000010 0.000010 0.642459
0.000010 0.000010 0.049973 0.000010 0.484249 0.000010 0.000010 0.465728
0.000010 0.000010 0.074518 0.000010 0.492195 0.000010 0.000010 0.433237
0.000010 0.000010 0.098232 0.035529 0.226082 0.000010 0.054565 0.585562
0.000010 0.000010 0.106339 0.000010 0.200385 0.000010 0.087073 0.606163
0.000010 0.000010 0.168569 0.006992 0.227464 0.026574 0.099109 0.471273
0.000010 0.000010 0.177385 0.019749 0.184728 0.025609 0.107747 0.484763
0.026300 0.000010 0.000010 0.140291 0.000010 0.000010 0.000010 0.833359
0.000010 0.209989 0.050447 0.000010 0.078659 0.000010 0.000010 0.660864
0.046012 0.185198 0.039196 0.000010 0.072092 0.000010 0.000010 0.657472
0.077239 0.000010 0.000010 0.047909 0.000010 0.000010 0.000010 0.874803
0.000010 0.000010 0.063361 0.000010 0.290936 0.000010 0.186997 0.458666
0.110335 0.147903 0.072375 0.000010 0.256324 0.070863 0.094342 0.247847
0.072200 0.162910 0.000010 0.000010 0.234666 0.000010 0.101885 0.428309
0.000010 0.000010 0.000010 0.107481 0.131159 0.000010 0.026932 0.734388
0.141602 0.107554 0.072489 0.000010 0.268305 0.063615 0.071163 0.275261
0.000010 0.178259 0.019521 0.000010 0.000010 0.000010 0.045491 0.756690
0.000010 0.279653 0.000010 0.003265 0.467298 0.000010 0.000010 0.249744
0.042239 0.206226 0.000010 0.000010 0.470226 0.000010 0.000010 0.281269
0.000010 0.164003 0.006024 0.000010 0.000010 0.000010 0.026575 0.803358
0.043445 0.190537 0.000010 0.020757 0.463912 0.000010 0.000010 0.281318
0.000010 0.147817 0.000010 0.000010 0.211383 0.000010 0.154964 0.485795
0.000010 0.000010 0.000010 0.000010 0.000010 0.999930 0.000010 0.000010
0.000010 0.000010 0.000010 0.000010 0.000010 0.999930 0.000010 0.000010
0.000010 0.000010 0.000010 0.000010 0.000010 0.999930 0.000010 0.000010
0.029471 0.039513 0.138577 0.000010 0.215197 0.000773 0.168905 0.407554
0.000011 0.000010 0.000010 0.000010 0.000010 0.999929 0.000010 0.000010
0.000010 0.000010 0.000010 0.060291 0.418854 0.000010 0.000010 0.520805
0.000010 0.000010 0.000010 0.067828 0.479417 0.000010 0.000010 0.452705
0.000010 0.000010 0.000010 0.000010 0.000010 0.999930 0.000010 0.000010
0.000010 0.000010 0.000010 0.000010 0.000010 0.999930 0.000010 0.000010
0.000010 0.000010 0.000010 0.000010 0.000010 0.999930 0.000010 0.000010
0.000010 0.065672 0.063384 0.150702 0.231449 0.000010 0.000010 0.488763
0.000010 0.000010 0.000010 0.000010 0.000010 0.999930 0.000010 0.000010
0.009950 0.000010 0.442259 0.428504 0.000010 0.000010 0.088930 0.030327
0.000010 0.000010 0.000010 0.000010 0.000010 0.999930 0.000010 0.000010
0.000010 0.000010 0.000010 0.000010 0.000010 0.999930 0.000010 0.000010
0.000010 0.000010 0.000010 0.000010 0.000010 0.999930 0.000010 0.000010
0.078703 0.000010 0.377561 0.484352 0.042275 0.000010 0.017079 0.000010
0.307019 0.000010 0.000010 0.692921 0.000010 0.000010 0.000010 0.000010
0.000010 0.175784 0.295872 0.427308 0.000010 0.000010 0.100996 0.000010
0.306793 0.000010 0.000010 0.693147 0.000010 0.000010 0.000010 0.000010
0.000010 0.000010 0.203521 0.690399 0.106031 0.000010 0.000010 0.000010
0.000010 0.000010 0.000010 0.000010 0.000010 0.952338 0.000010 0.047602
0.000010 0.066356 0.000010 0.225375 0.327422 0.000010 0.000010 0.380808
0.111128 0.066762 0.054330 0.623005 0.000010 0.000010 0.144745 0.000010
0.178025 0.113299 0.171377 0.298546 0.000010 0.000010 0.080564 0.158169
0.000010 0.078455 0.348029 0.450692 0.000010 0.000010 0.054243 0.068551
0.131967 0.000010 0.184851 0.428517 0.172164 0.000010 0.082472 0.000010
0.240477 0.040753 0.217636 0.244955 0.016257 0.047753 0.192158 0.000010
0.143922 0.000010 0.000010 0.509271 0.178946 0.000010 0.167821 0.000010
0.219373 0.000010 0.178138 0.448810 0.043132 0.018938 0.000010 0.091590
0.074586 0.103335 0.219816 0.463522 0.000010 0.000010 0.000010 0.138711
0.000010 0.000010 0.430313 0.463947 0.000010 0.000010 0.105690 0.000010
0.000010 0.036920 0.237093 0.454775 0.080898 0.000010 0.190284 0.000010
0.000010 0.236719 0.394528 0.287005 0.018424 0.000010 0.000010 0.063293
0.000010 0.081338 0.323114 0.307232 0.000010 0.000010 0.288276 0.000010
0.174452 0.000010 0.174794 0.252716 0.220170 0.000010 0.029275 0.148573
0.180069 0.000010 0.155561 0.489349 0.145155 0.000010 0.029836 0.000010
0.077451 0.000010 0.001335 0.704641 0.119259 0.000010 0.097284 0.000010
0.101581 0.000010 0.000010 0.689555 0.140152 0.000010 0.068671 0.000010
0.108812 0.051624 0.199024 0.299257 0.244251 0.040621 0.000010 0.056402
0.000010 0.137785 0.235221 0.510159 0.000010 0.000010 0.116795 0.000010
0.000010 0.000010 0.438101 0.415759 0.000010 0.000010 0.000010 0.146090
0.000010 0.000010 0.438365 0.459394 0.000010 0.000010 0.074165 0.028036
0.000010 0.028435 0.302367 0.614768 0.000010 0.000010 0.054390 0.000010
0.207496 0.028070 0.377435 0.119879 0.091851 0.000010 0.132301 0.042959
0.000010 0.000010 0.439658 0.453660 0.000010 0.000010 0.076847 0.029794
0.000010 0.000010 0.000010 0.000010 0.000010 0.972206 0.027734 0.000010
0.000010 0.000010 0.156759 0.604053 0.000010 0.007559 0.146121 0.085478
0.000010 0.000010 0.151458 0.593978 0.000010 0.016491 0.170977 0.067067
0.063657 0.136976 0.147528 0.427523 0.181254 0.000010 0.043042 0.000010
0.332404 0.015573 0.368324 0.263659 0.000010 0.020010 0.000010 0.000010
0.000010 0.000010 0.000010 0.000010 0.000010 0.999930 0.000010 0.000010
0.000010 0.000010 0.000010 0.999930 0.000010 0.000010 0.000010 0.000010
0.000010 0.000010 0.000010 0.999930 0.000010 0.000010 0.000010 0.000010
0.022755 0.000010 0.000010 0.000010 0.000010 0.977185 0.000010 0.000010
0.217916 0.080939 0.245567 0.348456 0.072106 0.018466 0.016540 0.000010
0.000010 0.000010 0.000010 0.999930 0.000010 0.000010 0.000010 0.000010
0.000010 0.000010 0.000010 0.999930 0.000010 0.000010 0.000010 0.000010
0.000010 0.000010 0.367177 0.632763 0.000010 0.000010 0.000010 0.000010
0.333629 0.000010 0.000010 0.500473 0.075989 0.000010 0.089869 0.000010
0.015399 0.000010 0.273863 0.275003 0.063900 0.000010 0.205417 0.166398
0.000010 0.000010 0.330324 0.669616 0.000010 0.000010 0.000010 0.000010
0.133588 0.000010 0.387100 0.284088 0.063056 0.000010 0.000010 0.132138
0.000010 0.076391 0.319394 0.286476 0.197259 0.000010 0.120450 0.000010
0.000010 0.053296 0.397957 0.450670 0.000010 0.000010 0.098036 0.000010
0.191225 0.128260 0.366023 0.124049 0.065326 0.000010 0.125096 0.000010
0.000010 0.000010 0.262066 0.647304 0.000010 0.000010 0.090580 0.000010
0.102320 0.168168 0.127651 0.395565 0.162559 0.000010 0.043717 0.000010
0.159020 0.000010 0.294108 0.119653 0.158965 0.000010 0.171498 0.096736
0.152848 0.261040 0.013731 0.300092 0.196957 0.000010 0.037121 0.038201
0.172099 0.033605 0.287394 0.210665 0.033958 0.000010 0.166990 0.095278
0.000010 0.000010 0.000010 0.000010 0.999930 0.000010 0.000010 0.000010
0.000010 0.000010 0.272825 0.000010 0.122575 0.000010 0.000010 0.604550
0.000010 0.000010 0.000010 0.000010 0.999930 0.000010 0.000010 0.000010
0.000010 0.000010 0.000010 0.000010 0.999930 0.000010 0.000010 0.000010
0.000010 0.112210 0.184411 0.131890 0.096564 0.000010 0.000010 0.474894
0.000010 0.000010 0.113807 0.000010 0.294146 0.000010 0.111378 0.480629
0.106610 0.092279 0.000010 0.018290 0.363742 0.000010 0.102693 0.316367
0.041914 0.175517 0.000010 0.054179 0.492446 0.003628 0.000010 0.232296
0.000010 0.065239 0.148074 0.124883 0.241924 0.000010 0.000010 0.419850
0.182510 0.000010 0.000010 0.089394 0.296925 0.017526 0.000010 0.413616
0.071078 0.153122 0.000010 0.116737 0.329027 0.000010 0.001062 0.328955
0.000010 0.000010 0.000010 0.053825 0.488848 0.000010 0.035248 0.422039
0.130878 0.000010 0.000010 0.052150 0.440454 0.000010 0.012797 0.363691
0.000010 0.000010 0.074489 0.000010 0.413511 0.000010 0.064799 0.447161
0.000010 0.000010 0.000010 0.193002 0.349921 0.000010 0.073668 0.383368
0.000010 0.002252 0.000010 0.000010 0.000010 0.997688 0.000010 0.000010
0.043343 0.000010 0.000010 0.149578 0.424999 0.060427 0.018078 0.303556
0.012180 0.033018 0.095804 0.062247 0.329377 0.000010 0.000010 0.467353
0.000010 0.000010 0.057173 0.150895 0.358129 0.000010 0.000010 0.433763
0.000010 0.000010 0.092320 0.099835 0.434053 0.000010 0.022808 0.350955
0.000010 0.000010 0.000010 0.000010 0.999930 0.000010 0.000010 0.000010
0.000010 0.138440 0.107661 0.048980 0.401029 0.000010 0.000010 0.303859
0.000010 0.000010 0.000010 0.000010 0.999930 0.000010 0.000010 0.000010
0.000010 0.000010 0.173584 0.000010 0.332996 0.003533 0.025909 0.463947
0.000010 0.000010 0.169492 0.000010 0.361291 0.016479 0.014154 0.438554
0.000010 0.183339 0.066696 0.000010 0.272397 0.000010 0.000010 0.477528
0.000010 0.000010 0.000010 0.000010 0.999930 0.000010 0.000010 0.000010
0.000010 0.000010 0.000010 0.000010 0.999930 0.000010 0.000010 0.000010
0.037653 0.143093 0.000010 0.077701 0.345078 0.000010 0.000010 0.396445
0.000010 0.060017 0.000010 0.164577 0.385385 0.000010 0.083551 0.306440
0.000010 0.000010 0.000010 0.000010 0.999930 0.000010 0.000010 0.000010
0.339595 0.277512 0.015079 0.367774 0.000010 0.000010 0.000010 0.000010
0.000010 0.000010 0.039432 0.014538 0.843705 0.051870 0.050425 0.000010
0.000010 0.000010 0.000010 0.000010 0.999930 0.000010 0.000010 0.000010
0.000010 0.169573 0.000010 0.000010 0.517215 0.000010 0.018222 0.294949
0.000010 0.000010 0.044864 0.000010 0.830745 0.048353 0.075999 0.000010
0.145748 0.109739 0.058862 0.000010 0.305595 0.000010 0.000010 0.380026
0.000010 0.000010 0.000010 0.191862 0.478942 0.000010 0.000010 0.329146
0.095652 0.000010 0.011968 0.306947 0.251886 0.000010 0.000010 0.333517
0.000010 0.011812 0.000010 0.205943 0.441348 0.000010 0.000010 0.340856
0.059582 0.000010 0.000010 0.222945 0.413378 0.000010 0.000010 0.304055
0.112081 0.000010 0.118369 0.067927 0.229416 0.000010 0.009389 0.462798
0.000010 0.039006 0.000010 0.231199 0.557675 0.005302 0.014882 0.151917
0.049313 0.028207 0.000010 0.163331 0.559156 0.009030 0.020361 0.170592
0.000010 0.075807 0.192453 0.000010 0.255241 0.000010 0.189651 0.286818
0.000010 0.096247 0.133897 0.000010 0.262049 0.000010 0.214628 0.293150
0.000010 0.000010 0.048018 0.000010 0.391673 0.000010 0.160018 0.400251
0.000010 0.000010 0.036803 0.000010 0.402474 0.000010 0.143120 0.417563
0.000010 0.000010 0.319300 0.431664 0.137941 0.039996 0.071069 0.000010
0.000010 0.000010 0.227175 0.000010 0.154690 0.000010 0.058552 0.559542
0.000010 0.000010 0.217595 0.000010 0.136989 0.000010 0.063360 0.582016
0.000010 0.000010 0.227661 0.000010 0.155366 0.000010 0.057835 0.559098
0.000010 0.128737 0.026959 0.000010 0.451506 0.000010 0.055920 0.336848
0.000010 0.169790 0.078724 0.000010 0.394372 0.000010 0.000010 0.357074
0.000010 0.076393 0.000010 0.000010 0.192893 0.000010 0.173797 0.556877
0.012447 0.000010 0.050075 0.022838 0.239487 0.000010 0.007169 0.667964
0.021226 0.000010 0.070393 0.005648 0.243771 0.000010 0.000010 0.658932
0.146288 0.000010 0.000010 0.060947 0.301301 0.008403 0.200922 0.282120
0.054903 0.000010 0.000010 0.043572 0.611346 0.000010 0.019346 0.270803
0.031995 0.142722 0.013835 0.000010 0.314994 0.000010 0.105545 0.390889
0.000010 0.000010 0.000010 0.263866 0.492605 0.000010 0.000010 0.243479
0.000010 0.000010 0.174397 0.044473 0.299198 0.000010 0.000010 0.481893
0.032095 0.025938 0.015315 0.056714 0.441241 0.000010 0.175427 0.253260
0.000010 0.000010 0.067537 0.203709 0.437999 0.000010 0.000010 0.290715
0.000010 0.000010 0.059931 0.207875 0.436821 0.000010 0.000010 0.295332
0.000010 0.000010 0.156565 0.000010 0.228630 0.000010 0.102825 0.511940
0.000010 0.000010 0.043917 0.000010 0.471650 0.000010 0.072045 0.412349
0.059259 0.006923 0.164627 0.063218 0.357378 0.000010 0.000010 0.348575
0.000010 0.000010 0.000010 0.000010 0.300015 0.000010 0.103000 0.596934
0.000010 0.000010 0.028061 0.342440 0.178710 0.000010 0.009482 0.441278
0.000010 0.000010 0.000010 0.192705 0.482565 0.006727 0.064431 0.253543
0.111623 0.181507 0.011206 0.087096 0.139341 0.017380 0.106958 0.344890
0.000010 0.000010 0.105227 0.000010 0.441763 0.000010 0.000010 0.452961
0.000010 0.000010 0.082935 0.046351 0.226467 0.052444 0.069321 0.522461
0.000010 0.000010 0.000010 0.000010 0.294850 0.000010 0.119289 0.585811
0.062313 0.012798 0.000010 0.000010 0.453688 0.000010 0.040693 0.430479
0.008330 0.028505 0.095057 0.000010 0.170931 0.000010 0.000010 0.697147
0.000010 0.234942 0.057189 0.000010 0.382852 0.000010 0.039553 0.285434
0.000010 0.124883 0.000010 0.000010 0.360020 0.000010 0.040719 0.474337
0.000010 0.131048 0.066546 0.136027 0.284153 0.000010 0.038548 0.343658
0.000010 0.231472 0.060521 0.000010 0.383396 0.000010 0.038802 0.285778
0.100637 0.044352 0.000010 0.234930 0.254327 0.048851 0.000337 0.316557
0.000010 0.219571 0.000010 0.000010 0.447630 0.000010 0.050242 0.282517
0.053154 0.000010 0.000010 0.298459 0.294593 0.043451 0.017515 0.292808
0.000010 0.000010 0.116039 0.061125 0.346097 0.017195 0.156127 0.303397
0.000010 0.000010 0.124352 0.000010 0.318273 0.049360 0.050358 0.457628
0.000010 0.000010 0.200913 0.046747 0.391796 0.000010 0.000010 0.360504
0.000010 0.000010 0.182176 0.000010 0.228450 0.002934 0.000010 0.586401
0.000010 0.000010 0.000010 0.000010 0.000010 0.999930 0.000010 0.000010
0.000010 0.000010 0.074999 0.158840 0.192998 0.000010 0.046221 0.526912
0.000010 0.000010 0.085070 0.054444 0.573512 0.000010 0.000010 0.286934
0.000010 0.035315 0.041336 0.000010 0.347740 0.000010 0.080259 0.495320
0.007148 0.089017 0.025297 0.000010 0.409860 0.031280 0.129861 0.307527
0.121706 0.000010 0.119337 0.043481 0.257802 0.000010 0.000010 0.457644
0.054930 0.031563 0.000010 0.038465 0.506314 0.000010 0.035460 0.333247
0.061107 0.000010 0.163566 0.000010 0.293210 0.024689 0.004377 0.453029
0.000010 0.000010 0.000010 0.006301 0.498449 0.000010 0.248989 0.246221
0.000010 0.000010 0.000010 0.019174 0.465054 0.000010 0.242269 0.273463
0.000010 0.000010 0.079401 0.043236 0.133518 0.000010 0.184040 0.559775
0.052636 0.000010 0.173346 0.068723 0.376331 0.000010 0.000010 0.328935
0.126481 0.000010 0.107581 0.000010 0.338391 0.008198 0.062733 0.356595
0.030585 0.117589 0.000010 0.014176 0.619239 0.000010 0.000010 0.218382
0.122665 0.018180 0.000010 0.198928 0.176520 0.000010 0.000010 0.483677
0.000010 0.000010 0.077740 0.000010 0.637493 0.000010 0.000010 0.284717
0.000010 0.000010 0.168551 0.690192 0.118732 0.000010 0.022485 0.000010
0.000010 0.999930 0.000010 0.000010 0.000010 0.000010 0.000010 0.000010
0.140739 0.745278 0.000010 0.000010 0.000010 0.000010 0.000010 0.113933
0.000010 0.999930 0.000010 0.000010 0.000010 0.000010 0.000010 0.000010
0.000010 0.999930 0.000010 0.000010 0.000010 0.000010 0.000010 0.000010
0.083939 0.651784 0.000010 0.021470 0.009516 0.000010 0.000010 0.233260
0.226565 0.241332 0.165832 0.126873 0.053899 0.000010 0.000010 0.185480
0.100684 0.811948 0.000010 0.000010 0.000010 0.000010 0.087318 0.000010
0.059033 0.811326 0.000010 0.000010 0.000010 0.000010 0.129592 0.000010
0.170824 0.824221 0.004905 0.000010 0.000010 0.000010 0.000010 0.000010
0.117294 0.677058 0.000010 0.000010 0.000010 0.000010 0.000010 0.205598
0.119444 0.716965 0.079479 0.000010 0.000010 0.048503 0.000010 0.035580
0.132474 0.655310 0.000010 0.000010 0.000010 0.000010 0.000010 0.212165
0.106688 0.749559 0.045558 0.000010 0.000010 0.055138 0.000010 0.043027
0.125995 0.671800 0.000010 0.000010 0.000010 0.001737 0.000010 0.200429
0.146636 0.408073 0.238026 0.073591 0.096210 0.000010 0.037444 0.000010
0.072530 0.518598 0.008334 0.067111 0.150838 0.000010 0.109556 0.073023
0.000010 0.848633 0.008850 0.142467 0.000010 0.000010 0.000010 0.000010
0.000010 0.771923 0.000010 0.072832 0.155195 0.000010 0.000010 0.000010
0.000010 0.861183 0.000010 0.000010 0.000010 0.000010 0.138757 0.000010
0.000010 0.758335 0.000010 0.086960 0.145781 0.000010 0.008884 0.000010
0.052442 0.578634 0.000010 0.076456 0.000010 0.000010 0.102298 0.190141
0.000010 0.717906 0.178595 0.000010 0.000010 0.000010 0.000010 0.103449
0.007118 0.874828 0.000010 0.000010 0.000010 0.000010 0.118003 0.000010
0.000010 0.000010 0.000010 0.000010 0.000010 0.999930 0.000010 0.000010
0.000010 0.853522 0.047893 0.000010 0.098535 0.000010 0.000010 0.000010
0.000010 0.846767 0.000010 0.000010 0.000010 0.000010 0.117067 0.036115
0.000010 0.820182 0.064481 0.000010 0.115287 0.000010 0.000010 0.000010
0.000010 0.825052 0.000010 0.017631 0.000010 0.000010 0.151974 0.005303
0.000010 0.657196 0.000010 0.000010 0.000010 0.000010 0.179346 0.163408
0.000010 0.684206 0.195923 0.000010 0.026312 0.000010 0.000010 0.093519
0.072903 0.337625 0.000010 0.270800 0.318633 0.000010 0.000010 0.000010
0.000010 0.623352 0.189726 0.000010 0.000010 0.000010 0.092771 0.094110
0.071229 0.622498 0.000010 0.041005 0.133961 0.000010 0.131276 0.000010
0.000010 0.808156 0.191784 0.000010 0.000010 0.000010 0.000010 0.000010
0.000010 0.631913 0.072704 0.000010 0.000010 0.000010 0.100792 0.194552
0.000010 0.802857 0.197083 0.000010 0.000010 0.000010 0.000010 0.000010
0.000018 0.645456 0.066935 0.000010 0.000010 0.000010 0.098973 0.188589
0.000010 0.583143 0.062805 0.049800 0.076396 0.000010 0.098138 0.129698
0.000010 0.846826 0.000010 0.000010 0.000010 0.000010 0.153114 0.000010
0.000010 0.999930 0.000010 0.000010 0.000010 0.000010 0.000010 0.000010
0.000010 0.999930 0.000010 0.000010 0.000010 0.000010 0.000010 0.000010
0.000010 0.825471 0.000010 0.174469 0.000010 0.000010 0.000010 0.000010
0.134258 0.418562 0.105469 0.000010 0.341671 0.000010 0.000010 0.000010
0.000010 0.806157 0.000010 0.000010 0.185709 0.008084 0.000010 0.000010
0.000010 0.900256 0.000010 0.000010 0.093534 0.006161 0.000010 0.000010
0.000010 0.897736 0.000010 0.000010 0.096017 0.006197 0.000010 0.000010
0.000010 0.840660 0.000010 0.044469 0.000010 0.000010 0.000010 0.114821
0.000010 0.820137 0.000010 0.179803 0.000010 0.000010 0.000010 0.000010
0.000010 0.827122 0.000010 0.172818 0.000010 0.000010 0.000010 0.000010
0.000010 0.631792 0.030909 0.179176 0.158083 0.000010 0.000010 0.000010
0.000010 0.668562 0.095923 0.136674 0.000010 0.000012 0.098799 0.000010
0.000010 0.000010 0.000010 0.000010 0.000010 0.999930 0.000010 0.000010
0.035125 0.817886 0.000010 0.000010 0.134192 0.000010 0.012758 0.000010
0.000010 0.784460 0.065330 0.000010 0.022590 0.000010 0.127580 0.000010
0.000010 0.895747 0.000010 0.000010 0.101000 0.003203 0.000010 0.000010
0.000010 0.000010 0.000010 0.000010 0.000010 0.999930 0.000010 0.000010
0.151814 0.515198 0.073061 0.069861 0.000010 0.000010 0.095813 0.094232
0.000010 0.697105 0.000010 0.193801 0.000010 0.000010 0.077422 0.031631
0.000010 0.797443 0.000010 0.202497 0.000010 0.000010 0.000010 0.000010
0.123441 0.718880 0.000010 0.000010 0.000010 0.000010 0.091746 0.065893
0.129847 0.616943 0.003525 0.017601 0.000010 0.000010 0.160677 0.071386
0.093410 0.483850 0.037642 0.255477 0.078906 0.000010 0.001255 0.049451
0.071412 0.627322 0.000010 0.000010 0.000010 0.068819 0.051310 0.181107
0.000010 0.875622 0.040922 0.000010 0.000010 0.000010 0.000010 0.083407
0.000010 0.000010 0.000010 0.000010 0.035922 0.964018 0.000010 0.000010
0.000010 0.858020 0.065024 0.000010 0.000010 0.000010 0.000010 0.076906
0.000010 0.570261 0.045244 0.121803 0.034676 0.000010 0.129990 0.098005
0.000010 0.792437 0.000014 0.000010 0.034464 0.000010 0.064431 0.108624
0.000010 0.805644 0.000010 0.000010 0.101349 0.000010 0.080099 0.012868
0.000010 0.833039 0.000010 0.000010 0.000010 0.000010 0.081521 0.085390
0.000010 0.841208 0.000010 0.000010 0.000010 0.000010 0.088751 0.069991
0.000010 0.000010 0.000010 0.000010 0.000010 0.999930 0.000010 0.000010
0.000010 0.000010 0.000010 0.000010 0.000010 0.999930 0.000010 0.000010
0.000010 0.000010 0.202034 0.687633 0.110282 0.000010 0.000010 0.000010
0.000010 0.000010 0.000010 0.000010 0.999930 0.000010 0.000010 0.000010
0.000010 0.000010 0.000010 0.000010 0.000010 0.999930 0.000010 0.000010
