0.590601 0.027843 0.000010 0.381546
0.757322 0.066265 0.000010 0.176402
0.999970 0.000010 0.000010 0.000010
0.999970 0.000010 0.000010 0.000010
0.999970 0.000010 0.000010 0.000010
0.999970 0.000010 0.000010 0.000010
0.999970 0.000010 0.000010 0.000010
0.641777 0.000010 0.000010 0.358203
0.833515 0.000010 0.000010 0.166465
0.833155 0.000010 0.000010 0.166825
0.614172 0.010962 0.115536 0.259330
0.913347 0.000010 0.000010 0.086633
0.916379 0.000010 0.000010 0.083601
0.536548 0.000010 0.000010 0.463432
0.512851 0.000010 0.000010 0.487129
0.510462 0.000010 0.000010 0.489518
0.528504 0.000010 0.000010 0.471476
0.714939 0.000010 0.060171 0.224880
0.698203 0.000010 0.047235 0.254552
0.518411 0.000010 0.000010 0.481569
0.528167 0.000010 0.000010 0.471813
0.619143 0.034423 0.000010 0.346424
0.620923 0.040334 0.000010 0.338733
0.644258 0.036429 0.004929 0.314384
0.831269 0.000010 0.000010 0.168711
0.802856 0.000010 0.000010 0.197124
0.671369 0.002793 0.135526 0.190311
0.614293 0.000010 0.000010 0.385687
0.620958 0.000010 0.046890 0.332142
0.999970 0.000010 0.000010 0.000010
0.999970 0.000010 0.000010 0.000010
0.763531 0.000010 0.000010 0.236449
0.999970 0.000010 0.000010 0.000010
0.577597 0.003633 0.191988 0.226782
0.851703 0.000010 0.002211 0.146076
0.614053 0.000010 0.000010 0.385927
0.999970 0.000010 0.000010 0.000010
0.999970 0.000010 0.000010 0.000010
0.722684 0.000010 0.000010 0.277296
0.675058 0.000010 0.000010 0.324922
0.667648 0.000010 0.000010 0.332332
0.637040 0.035556 0.043926 0.283478
0.999970 0.000010 0.000010 0.000010
0.561909 0.000010 0.090095 0.347986
0.983476 0.016504 0.000010 0.000010
0.999970 0.000010 0.000010 0.000010
0.545003 0.000010 0.000010 0.454977
0.134675 0.021405 0.831732 0.012188
0.000010 0.000010 0.000010 0.999970
0.000010 0.000010 0.000010 0.999970
0.542050 0.000010 0.128515 0.329425
0.747025 0.005134 0.000010 0.247830
0.759411 0.004735 0.000010 0.235844
0.748253 0.006615 0.000010 0.245122
0.749260 0.007198 0.000010 0.243532
0.000010 0.000010 0.000010 0.999970
0.000010 0.000010 0.000010 0.999970
0.439219 0.000010 0.000010 0.560761
0.605022 0.000010 0.000010 0.394958
0.470651 0.000010 0.000010 0.529329
0.466703 0.000010 0.000010 0.533277
0.000010 0.000010 0.000010 0.999970
0.000010 0.023775 0.000010 0.976205
0.000010 0.000010 0.000010 0.999970
0.000010 0.000010 0.000010 0.999970
0.000010 0.000010 0.000010 0.999970
0.000010 0.000010 0.000010 0.999970
0.000010 0.000010 0.000010 0.999970
0.351791 0.000010 0.346133 0.302066
0.000010 0.000010 0.000010 0.999970
0.000010 0.000010 0.000010 0.999970
0.000010 0.000010 0.000010 0.999970
0.000010 0.000010 0.000010 0.999970
0.891629 0.020160 0.000010 0.088201
0.564232 0.000010 0.005772 0.429986
0.439496 0.019111 0.000010 0.541384
0.999970 0.000010 0.000010 0.000010
0.999970 0.000010 0.000010 0.000010
0.999970 0.000010 0.000010 0.000010
0.999970 0.000010 0.000010 0.000010
0.999970 0.000010 0.000010 0.000010
0.999970 0.000010 0.000010 0.000010
0.401464 0.020580 0.000010 0.577947
0.410990 0.020096 0.000010 0.568904
0.742577 0.000010 0.089044 0.168369
0.740975 0.000010 0.115132 0.143883
0.337742 0.000010 0.000010 0.662238
0.310047 0.000010 0.000010 0.689933
0.336396 0.000010 0.000010 0.663584
0.347762 0.000010 0.000010 0.652218
0.335993 0.000010 0.000010 0.663987
0.000010 0.999970 0.000010 0.000010
0.914837 0.063921 0.021232 0.000010
0.920367 0.067283 0.012340 0.000010
0.828939 0.000010 0.000010 0.171041
0.320337 0.000010 0.145217 0.534436
0.352005 0.000010 0.126540 0.521445
0.601419 0.002294 0.074234 0.322053
0.822349 0.000010 0.024055 0.153586
0.000010 0.999970 0.000010 0.000010
0.573688 0.000010 0.033641 0.392660
0.158326 0.000010 0.190967 0.650697
0.102464 0.000010 0.213224 0.684302
0.145657 0.000010 0.199134 0.655199
0.023319 0.976661 0.000010 0.000010
0.752307 0.000010 0.000010 0.247673
0.000010 0.974473 0.025507 0.000010
0.813960 0.000010 0.000010 0.186020
0.000010 0.999970 0.000010 0.000010
0.000010 0.999970 0.000010 0.000010
0.999970 0.000010 0.000010 0.000010
0.983725 0.016255 0.000010 0.000010
0.000010 0.999970 0.000010 0.000010
0.000010 0.999970 0.000010 0.000010
0.000010 0.020586 0.000010 0.979394
0.000010 0.011345 0.000010 0.988635
0.000010 0.999970 0.000010 0.000010
0.000010 0.018645 0.000010 0.981335
0.000010 0.015494 0.000010 0.984486
0.000010 0.016379 0.000010 0.983601
0.000010 0.000010 0.000010 0.999970
0.000010 0.000010 0.000010 0.999970
0.000010 0.000010 0.000010 0.999970
0.000010 0.000010 0.000010 0.999970
0.999970 0.000010 0.000010 0.000010
0.999970 0.000010 0.000010 0.000010
0.999970 0.000010 0.000010 0.000010
0.999970 0.000010 0.000010 0.000010
0.999970 0.000010 0.000010 0.000010
0.999970 0.000010 0.000010 0.000010
0.393950 0.000010 0.000010 0.606030
0.352351 0.000010 0.000010 0.647629
0.390027 0.000010 0.000010 0.609953
0.673353 0.000010 0.000010 0.326627
0.644949 0.000010 0.000010 0.355031
0.023213 0.000010 0.976767 0.000010
0.089348 0.000010 0.842698 0.067944
0.035690 0.000010 0.964290 0.000010
0.125060 0.000010 0.874920 0.000010
0.000010 0.000010 0.886871 0.113109
0.000010 0.000010 0.865990 0.133990
0.000010 0.000010 0.863064 0.136916
0.000010 0.017752 0.917652 0.064587
0.000010 0.000010 0.999970 0.000010
0.000010 0.000010 0.999970 0.000010
0.000010 0.030403 0.768881 0.200705
0.000010 0.999970 0.000010 0.000010
0.000010 0.000010 0.999970 0.000010
0.000010 0.005341 0.868102 0.126547
0.142874 0.000010 0.857106 0.000010
0.161890 0.000010 0.838090 0.000010
0.140740 0.000010 0.859240 0.000010
0.000010 0.000010 0.916318 0.083662
0.154652 0.000010 0.845328 0.000010
0.000010 0.000010 0.914295 0.085685
0.000010 0.000010 0.999970 0.000010
0.000010 0.000010 0.999970 0.000010
0.000010 0.000010 0.999970 0.000010
0.000010 0.016310 0.983670 0.000010
0.000010 0.018105 0.981875 0.000010
0.000010 0.015464 0.984516 0.000010
0.593558 0.000010 0.260189 0.146243
0.088800 0.000010 0.807627 0.103563
0.000010 0.999970 0.000010 0.000010
0.073475 0.020160 0.814586 0.091780
0.000010 0.003075 0.932016 0.064899
0.068095 0.016731 0.827159 0.088015
0.041723 0.000010 0.802790 0.155477
0.000010 0.000010 0.999970 0.000010
0.000010 0.000010 0.999970 0.000010
0.000010 0.000010 0.999970 0.000010
0.000010 0.000010 0.999970 0.000010
0.286872 0.000010 0.713108 0.000010
0.248740 0.000010 0.751240 0.000010
0.043851 0.025545 0.908989 0.021614
0.000010 0.999970 0.000010 0.000010
0.075727 0.000010 0.924253 0.000010
0.000010 0.999970 0.000010 0.000010
0.113795 0.001418 0.817579 0.067209
0.000010 0.999970 0.000010 0.000010
0.011784 0.002899 0.865823 0.119494
0.022289 0.000010 0.871106 0.106595
0.164712 0.000010 0.835268 0.000010
0.000010 0.000010 0.999970 0.000010
0.000010 0.000010 0.999970 0.000010
0.000010 0.000010 0.999970 0.000010
0.000010 0.000010 0.999970 0.000010
0.000010 0.000010 0.999970 0.000010
0.000010 0.999970 0.000010 0.000010
0.000010 0.999970 0.000010 0.000010
0.000010 0.999970 0.000010 0.000010
0.000010 0.999970 0.000010 0.000010
0.000010 0.999970 0.000010 0.000010
0.000010 0.999970 0.000010 0.000010
0.000010 0.999970 0.000010 0.000010
0.191490 0.000010 0.788815 0.019686
0.044544 0.000010 0.886697 0.068748
0.340305 0.000010 0.161535 0.498150
0.000010 0.014773 0.307250 0.677967
0.030419 0.000010 0.326308 0.643263
0.016347 0.002327 0.302013 0.679314
0.008030 0.059048 0.272744 0.660178
0.202772 0.000010 0.389798 0.407421
0.000010 0.000010 0.999970 0.000010
0.000010 0.999970 0.000010 0.000010
0.064388 0.000010 0.935592 0.000010
0.000010 0.000010 0.999970 0.000010
0.000010 0.000010 0.999970 0.000010
0.000010 0.000010 0.999970 0.000010
0.000010 0.999970 0.000010 0.000010
0.000010 0.000010 0.999970 0.000010
0.101826 0.000010 0.898154 0.000010
0.083204 0.000010 0.913211 0.003574
0.000010 0.000010 0.894127 0.105853
0.000010 0.000010 0.941899 0.058081
0.000010 0.000010 0.999970 0.000010
0.000010 0.000010 0.999970 0.000010
0.019947 0.018892 0.961150 0.000010
0.000010 0.000010 0.999970 0.000010
0.000010 0.000010 0.999970 0.000010
0.000010 0.000010 0.865687 0.134293
0.000010 0.999970 0.000010 0.000010
0.000010 0.000010 0.999970 0.000010
0.000010 0.000010 0.999970 0.000010
0.288657 0.026183 0.685150 0.000010
0.000010 0.000010 0.999970 0.000010
0.000010 0.000010 0.999970 0.000010
0.000010 0.000010 0.999970 0.000010
0.000010 0.000015 0.999965 0.000010
0.000010 0.000010 0.972076 0.027904
0.000010 0.000010 0.999970 0.000010
0.000010 0.000010 0.999970 0.000010
0.000010 0.000010 0.999970 0.000010
0.000010 0.000010 0.999970 0.000010
0.000010 0.021708 0.847127 0.131155
0.121787 0.000010 0.828098 0.050104
0.000010 0.008927 0.983693 0.007370
0.000010 0.010004 0.989976 0.000010
0.000010 0.010490 0.984437 0.005063
0.000010 0.000010 0.999970 0.000010
0.000010 0.000010 0.999970 0.000010
0.127612 0.000010 0.872368 0.000010
0.134536 0.000010 0.865444 0.000010
0.235547 0.045110 0.719333 0.000010
0.246852 0.047679 0.705459 0.000010
0.066531 0.000010 0.933449 0.000010
0.000010 0.000010 0.813900 0.186080
0.000010 0.000010 0.800655 0.199325
0.034372 0.000010 0.965608 0.000010
0.099874 0.000010 0.900106 0.000010
0.180739 0.070361 0.583861 0.165038
0.000010 0.000010 0.749977 0.250003
0.062521 0.000010 0.937459 0.000010
0.257969 0.054908 0.602402 0.084721
0.000010 0.000010 0.838635 0.161345
0.000010 0.000010 0.768563 0.231417
0.000010 0.000010 0.796447 0.203533
0.000010 0.000010 0.856389 0.143591
0.000010 0.000010 0.792154 0.207826
0.082367 0.000010 0.884414 0.033209
0.000010 0.999970 0.000010 0.000010
0.000010 0.999970 0.000010 0.000010
0.000010 0.999970 0.000010 0.000010
0.114336 0.014713 0.773826 0.097126
0.000010 0.999970 0.000010 0.000010
0.000010 0.000018 0.999962 0.000010
0.055971 0.000010 0.944009 0.000010
0.000010 0.999970 0.000010 0.000010
0.000010 0.999970 0.000010 0.000010
0.000010 0.999970 0.000010 0.000010
0.205575 0.000010 0.794405 0.000010
0.000010 0.999970 0.000010 0.000010
0.999970 0.000010 0.000010 0.000010
0.000010 0.999970 0.000010 0.000010
0.000010 0.999970 0.000010 0.000010
0.000010 0.999970 0.000010 0.000010
0.999970 0.000010 0.000010 0.000010
0.999970 0.000010 0.000010 0.000010
0.774379 0.000010 0.000010 0.225601
0.999970 0.000010 0.000010 0.000010
0.894160 0.000010 0.105820 0.000010
0.000010 0.998614 0.001366 0.000010
0.243669 0.000010 0.756311 0.000010
0.887064 0.000010 0.033647 0.079279
0.596416 0.000010 0.224734 0.178840
0.706256 0.000010 0.087411 0.206323
0.813006 0.000010 0.180119 0.006865
0.599223 0.047999 0.008404 0.344374
0.894508 0.000010 0.105472 0.000010
0.840741 0.020027 0.139222 0.000010
0.766082 0.008625 0.124832 0.100461
0.741515 0.000010 0.001445 0.257030
0.886968 0.000010 0.000010 0.113012
0.610351 0.000010 0.144612 0.245027
0.757050 0.000010 0.000010 0.242930
0.632113 0.000010 0.345052 0.022825
0.863735 0.000010 0.049182 0.087073
0.999970 0.000010 0.000010 0.000010
0.999970 0.000010 0.000010 0.000010
0.444983 0.027942 0.351244 0.175831
0.848133 0.000010 0.007836 0.144021
0.609250 0.000010 0.180957 0.209783
0.999970 0.000010 0.000010 0.000010
0.992117 0.007863 0.000010 0.000010
0.747619 0.000010 0.151989 0.100383
0.999964 0.000010 0.000016 0.000010
0.031611 0.968369 0.000010 0.000010
0.980419 0.019561 0.000010 0.000010
0.973247 0.026733 0.000010 0.000010
0.599924 0.000010 0.248931 0.151135
0.985865 0.014115 0.000010 0.000010
0.000010 0.999970 0.000010 0.000010
0.999970 0.000010 0.000010 0.000010
0.999970 0.000010 0.000010 0.000010
0.000010 0.978231 0.000010 0.021749
0.805766 0.017396 0.000010 0.176828
0.999970 0.000010 0.000010 0.000010
0.999970 0.000010 0.000010 0.000010
0.999970 0.000010 0.000010 0.000010
0.860898 0.000010 0.113407 0.025685
0.608982 0.000010 0.221053 0.169955
0.999970 0.000010 0.000010 0.000010
0.574275 0.000010 0.206507 0.219208
0.673584 0.000010 0.326396 0.000010
0.901828 0.000010 0.000010 0.098152
0.696422 0.000010 0.030396 0.273171
0.999970 0.000010 0.000010 0.000010
0.607027 0.000010 0.158395 0.234568
0.610279 0.000010 0.224882 0.164829
0.407730 0.003200 0.271596 0.317474
0.583205 0.000010 0.139359 0.277426
0.070687 0.000010 0.929293 0.000010
0.125653 0.000010 0.874327 0.000010
0.094001 0.000010 0.905979 0.000010
0.118932 0.000010 0.881048 0.000010
0.239827 0.000010 0.678686 0.081477
0.052407 0.000010 0.947573 0.000010
0.000010 0.000010 0.779622 0.220358
0.008454 0.020164 0.812283 0.159099
0.203497 0.000010 0.796483 0.000010
0.139371 0.038685 0.792466 0.029478
0.087050 0.000010 0.781160 0.131780
0.017651 0.000010 0.982329 0.000010
0.126727 0.012811 0.860452 0.000010
0.066718 0.000010 0.933262 0.000010
0.125616 0.000010 0.874364 0.000010
0.000010 0.999970 0.000010 0.000010
0.158163 0.066704 0.775123 0.000010
0.113233 0.000010 0.886747 0.000010
0.063174 0.000010 0.936806 0.000010
0.087516 0.000010 0.912464 0.000010
0.000010 0.000010 0.999970 0.000010
0.160088 0.000010 0.815847 0.024055
0.000010 0.000010 0.999970 0.000010
0.026949 0.012319 0.960722 0.000010
0.037143 0.023156 0.939691 0.000010
0.000010 0.000010 0.892289 0.107691
0.000010 0.000010 0.999970 0.000010
0.000010 0.000010 0.999970 0.000010
0.006766 0.015351 0.864357 0.113526
0.042362 0.000010 0.942328 0.015300
0.000010 0.000010 0.999970 0.000010
0.584217 0.000010 0.000010 0.415763
0.064293 0.015849 0.919847 0.000010
0.000010 0.000010 0.999970 0.000010
0.000010 0.000010 0.991008 0.008972
0.113041 0.009173 0.877776 0.000010
0.000010 0.000010 0.764647 0.235333
0.000010 0.000010 0.999970 0.000010
0.336133 0.000010 0.663847 0.000010
0.000010 0.000010 0.999970 0.000010
0.100818 0.022624 0.876548 0.000010
0.288305 0.000010 0.711675 0.000010
0.191434 0.024957 0.783598 0.000010
0.129436 0.013601 0.799892 0.057071
0.357695 0.000010 0.641240 0.001055
0.247392 0.000010 0.715105 0.037493
0.065321 0.000010 0.934659 0.000010
0.056862 0.000010 0.943118 0.000010
0.857084 0.038183 0.104723 0.000010
0.175041 0.000010 0.824939 0.000010
0.163962 0.000010 0.836018 0.000010
0.175931 0.000010 0.824049 0.000010
0.000010 0.000010 0.887217 0.112763
0.000010 0.000010 0.900933 0.099047
0.000010 0.000010 0.938339 0.061641
0.053646 0.000010 0.946334 0.000010
0.041530 0.000010 0.958450 0.000010
0.277966 0.000010 0.684951 0.037072
0.012645 0.000010 0.918830 0.068514
0.000010 0.000010 0.824214 0.175766
0.201500 0.000010 0.798480 0.000010
0.116112 0.000010 0.883868 0.000010
0.055175 0.000010 0.764197 0.180619
0.221385 0.000010 0.778595 0.000010
0.218762 0.000010 0.781218 0.000010
0.000010 0.000010 0.863533 0.136447
0.000010 0.000010 0.999970 0.000010
0.208772 0.000010 0.772610 0.018608
0.000010 0.000010 0.999970 0.000010
0.250961 0.000010 0.749019 0.000010
0.194344 0.008768 0.796878 0.000010
0.161302 0.030326 0.567202 0.241170
0.000010 0.000010 0.999970 0.000010
0.009647 0.057599 0.843385 0.089369
0.000010 0.000010 0.999970 0.000010
0.000010 0.000010 0.963817 0.036163
0.000010 0.017090 0.918556 0.064344
0.000010 0.000010 0.826302 0.173678
0.000010 0.000010 0.915476 0.084504
0.178413 0.000010 0.715028 0.106550
0.000010 0.000010 0.828208 0.171772
0.140159 0.072236 0.647177 0.140427
0.000010 0.000010 0.866154 0.133826
0.254721 0.065827 0.666729 0.012723
0.257271 0.025010 0.717709 0.000010
0.000010 0.059560 0.940420 0.000010
0.186240 0.000010 0.813740 0.000010
0.057130 0.023046 0.864561 0.055263
0.000010 0.999970 0.000010 0.000010
0.176460 0.000010 0.823520 0.000010
0.098216 0.000010 0.901764 0.000010
0.071611 0.000010 0.928369 0.000010
0.000010 0.028627 0.816362 0.155001
0.249966 0.001906 0.748118 0.000010
0.147548 0.000010 0.852432 0.000010
0.143567 0.021534 0.834888 0.000010
0.022748 0.000010 0.977232 0.000010
0.039199 0.000010 0.960781 0.000010
0.179234 0.000010 0.820746 0.000010
0.273020 0.000010 0.726960 0.000010
0.000010 0.030114 0.781723 0.188154
0.000020 0.000010 0.887408 0.112562
0.232877 0.000010 0.767103 0.000010
0.044629 0.000010 0.955351 0.000010
0.886205 0.000010 0.113775 0.000010
0.000010 0.000010 0.082848 0.917132
0.000010 0.000010 0.211680 0.788300
0.000010 0.000010 0.093253 0.906727
0.000010 0.000010 0.088876 0.911104
0.009357 0.000010 0.324431 0.666202
0.270699 0.000010 0.275253 0.454038
0.040775 0.000010 0.000010 0.959205
0.039598 0.000010 0.000010 0.960382
0.000010 0.000010 0.000010 0.999970
0.063415 0.034822 0.306958 0.594805
0.185763 0.048189 0.000010 0.766038
0.073471 0.035936 0.300800 0.589793
0.178647 0.051115 0.000010 0.770229
0.000010 0.047474 0.326106 0.626410
0.206138 0.000010 0.121448 0.672404
0.108712 0.000010 0.189255 0.702023
0.181019 0.000010 0.074461 0.744510
0.000010 0.000010 0.224123 0.775857
0.000010 0.000010 0.085248 0.914732
0.000010 0.000010 0.220634 0.779346
0.000010 0.000010 0.275125 0.724855
0.106847 0.007667 0.125178 0.760308
0.000010 0.000010 0.083605 0.916375
0.000010 0.999970 0.000010 0.000010
0.000010 0.000010 0.136892 0.863088
0.022106 0.000010 0.069271 0.908614
0.019615 0.000010 0.161592 0.818783
0.079023 0.000010 0.000010 0.920957
0.000010 0.000010 0.243514 0.756466
0.000010 0.022119 0.216703 0.761167
0.356013 0.000010 0.302989 0.340988
0.000010 0.000010 0.146774 0.853206
0.031038 0.021517 0.117994 0.829451
0.000010 0.000010 0.000010 0.999970
0.246906 0.000010 0.217372 0.535712
0.000010 0.000010 0.000010 0.999970
0.232315 0.000010 0.208038 0.559637
0.033922 0.000010 0.264994 0.701073
0.000010 0.000010 0.104929 0.895051
0.000010 0.013869 0.000010 0.986111
0.000010 0.022709 0.000010 0.977271
0.189218 0.000010 0.122451 0.688322
0.236339 0.000010 0.290681 0.472970
0.000010 0.000010 0.222473 0.777507
0.000010 0.035724 0.276543 0.687722
0.000010 0.035685 0.282784 0.681521
0.000010 0.015308 0.180859 0.803823
0.189526 0.000010 0.136618 0.673846
0.169993 0.000010 0.087264 0.742733
0.239001 0.000010 0.212567 0.548423
0.286811 0.000010 0.011683 0.701496
0.000010 0.999970 0.000010 0.000010
0.000010 0.000010 0.109202 0.890778
0.000010 0.000010 0.187556 0.812424
0.000010 0.030618 0.290118 0.679254
0.000010 0.999970 0.000010 0.000010
0.113354 0.000010 0.175748 0.710888
0.080858 0.016422 0.197202 0.705518
0.168764 0.000010 0.166580 0.664646
0.046061 0.000010 0.045861 0.908068
0.030981 0.000010 0.132595 0.836415
0.237995 0.001617 0.233067 0.527320
0.000010 0.071811 0.210559 0.717620
0.000010 0.000010 0.134533 0.865447
0.000010 0.963016 0.036964 0.000010
0.000010 0.000010 0.129703 0.870277
0.217001 0.013053 0.234702 0.535244
0.000010 0.000010 0.222151 0.777829
0.000010 0.000010 0.170900 0.829080
0.000010 0.000010 0.095323 0.904657
0.000010 0.000010 0.080347 0.919633
0.000010 0.999970 0.000010 0.000010
0.000010 0.999970 0.000010 0.000010
0.890354 0.000010 0.109626 0.000010
0.094967 0.000010 0.905013 0.000010
0.000010 0.999970 0.000010 0.000010
