0.027868 0.000010 0.061889 0.000010 0.204995 0.104520 0.000010 0.559369 0.041328
0.000010 0.000010 0.034369 0.000010 0.000010 0.000010 0.000010 0.857826 0.107745
0.000010 0.000010 0.000010 0.000010 0.000010 0.000010 0.000010 0.999920 0.000010
0.000010 0.000010 0.000010 0.000010 0.000010 0.000010 0.000010 0.999920 0.000010
0.000010 0.000010 0.014018 0.000010 0.000010 0.000010 0.000010 0.985912 0.000010
0.000010 0.000010 0.000010 0.000010 0.000010 0.000010 0.000010 0.999920 0.000010
0.000010 0.000010 0.000010 0.000010 0.000010 0.000010 0.000655 0.999275 0.000010
0.010068 0.022542 0.000010 0.000010 0.000010 0.199891 0.000010 0.725060 0.042399
0.000010 0.052918 0.000010 0.000010 0.000010 0.000010 0.000010 0.894794 0.052228
0.000010 0.047487 0.000010 0.000010 0.000010 0.000010 0.000010 0.900540 0.051913
0.015796 0.000010 0.000010 0.000010 0.069898 0.043017 0.144024 0.674093 0.053143
0.000010 0.000010 0.000010 0.000010 0.000010 0.000010 0.000010 0.779287 0.220643
0.000010 0.000010 0.000010 0.000010 0.000010 0.000010 0.000010 0.783892 0.216038
0.000010 0.000010 0.000010 0.000010 0.000010 0.000010 0.000010 0.000010 0.999920
0.000010 0.000010 0.000010 0.000010 0.000010 0.000010 0.000010 0.000010 0.999920
0.000010 0.000010 0.000010 0.000010 0.000010 0.000010 0.000010 0.000010 0.999920
0.000010 0.000010 0.000010 0.000010 0.000010 0.000010 0.000010 0.000010 0.999920
0.000010 0.000010 0.000010 0.000010 0.000010 0.263753 0.000010 0.736177 0.000010
0.000010 0.000010 0.000010 0.000010 0.062501 0.165340 0.012552 0.759557 0.000010
0.000010 0.000010 0.000010 0.000010 0.000010 0.000010 0.000010 0.000010 0.999920
0.000010 0.000010 0.000010 0.000010 0.000010 0.000010 0.000010 0.000010 0.999920
0.336105 0.000010 0.000010 0.000010 0.034346 0.000010 0.002937 0.592416 0.034156
0.008512 0.000010 0.000010 0.000010 0.000010 0.000010 0.011236 0.872701 0.107501
0.000010 0.000010 0.000010 0.000010 0.057312 0.000010 0.000010 0.837066 0.105562
0.000010 0.046988 0.000010 0.000010 0.000010 0.000010 0.000010 0.899168 0.053784
0.000010 0.000010 0.000010 0.000010 0.160385 0.234113 0.000010 0.605442 0.000010
0.000010 0.147966 0.000010 0.000010 0.103983 0.024102 0.039598 0.625305 0.059016
0.000010 0.000010 0.126648 0.000010 0.000010 0.016472 0.000010 0.705823 0.151008
0.000010 0.000010 0.000010 0.000010 0.107571 0.034365 0.000010 0.858004 0.000010
0.000010 0.000010 0.000010 0.000010 0.000010 0.000010 0.000010 0.999920 0.000010
0.000010 0.000010 0.000010 0.000010 0.000010 0.000010 0.000010 0.999920 0.000010
0.063097 0.000010 0.000010 0.009017 0.000010 0.000010 0.000010 0.817996 0.109840
0.000010 0.000010 0.000010 0.000010 0.000010 0.000010 0.000010 0.999920 0.000010
0.000010 0.000010 0.000010 0.000010 0.026131 0.150493 0.167790 0.655536 0.000010
0.000010 0.000010 0.042988 0.001711 0.122492 0.130449 0.000010 0.702320 0.000010
0.000010 0.000010 0.132011 0.000010 0.000010 0.052884 0.000010 0.706031 0.109024
0.000010 0.000010 0.015363 0.019011 0.000010 0.011682 0.000010 0.900559 0.053345
0.000010 0.000010 0.000010 0.000010 0.000010 0.006038 0.000010 0.993892 0.000010
0.000010 0.000010 0.009501 0.000010 0.101703 0.000010 0.000010 0.888736 0.000010
0.000010 0.005174 0.053969 0.000010 0.113377 0.007793 0.000010 0.750047 0.069609
0.000010 0.053185 0.043048 0.000010 0.114916 0.000010 0.000010 0.747396 0.041414
0.000010 0.035705 0.000010 0.000010 0.128232 0.000010 0.010131 0.607587 0.218305
0.000010 0.000010 0.000010 0.025120 0.128079 0.000010 0.000010 0.846741 0.000010
0.000010 0.000010 0.022427 0.000010 0.127060 0.162610 0.000010 0.655712 0.032151
0.000010 0.000010 0.000010 0.000010 0.085139 0.105499 0.000010 0.761701 0.047611
0.000010 0.000010 0.000010 0.000010 0.000010 0.064288 0.000010 0.935642 0.000010
0.052102 0.004047 0.206601 0.015316 0.000010 0.265718 0.000010 0.421746 0.034449
0.000010 0.422801 0.246024 0.000010 0.029364 0.180969 0.120801 0.000010 0.000010
0.000010 0.000010 0.000010 0.000010 0.999920 0.000010 0.000010 0.000010 0.000010
0.000010 0.000010 0.000010 0.000010 0.999920 0.000010 0.000010 0.000010 0.000010
0.000010 0.059039 0.009411 0.000010 0.326700 0.000010 0.000010 0.469509 0.135302
0.000010 0.000010 0.000010 0.000010 0.828955 0.000010 0.000010 0.000010 0.170975
0.000010 0.000010 0.000010 0.000010 0.825438 0.000010 0.000010 0.000010 0.174492
0.000010 0.000010 0.000010 0.000010 0.820885 0.000010 0.000010 0.000010 0.179045
0.000010 0.000010 0.000010 0.000010 0.833448 0.000010 0.000010 0.000010 0.166482
0.000010 0.000010 0.000010 0.000010 0.999920 0.000010 0.000010 0.000010 0.000010
0.000010 0.000010 0.000010 0.000010 0.999920 0.000010 0.000010 0.000010 0.000010
0.000010 0.000010 0.000010 0.000010 0.402978 0.007793 0.000010 0.477075 0.112104
0.005261 0.070869 0.000010 0.012131 0.216188 0.040472 0.014640 0.407849 0.232581
0.000010 0.000010 0.000010 0.000010 0.351663 0.000010 0.000010 0.460260 0.188016
0.008687 0.000010 0.000010 0.000010 0.436799 0.000010 0.001550 0.425634 0.127291
0.000010 0.000010 0.000010 0.000010 0.999920 0.000010 0.000010 0.000010 0.000010
0.999920 0.000010 0.000010 0.000010 0.000010 0.000010 0.000010 0.000010 0.000010
0.999920 0.000010 0.000010 0.000010 0.000010 0.000010 0.000010 0.000010 0.000010
0.999920 0.000010 0.000010 0.000010 0.000010 0.000010 0.000010 0.000010 0.000010
0.999920 0.000010 0.000010 0.000010 0.000010 0.000010 0.000010 0.000010 0.000010
0.999920 0.000010 0.000010 0.000010 0.000010 0.000010 0.000010 0.000010 0.000010
0.999920 0.000010 0.000010 0.000010 0.000010 0.000010 0.000010 0.000010 0.000010
0.000010 0.019333 0.000010 0.000010 0.335433 0.087640 0.000010 0.350205 0.207349
0.999920 0.000010 0.000010 0.000010 0.000010 0.000010 0.000010 0.000010 0.000010
0.999920 0.000010 0.000010 0.000010 0.000010 0.000010 0.000010 0.000010 0.000010
0.000010 0.000010 0.000010 0.000010 0.999920 0.000010 0.000010 0.000010 0.000010
0.000010 0.000010 0.000010 0.000010 0.999920 0.000010 0.000010 0.000010 0.000010
0.031269 0.032204 0.000010 0.000010 0.329669 0.042988 0.000010 0.374823 0.189017
0.000010 0.000010 0.000010 0.000010 0.233429 0.169312 0.161087 0.412357 0.023773
0.000010 0.000010 0.000010 0.000010 0.548287 0.102649 0.000010 0.150513 0.198501
0.000010 0.000010 0.000010 0.000010 0.000010 0.000010 0.000010 0.999920 0.000010
0.000010 0.000010 0.000010 0.000010 0.000010 0.000010 0.000010 0.999920 0.000010
0.000010 0.000010 0.000010 0.000010 0.000010 0.000010 0.000010 0.999920 0.000010
0.000010 0.000010 0.000010 0.000010 0.000010 0.000010 0.000010 0.999920 0.000010
0.000010 0.000010 0.000010 0.000010 0.000010 0.000010 0.000010 0.999920 0.000010
0.000010 0.000010 0.000010 0.000010 0.000010 0.000010 0.000010 0.999920 0.000010
0.000010 0.000010 0.000010 0.000010 0.553606 0.006078 0.033440 0.256925 0.149910
0.000010 0.000010 0.000010 0.000010 0.522421 0.096462 0.000010 0.247283 0.133784
0.028270 0.088915 0.000010 0.000010 0.385993 0.000010 0.000010 0.395497 0.101284
0.025676 0.076206 0.000010 0.000010 0.356958 0.000010 0.000010 0.432588 0.108532
0.000010 0.000010 0.000010 0.000010 0.000010 0.000010 0.000010 0.000010 0.999920
0.000010 0.000010 0.000010 0.000010 0.000010 0.000010 0.000010 0.000010 0.999920
0.000010 0.000010 0.000010 0.000010 0.000010 0.000010 0.000010 0.000010 0.999920
0.000010 0.000010 0.000010 0.000010 0.000010 0.000010 0.000010 0.000010 0.999920
0.000010 0.000010 0.000010 0.000010 0.000010 0.000010 0.000010 0.000010 0.999920
0.000010 0.000010 0.000010 0.999920 0.000010 0.000010 0.000010 0.000010 0.000010
0.031053 0.128411 0.000010 0.000010 0.165229 0.055687 0.000010 0.369656 0.249935
0.027978 0.144694 0.000010 0.000010 0.174844 0.030108 0.000010 0.340213 0.282132
0.000010 0.000010 0.047445 0.000010 0.388639 0.224564 0.000010 0.310561 0.028750
0.000010 0.000010 0.000010 0.000010 0.513948 0.281691 0.023613 0.154752 0.025956
0.000010 0.000010 0.000010 0.000010 0.566204 0.186242 0.000010 0.247494 0.000010
0.032730 0.131667 0.000010 0.000010 0.490230 0.158873 0.000010 0.136948 0.049521
0.000010 0.030940 0.035859 0.000010 0.409558 0.204628 0.000010 0.284191 0.034794
0.000010 0.000010 0.000010 0.964946 0.000010 0.000010 0.000010 0.000010 0.034984
0.016906 0.007966 0.049612 0.000010 0.324617 0.157218 0.000010 0.301737 0.141924
0.000010 0.000010 0.071754 0.000010 0.305527 0.166998 0.000010 0.303839 0.151843
0.000010 0.000010 0.096847 0.000010 0.487542 0.127789 0.000010 0.184722 0.103061
0.000010 0.000010 0.046235 0.000010 0.398337 0.102840 0.000010 0.345796 0.106753
0.000010 0.000010 0.000010 0.999920 0.000010 0.000010 0.000010 0.000010 0.000010
0.007220 0.010664 0.010170 0.000010 0.222487 0.064255 0.088664 0.268729 0.327800
0.000010 0.000010 0.000010 0.999920 0.000010 0.000010 0.000010 0.000010 0.000010
0.096338 0.000010 0.000010 0.031932 0.000010 0.000010 0.000010 0.795740 0.075941
0.000010 0.000010 0.000010 0.999911 0.000019 0.000010 0.000010 0.000010 0.000010
0.000010 0.000010 0.000010 0.999920 0.000010 0.000010 0.000010 0.000010 0.000010
0.000010 0.055255 0.000010 0.000010 0.381979 0.000010 0.000010 0.553319 0.009396
0.030113 0.005432 0.000010 0.000010 0.380284 0.109155 0.035023 0.369112 0.070861
0.000010 0.000010 0.000010 0.999920 0.000010 0.000010 0.000010 0.000010 0.000010
0.000010 0.000010 0.000010 0.999920 0.000010 0.000010 0.000010 0.000010 0.000010
0.345527 0.000010 0.000010 0.000010 0.654403 0.000010 0.000010 0.000010 0.000010
0.000010 0.000010 0.000010 0.000010 0.999920 0.000010 0.000010 0.000010 0.000010
0.000010 0.000010 0.000010 0.999920 0.000010 0.000010 0.000010 0.000010 0.000010
0.000010 0.000010 0.000010 0.000010 0.999920 0.000010 0.000010 0.000010 0.000010
0.000010 0.000010 0.000010 0.000010 0.999920 0.000010 0.000010 0.000010 0.000010
0.000010 0.000010 0.000010 0.000010 0.999920 0.000010 0.000010 0.000010 0.000010
0.000010 0.000010 0.000010 0.000010 0.606544 0.153826 0.000010 0.146432 0.093147
0.000010 0.000010 0.000010 0.000010 0.690643 0.166837 0.000010 0.039974 0.102495
0.000010 0.000010 0.000010 0.000010 0.583311 0.134837 0.000010 0.177163 0.104638
0.000010 0.000010 0.000010 0.000010 0.586808 0.173188 0.000010 0.136198 0.103756
0.000010 0.000010 0.000010 0.000010 0.000010 0.000010 0.000010 0.000010 0.999920
0.000010 0.000010 0.000010 0.000010 0.000010 0.000010 0.000010 0.000010 0.999920
0.000010 0.000010 0.000010 0.000010 0.000010 0.000010 0.000010 0.000010 0.999920
0.000010 0.000010 0.000010 0.000010 0.000010 0.000010 0.000010 0.000010 0.999920
0.000010 0.000010 0.000010 0.000010 0.000010 0.000010 0.000010 0.000010 0.999920
0.000010 0.000010 0.000010 0.000010 0.000010 0.000010 0.000010 0.000010 0.999920
0.000010 0.035000 0.000010 0.000010 0.199009 0.088303 0.190637 0.388195 0.098826
0.000010 0.000010 0.000010 0.000010 0.233824 0.000010 0.156304 0.514842 0.094979
0.000010 0.071486 0.000010 0.000010 0.189356 0.000010 0.128332 0.507205 0.103581
0.000010 0.000010 0.000010 0.000010 0.211008 0.308189 0.000010 0.377631 0.103121
0.000010 0.000010 0.000010 0.000010 0.213871 0.287101 0.000010 0.390026 0.108952
0.000010 0.788713 0.000010 0.000010 0.000010 0.000010 0.211217 0.000010 0.000010
0.000010 0.534842 0.053446 0.000010 0.018509 0.000010 0.318071 0.000010 0.075091
0.000010 0.612256 0.327233 0.000010 0.000010 0.000010 0.060451 0.000010 0.000010
0.002034 0.467614 0.293505 0.000010 0.108653 0.090076 0.000010 0.023162 0.014936
0.000010 0.999920 0.000010 0.000010 0.000010 0.000010 0.000010 0.000010 0.000010
0.000010 0.999920 0.000010 0.000010 0.000010 0.000010 0.000010 0.000010 0.000010
0.000010 0.999920 0.000010 0.000010 0.000010 0.000010 0.000010 0.000010 0.000010
0.000010 0.694333 0.051431 0.000010 0.106457 0.053063 0.094675 0.000010 0.000010
0.000010 0.999920 0.000010 0.000010 0.000010 0.000010 0.000010 0.000010 0.000010
0.000010 0.999920 0.000010 0.000010 0.000010 0.000010 0.000010 0.000010 0.000010
0.000010 0.548285 0.023397 0.000010 0.040497 0.057995 0.302300 0.027495 0.000010
0.000010 0.000010 0.000010 0.999920 0.000010 0.000010 0.000010 0.000010 0.000010
0.000010 0.523978 0.161868 0.000010 0.045506 0.048112 0.142222 0.000010 0.078284
0.000010 0.555780 0.143889 0.000010 0.196414 0.103867 0.000010 0.000010 0.000010
0.000010 0.000010 0.999920 0.000010 0.000010 0.000010 0.000010 0.000010 0.000010
0.000010 0.000010 0.999920 0.000010 0.000010 0.000010 0.000010 0.000010 0.000010
0.000010 0.000010 0.999920 0.000010 0.000010 0.000010 0.000010 0.000010 0.000010
0.000010 0.219781 0.092823 0.000010 0.000010 0.143250 0.489787 0.054320 0.000010
0.000010 0.000010 0.999920 0.000010 0.000010 0.000010 0.000010 0.000010 0.000010
0.000010 0.565346 0.179275 0.000010 0.011903 0.111526 0.131910 0.000010 0.000010
0.000010 0.999920 0.000010 0.000010 0.000010 0.000010 0.000010 0.000010 0.000010
0.000010 0.996680 0.003250 0.000010 0.000010 0.000010 0.000010 0.000010 0.000010
0.000010 0.996740 0.003190 0.000010 0.000010 0.000010 0.000010 0.000010 0.000010
0.000010 0.613639 0.000010 0.000010 0.000010 0.013596 0.372705 0.000010 0.000010
0.000010 0.602138 0.000010 0.000010 0.000010 0.000558 0.397244 0.000010 0.000010
0.000010 0.624106 0.000010 0.000010 0.000010 0.000010 0.375824 0.000010 0.000010
0.000010 0.000010 0.078357 0.000010 0.070791 0.174381 0.000010 0.612886 0.063545
0.000010 0.266703 0.176784 0.000010 0.167561 0.032008 0.153901 0.181461 0.021562
0.000010 0.000010 0.000010 0.999920 0.000010 0.000010 0.000010 0.000010 0.000010
0.000010 0.999920 0.000010 0.000010 0.000010 0.000010 0.000010 0.000010 0.000010
0.000010 0.999920 0.000010 0.000010 0.000010 0.000010 0.000010 0.000010 0.000010
0.000010 0.999920 0.000010 0.000010 0.000010 0.000010 0.000010 0.000010 0.000010
0.000010 0.999920 0.000010 0.000010 0.000010 0.000010 0.000010 0.000010 0.000010
0.000010 0.999920 0.000010 0.000010 0.000010 0.000010 0.000010 0.000010 0.000010
0.000010 0.999920 0.000010 0.000010 0.000010 0.000010 0.000010 0.000010 0.000010
0.000010 0.999920 0.000010 0.000010 0.000010 0.000010 0.000010 0.000010 0.000010
0.000010 0.999920 0.000010 0.000010 0.000010 0.000010 0.000010 0.000010 0.000010
0.000010 0.403618 0.250412 0.000010 0.000010 0.000010 0.274904 0.071015 0.000010
0.000010 0.376176 0.249046 0.000010 0.000010 0.000010 0.296338 0.078390 0.000010
0.000010 0.295603 0.181180 0.000010 0.003867 0.067766 0.361090 0.061482 0.028993
0.000010 0.000010 0.000010 0.999920 0.000010 0.000010 0.000010 0.000010 0.000010
0.000010 0.817720 0.029618 0.000010 0.000010 0.013643 0.138969 0.000010 0.000010
0.000010 0.000010 0.000010 0.999920 0.000010 0.000010 0.000010 0.000010 0.000010
0.000010 0.670814 0.000010 0.000010 0.000010 0.026484 0.257955 0.000010 0.044697
0.000010 0.000010 0.000010 0.999920 0.000010 0.000010 0.000010 0.000010 0.000010
0.000719 0.978624 0.020597 0.000010 0.000010 0.000010 0.000010 0.000010 0.000010
0.000010 0.999920 0.000010 0.000010 0.000010 0.000010 0.000010 0.000010 0.000010
0.000010 0.000010 0.999920 0.000010 0.000010 0.000010 0.000010 0.000010 0.000010
0.000010 0.000010 0.000010 0.000010 0.000010 0.000010 0.999920 0.000010 0.000010
0.000019 0.000010 0.000010 0.000010 0.000010 0.000010 0.999911 0.000010 0.000010
0.000010 0.000010 0.000010 0.000010 0.000010 0.000010 0.999920 0.000010 0.000010
0.000010 0.000010 0.000010 0.000010 0.000010 0.000010 0.999920 0.000010 0.000010
0.000010 0.000010 0.000010 0.000010 0.000010 0.000010 0.999920 0.000010 0.000010
0.000010 0.000010 0.000010 0.999920 0.000010 0.000010 0.000010 0.000010 0.000010
0.000010 0.000010 0.000010 0.999920 0.000010 0.000010 0.000010 0.000010 0.000010
0.000010 0.000010 0.000010 0.999920 0.000010 0.000010 0.000010 0.000010 0.000010
0.000010 0.000010 0.000010 0.999920 0.000010 0.000010 0.000010 0.000010 0.000010
0.000010 0.000010 0.000010 0.999920 0.000010 0.000010 0.000010 0.000010 0.000010
0.000010 0.000010 0.000010 0.999920 0.000010 0.000010 0.000010 0.000010 0.000010
0.000010 0.000010 0.000010 0.999920 0.000010 0.000010 0.000010 0.000010 0.000010
0.000010 0.534915 0.173891 0.000010 0.000010 0.021591 0.145324 0.045245 0.079005
0.000010 0.476984 0.088548 0.000010 0.017157 0.000010 0.337758 0.000010 0.079513
0.042027 0.096736 0.000010 0.000010 0.004325 0.714689 0.000010 0.068187 0.074006
0.000010 0.060443 0.010768 0.000010 0.112969 0.711642 0.000010 0.019972 0.084175
0.000010 0.103972 0.000010 0.000010 0.004546 0.616297 0.000010 0.258514 0.016632
0.000010 0.056608 0.000013 0.000010 0.059142 0.847540 0.000010 0.036657 0.000010
0.002564 0.167650 0.000010 0.020377 0.000010 0.749407 0.000013 0.059959 0.000010
0.000010 0.000010 0.000010 0.000010 0.000010 0.781348 0.107472 0.111120 0.000010
0.000010 0.585965 0.233932 0.000010 0.000010 0.000010 0.180044 0.000010 0.000010
0.000010 0.000010 0.000010 0.999920 0.000010 0.000010 0.000010 0.000010 0.000010
0.000010 0.548730 0.163261 0.000010 0.029315 0.056253 0.202401 0.000010 0.000010
0.000010 0.615170 0.196265 0.000010 0.000010 0.028260 0.160254 0.000010 0.000010
0.000010 0.425188 0.410473 0.000010 0.000010 0.000010 0.164279 0.000010 0.000010
0.000010 0.489875 0.360106 0.000010 0.000010 0.000010 0.149959 0.000010 0.000010
0.000010 0.000010 0.000010 0.999920 0.000010 0.000010 0.000010 0.000010 0.000010
0.000010 0.672004 0.115979 0.000010 0.000010 0.000010 0.211956 0.000010 0.000010
0.000010 0.849726 0.150204 0.000010 0.000010 0.000010 0.000010 0.000010 0.000010
0.000010 0.847791 0.123578 0.000010 0.000010 0.000010 0.000010 0.000010 0.028571
0.000010 0.308031 0.158839 0.000010 0.106829 0.103161 0.323100 0.000010 0.000010
0.000010 0.771893 0.161363 0.000010 0.000010 0.032827 0.000010 0.000010 0.033866
0.019870 0.625478 0.054437 0.000010 0.000010 0.024167 0.276007 0.000010 0.000010
0.034110 0.597663 0.033874 0.000010 0.000010 0.075248 0.259065 0.000010 0.000010
0.000010 0.521847 0.256247 0.000010 0.023611 0.000010 0.197286 0.000010 0.000969
0.000010 0.000010 0.000010 0.000010 0.000010 0.000010 0.999920 0.000010 0.000010
0.000010 0.622693 0.024055 0.000010 0.000010 0.000010 0.188653 0.159224 0.005335
0.000010 0.458608 0.108308 0.000010 0.095333 0.000010 0.277305 0.000010 0.060406
0.000015 0.000010 0.000010 0.999915 0.000010 0.000010 0.000010 0.000010 0.000010
0.000010 0.107154 0.088736 0.000010 0.658623 0.000010 0.145436 0.000010 0.000010
0.000010 0.081348 0.118480 0.000010 0.669986 0.000010 0.130136 0.000010 0.000010
0.000010 0.501033 0.122152 0.000010 0.000010 0.076812 0.299951 0.000013 0.000010
0.000010 0.564462 0.252302 0.000010 0.000010 0.000010 0.183175 0.000010 0.000010
0.000010 0.000010 0.000010 0.000010 0.999920 0.000010 0.000010 0.000010 0.000010
0.000010 0.000010 0.000010 0.000010 0.999920 0.000010 0.000010 0.000010 0.000010
0.000010 0.000010 0.000010 0.000010 0.999920 0.000010 0.000010 0.000010 0.000010
0.000010 0.438730 0.256027 0.000010 0.000010 0.000010 0.305182 0.000010 0.000010
0.000010 0.438250 0.267969 0.000010 0.000010 0.000010 0.293722 0.000010 0.000010
0.000010 0.000010 0.000010 0.000010 0.999920 0.000010 0.000010 0.000010 0.000010
0.000010 0.000010 0.000010 0.000010 0.999920 0.000010 0.000010 0.000010 0.000010
0.000010 0.000010 0.000010 0.000010 0.999920 0.000010 0.000010 0.000010 0.000010
0.000010 0.765482 0.031528 0.000010 0.139640 0.000010 0.063300 0.000010 0.000010
0.000010 0.632777 0.103420 0.000010 0.000010 0.000010 0.263743 0.000010 0.000010
0.000010 0.000010 0.000010 0.000010 0.000010 0.000010 0.999920 0.000010 0.000010
0.000010 0.000010 0.000010 0.000010 0.000010 0.000010 0.999920 0.000010 0.000010
0.000010 0.000010 0.000010 0.000010 0.000010 0.000010 0.997698 0.000010 0.002232
0.000010 0.381516 0.158891 0.000010 0.026907 0.000010 0.432636 0.000010 0.000010
0.000010 0.427788 0.150710 0.000010 0.028923 0.000010 0.377435 0.000010 0.015103
0.000010 0.503339 0.180269 0.000010 0.000010 0.000010 0.313306 0.000010 0.003036
0.000010 0.556959 0.149011 0.000010 0.000010 0.000010 0.293969 0.000010 0.000010
0.000010 0.807828 0.110738 0.000010 0.000010 0.081375 0.000010 0.000010 0.000010
0.000010 0.799992 0.119381 0.000010 0.000010 0.080567 0.000010 0.000010 0.000010
0.000010 0.432088 0.026320 0.000010 0.528511 0.000010 0.013031 0.000010 0.000010
0.000010 0.973412 0.000010 0.000010 0.026518 0.000010 0.000010 0.000010 0.000010
0.000010 0.999920 0.000010 0.000010 0.000010 0.000010 0.000010 0.000010 0.000010
0.000010 0.408718 0.080370 0.000010 0.510852 0.000010 0.000010 0.000010 0.000010
0.000010 0.626360 0.037216 0.000010 0.000010 0.000010 0.263444 0.026638 0.046302
0.000010 0.696976 0.023289 0.000010 0.041408 0.000010 0.198873 0.039415 0.000010
0.000010 0.486622 0.241586 0.000010 0.016596 0.000010 0.192174 0.029716 0.033277
0.000010 0.718748 0.000010 0.000010 0.232987 0.000010 0.048205 0.000010 0.000010
0.000010 0.776107 0.000010 0.000010 0.014133 0.000010 0.209701 0.000010 0.000010
0.000010 0.999920 0.000010 0.000010 0.000010 0.000010 0.000010 0.000010 0.000010
0.000010 0.601482 0.262398 0.000010 0.000010 0.032781 0.000010 0.000010 0.103289
0.000010 0.610114 0.255116 0.000010 0.000010 0.000010 0.020986 0.000010 0.113733
0.000010 0.999920 0.000010 0.000010 0.000010 0.000010 0.000010 0.000010 0.000010
0.000010 0.559477 0.289158 0.000010 0.000010 0.000010 0.010430 0.000010 0.140886
0.000010 0.771405 0.132942 0.000010 0.000010 0.000010 0.088762 0.006840 0.000010
0.000010 0.000010 0.000010 0.999920 0.000010 0.000010 0.000010 0.000010 0.000010
0.000010 0.000010 0.000010 0.999920 0.000010 0.000010 0.000010 0.000010 0.000010
0.000010 0.000010 0.000010 0.999920 0.000010 0.000010 0.000010 0.000010 0.000010
0.000010 0.530744 0.188441 0.000010 0.101181 0.000010 0.179584 0.000010 0.000010
0.000010 0.000010 0.000010 0.999920 0.000010 0.000010 0.000010 0.000010 0.000010
0.000010 0.486673 0.165102 0.000010 0.022923 0.000010 0.325252 0.000010 0.000010
0.000010 0.322949 0.248303 0.000010 0.000010 0.000010 0.428688 0.000010 0.000010
0.000010 0.000010 0.000012 0.999918 0.000010 0.000010 0.000010 0.000010 0.000010
0.000010 0.000010 0.000010 0.999920 0.000010 0.000010 0.000010 0.000010 0.000010
0.000010 0.000010 0.000010 0.999920 0.000010 0.000010 0.000010 0.000010 0.000010
0.000010 0.628981 0.279922 0.000010 0.000010 0.000010 0.076189 0.000010 0.014857
0.000010 0.000010 0.000010 0.999920 0.000010 0.000010 0.000010 0.000010 0.000010
0.000010 0.000010 0.000011 0.000010 0.000010 0.000010 0.172116 0.827814 0.000010
0.000010 0.000010 0.000010 0.999920 0.000010 0.000010 0.000010 0.000010 0.000010
0.000010 0.000010 0.000010 0.999920 0.000010 0.000010 0.000010 0.000010 0.000010
0.000010 0.000010 0.000010 0.999920 0.000010 0.000010 0.000010 0.000010 0.000010
0.000010 0.036726 0.000010 0.025014 0.151393 0.004742 0.000010 0.782085 0.000010
0.000010 0.118313 0.025124 0.000010 0.081902 0.149034 0.000010 0.625587 0.000010
0.000010 0.000010 0.000010 0.000010 0.040133 0.309046 0.065531 0.585240 0.000010
0.000010 0.091640 0.030812 0.000010 0.091075 0.159299 0.000010 0.627134 0.000010
0.000010 0.000010 0.000010 0.000010 0.000010 0.000010 0.157897 0.842033 0.000010
0.000010 0.000010 0.000010 0.999920 0.000010 0.000010 0.000010 0.000010 0.000010
0.000010 0.571129 0.160695 0.000010 0.000010 0.085849 0.182277 0.000010 0.000010
0.022448 0.000010 0.116733 0.000010 0.000010 0.005776 0.039460 0.665534 0.150018
0.000010 0.039756 0.000010 0.000010 0.068445 0.269284 0.000010 0.621224 0.001250
0.011949 0.000010 0.000010 0.000010 0.042291 0.127246 0.123188 0.673098 0.022198
0.000010 0.000010 0.000010 0.033085 0.061597 0.000010 0.083047 0.773662 0.048568
0.011907 0.000010 0.000010 0.008108 0.101154 0.116103 0.092055 0.556167 0.114487
0.000010 0.000010 0.000010 0.000010 0.002594 0.154112 0.000010 0.758734 0.084511
0.000010 0.189547 0.000010 0.002241 0.000010 0.000010 0.097227 0.635940 0.075005
0.000010 0.000010 0.000010 0.000010 0.172679 0.000010 0.000010 0.827251 0.000010
0.000010 0.000010 0.038594 0.000010 0.083717 0.089478 0.000010 0.788161 0.000010
0.000010 0.000010 0.000010 0.012528 0.000010 0.131295 0.075870 0.702561 0.077705
0.000010 0.000010 0.023741 0.002621 0.000010 0.211044 0.000010 0.676962 0.085592
0.016388 0.000010 0.000010 0.000010 0.118155 0.197107 0.000010 0.668300 0.000010
0.000010 0.000010 0.000010 0.000010 0.184729 0.087836 0.048682 0.635061 0.043652
0.000010 0.000010 0.000010 0.000010 0.093963 0.017216 0.027023 0.781422 0.080335
0.000010 0.000010 0.117887 0.000010 0.000010 0.000010 0.000010 0.839607 0.042446
0.000010 0.000010 0.079758 0.000010 0.000010 0.000010 0.000010 0.882825 0.037357
0.003215 0.204229 0.000010 0.000010 0.000010 0.179028 0.003024 0.590505 0.019968
0.020633 0.000010 0.014798 0.000010 0.229877 0.088136 0.023608 0.622917 0.000010
0.000010 0.000010 0.000010 0.000010 0.000010 0.212277 0.133079 0.607444 0.047150
0.000010 0.000010 0.000010 0.000010 0.000010 0.000010 0.194462 0.805468 0.000010
0.000010 0.000010 0.000010 0.005095 0.186654 0.000010 0.031944 0.687263 0.089004
0.000010 0.000010 0.000010 0.003902 0.115810 0.016399 0.000010 0.761815 0.102034
0.000010 0.000010 0.000010 0.000010 0.000010 0.000010 0.185428 0.814502 0.000010
0.000010 0.000010 0.021072 0.978858 0.000010 0.000010 0.000010 0.000010 0.000010
0.000010 0.000010 0.000010 0.006521 0.096866 0.166200 0.037914 0.626343 0.066126
0.000010 0.000010 0.000010 0.016477 0.137248 0.145632 0.016997 0.642226 0.041390
0.000010 0.028679 0.000010 0.000010 0.142175 0.152539 0.070762 0.573410 0.032406
0.000010 0.030108 0.000010 0.000010 0.090728 0.026177 0.112279 0.740668 0.000010
0.000010 0.000010 0.000010 0.999920 0.000010 0.000010 0.000010 0.000010 0.000010
0.000010 0.000010 0.000010 0.000010 0.000010 0.000010 0.000010 0.999920 0.000010
0.000010 0.000010 0.000010 0.000010 0.000010 0.000010 0.000010 0.999920 0.000010
0.000010 0.000010 0.000010 0.999920 0.000010 0.000010 0.000010 0.000010 0.000010
0.000010 0.000010 0.028849 0.000010 0.126727 0.178688 0.000010 0.665686 0.000010
0.000010 0.000010 0.000010 0.000010 0.000010 0.000010 0.000010 0.999920 0.000010
0.000010 0.000010 0.000010 0.000010 0.000010 0.000010 0.000010 0.999920 0.000010
0.000010 0.000010 0.000010 0.000010 0.051208 0.000010 0.000010 0.885866 0.062865
0.000010 0.000010 0.053223 0.003078 0.170249 0.057195 0.000010 0.631861 0.084364
0.004639 0.017346 0.039744 0.000010 0.085287 0.029979 0.004615 0.684635 0.133744
0.000010 0.000010 0.000010 0.000010 0.000010 0.000010 0.000010 0.985530 0.014400
0.000010 0.031694 0.000010 0.000010 0.142444 0.161857 0.000010 0.611614 0.052350
0.000010 0.047069 0.155260 0.000010 0.037215 0.196870 0.000010 0.502380 0.061176
0.000010 0.092994 0.000010 0.000010 0.003464 0.087117 0.000010 0.726720 0.089666
0.000010 0.070580 0.081840 0.000010 0.163741 0.118543 0.000010 0.565256 0.000010
0.000010 0.000010 0.042090 0.007743 0.000010 0.000010 0.034644 0.818175 0.097309
0.000010 0.068060 0.078184 0.000010 0.127142 0.142682 0.033823 0.444559 0.105530
0.000010 0.135601 0.000010 0.000010 0.039498 0.013598 0.000010 0.745486 0.065777
0.000010 0.000010 0.000010 0.010943 0.054615 0.222662 0.048319 0.542502 0.120928
0.012434 0.003456 0.056862 0.000010 0.174953 0.235972 0.000010 0.490840 0.025463
0.000010 0.000010 0.000010 0.000010 0.000010 0.000010 0.999920 0.000010 0.000010
0.000010 0.814944 0.109310 0.000010 0.003003 0.000010 0.058027 0.000010 0.014676
0.000010 0.000010 0.000010 0.000010 0.000010 0.000010 0.999920 0.000010 0.000010
0.000010 0.000010 0.000010 0.000010 0.000010 0.000010 0.999920 0.000010 0.000010
0.000010 0.573546 0.214470 0.000010 0.052142 0.069677 0.090125 0.000010 0.000010
0.000010 0.763932 0.109810 0.000010 0.082055 0.000010 0.044152 0.000010 0.000010
0.000010 0.404984 0.347324 0.000010 0.000010 0.079327 0.168316 0.000010 0.000010
0.000010 0.697759 0.000010 0.009125 0.000010 0.000010 0.293057 0.000010 0.000010
0.000010 0.573540 0.217945 0.000010 0.034736 0.000010 0.173729 0.000010 0.000010
0.000010 0.441255 0.319061 0.000010 0.043790 0.099729 0.000795 0.000010 0.095340
0.000010 0.514185 0.162972 0.000010 0.044917 0.000010 0.277875 0.000010 0.000010
0.001860 0.624261 0.263622 0.000010 0.051224 0.000010 0.058992 0.000010 0.000010
0.000010 0.541194 0.073184 0.000010 0.000010 0.000010 0.229825 0.114992 0.040765
0.000010 0.802682 0.197248 0.000010 0.000010 0.000010 0.000010 0.000010 0.000010
0.000010 0.577439 0.320003 0.000010 0.000010 0.012927 0.000010 0.089581 0.000010
0.000010 0.000010 0.000010 0.999920 0.000010 0.000010 0.000010 0.000010 0.000010
0.000010 0.504224 0.183756 0.000010 0.097076 0.000010 0.214894 0.000010 0.000010
0.000010 0.493738 0.152936 0.000010 0.090055 0.000010 0.205915 0.057316 0.000010
0.000010 0.642401 0.077510 0.000010 0.019630 0.000010 0.133662 0.126758 0.000010
0.000010 0.486817 0.289908 0.000010 0.000010 0.000010 0.204016 0.000010 0.019209
0.000010 0.000010 0.999920 0.000010 0.000010 0.000010 0.000010 0.000010 0.000010
0.016826 0.596511 0.109905 0.000010 0.039409 0.000010 0.218315 0.019003 0.000010
0.000010 0.000010 0.999920 0.000010 0.000010 0.000010 0.000010 0.000010 0.000010
0.000010 0.712951 0.064661 0.000010 0.000010 0.000010 0.202522 0.000010 0.019815
0.000010 0.709454 0.081512 0.000010 0.000010 0.000010 0.195559 0.000010 0.013425
0.000010 0.496169 0.216517 0.000010 0.002439 0.138209 0.122522 0.000010 0.024115
0.000010 0.000010 0.999920 0.000010 0.000010 0.000010 0.000010 0.000010 0.000010
0.000010 0.000010 0.999920 0.000010 0.000010 0.000010 0.000010 0.000010 0.000010
0.000010 0.506170 0.220620 0.000010 0.028813 0.000010 0.205325 0.037842 0.001201
0.000010 0.437237 0.354729 0.000010 0.000010 0.000010 0.207974 0.000010 0.000010
0.000010 0.000010 0.999920 0.000010 0.000010 0.000010 0.000010 0.000010 0.000010
0.000010 0.000010 0.154854 0.000010 0.000010 0.022210 0.000010 0.724269 0.098617
0.000010 0.000010 0.043838 0.000010 0.000010 0.000010 0.956092 0.000010 0.000010
0.000010 0.000010 0.999920 0.000010 0.000010 0.000010 0.000010 0.000010 0.000010
0.000010 0.610362 0.041711 0.000010 0.000010 0.000010 0.246808 0.101069 0.000010
0.000010 0.000010 0.085614 0.000010 0.000010 0.000010 0.914316 0.000010 0.000010
0.000010 0.297003 0.206811 0.000010 0.000010 0.031952 0.451363 0.000010 0.012831
0.000010 0.281397 0.406582 0.000010 0.000010 0.000010 0.290353 0.000010 0.021619
0.000010 0.372018 0.359998 0.001933 0.090863 0.000010 0.175148 0.000010 0.000010
0.000010 0.332183 0.446317 0.000010 0.000010 0.000010 0.182503 0.004329 0.034629
0.000010 0.516489 0.203691 0.000010 0.030276 0.000010 0.206780 0.000010 0.042724
0.000010 0.422573 0.169953 0.000010 0.095592 0.074502 0.125297 0.000010 0.112052
0.000010 0.589077 0.162542 0.000010 0.058163 0.000010 0.190168 0.000010 0.000010
0.000010 0.497320 0.117083 0.000010 0.120773 0.000010 0.264775 0.000010 0.000010
0.000010 0.418778 0.329846 0.000010 0.041701 0.209625 0.000010 0.000010 0.000010
0.000010 0.404805 0.309568 0.000010 0.063905 0.200595 0.021087 0.000010 0.000010
0.000010 0.622984 0.219906 0.002672 0.000010 0.000010 0.154388 0.000010 0.000010
0.000010 0.649501 0.214191 0.000010 0.000019 0.000010 0.136239 0.000010 0.000010
0.000010 0.000010 0.000010 0.003906 0.057232 0.077912 0.000010 0.793340 0.067570
0.000010 0.631997 0.071484 0.000010 0.012135 0.000010 0.255300 0.000010 0.029044
0.000010 0.617884 0.046120 0.000010 0.007246 0.071750 0.256960 0.000010 0.000010
0.000010 0.672075 0.059236 0.000010 0.014770 0.035721 0.218158 0.000010 0.000010
0.000010 0.512117 0.229872 0.000010 0.000010 0.000010 0.196333 0.000010 0.061628
0.010729 0.363339 0.174869 0.000010 0.000010 0.000010 0.402842 0.048181 0.000010
0.000010 0.569281 0.154618 0.000010 0.000010 0.000010 0.276042 0.000010 0.000010
0.000010 0.499359 0.000010 0.000010 0.000010 0.000010 0.500571 0.000010 0.000010
0.000010 0.470691 0.000010 0.000010 0.000010 0.000010 0.529239 0.000010 0.000010
0.000010 0.469091 0.280089 0.000010 0.136724 0.000010 0.114045 0.000010 0.000010
0.000010 0.501718 0.450758 0.000010 0.000010 0.019847 0.004079 0.023558 0.000010
0.000010 0.399942 0.080184 0.005744 0.010682 0.063017 0.265254 0.175157 0.000010
0.000010 0.506472 0.204196 0.000010 0.000010 0.000010 0.289272 0.000010 0.000010
0.017432 0.569258 0.199740 0.000010 0.000010 0.000010 0.213520 0.000010 0.000010
0.000010 0.485591 0.253653 0.000010 0.000011 0.145654 0.030865 0.000010 0.084195
0.000010 0.570736 0.269859 0.000010 0.000010 0.104910 0.054445 0.000010 0.000010
0.000010 0.583249 0.266050 0.000010 0.000010 0.103858 0.046793 0.000010 0.000010
0.000010 0.597000 0.033518 0.000010 0.186054 0.000010 0.145028 0.038361 0.000010
0.000010 0.487557 0.234795 0.000010 0.000010 0.000010 0.165738 0.060684 0.051186
0.000010 0.567580 0.159644 0.000010 0.000010 0.000010 0.232035 0.040691 0.000010
0.000010 0.499140 0.343762 0.000010 0.000010 0.000010 0.157038 0.000010 0.000010
0.000010 0.640083 0.166821 0.000010 0.000010 0.071061 0.121986 0.000010 0.000010
0.000010 0.582666 0.200947 0.000010 0.000010 0.074039 0.142298 0.000010 0.000010
0.000010 0.370303 0.048488 0.000010 0.019772 0.088190 0.380736 0.034038 0.058455
0.000010 0.512679 0.222421 0.000010 0.000010 0.000010 0.264840 0.000010 0.000010
0.000010 0.440526 0.002364 0.000010 0.004923 0.088054 0.366742 0.097361 0.000010
0.000010 0.497050 0.310124 0.000010 0.053487 0.000010 0.139288 0.000010 0.000010
0.000010 0.713803 0.028922 0.000010 0.020543 0.005327 0.185228 0.000010 0.046146
0.000010 0.653914 0.000010 0.000010 0.138697 0.000010 0.207328 0.000010 0.000010
0.000010 0.000010 0.000010 0.000010 0.000010 0.000010 0.999920 0.000010 0.000010
0.000010 0.487754 0.172478 0.000010 0.000010 0.053717 0.286001 0.000010 0.000010
0.000010 0.332371 0.361611 0.000010 0.019038 0.000010 0.286931 0.000010 0.000010
0.000010 0.000010 0.000010 0.000010 0.000010 0.000010 0.999920 0.000010 0.000010
0.000010 0.609957 0.304820 0.000010 0.062366 0.000010 0.022807 0.000010 0.000010
0.000010 0.000010 0.000010 0.000010 0.000010 0.000010 0.999920 0.000010 0.000010
0.000010 0.636931 0.355721 0.000010 0.007289 0.000010 0.000010 0.000010 0.000010
0.000010 0.296406 0.108235 0.000010 0.000010 0.062029 0.431712 0.101578 0.000010
0.000010 0.549674 0.085073 0.000010 0.139777 0.000010 0.225426 0.000010 0.000010
0.016400 0.370833 0.173011 0.000010 0.000103 0.000010 0.372785 0.037836 0.029011
0.000010 0.591255 0.261066 0.000010 0.000010 0.000010 0.120208 0.015586 0.011846
0.000010 0.000010 0.000010 0.999920 0.000010 0.000010 0.000010 0.000010 0.000010
0.043411 0.565808 0.198343 0.000010 0.058014 0.000010 0.134385 0.000010 0.000010
0.000010 0.517479 0.243703 0.000010 0.000010 0.000010 0.238758 0.000010 0.000010
0.011152 0.641540 0.213774 0.000010 0.000010 0.000010 0.133483 0.000010 0.000010
0.000010 0.392205 0.118712 0.000010 0.042732 0.000010 0.370626 0.000010 0.075685
0.000010 0.418800 0.149261 0.000010 0.115858 0.000010 0.187939 0.093839 0.034273
0.000010 0.408922 0.175181 0.000010 0.000010 0.000010 0.415838 0.000010 0.000010
0.000010 0.461725 0.141272 0.002441 0.000010 0.141283 0.253239 0.000010 0.000010
0.000010 0.745819 0.038464 0.000010 0.000010 0.000010 0.081212 0.134454 0.000010
0.047030 0.811484 0.000010 0.000010 0.000010 0.000010 0.000010 0.126947 0.014489
0.000010 0.429728 0.088260 0.000010 0.025024 0.000010 0.391577 0.000010 0.065371
0.004461 0.559705 0.123354 0.020894 0.033580 0.000010 0.257975 0.000010 0.000010
0.000010 0.408722 0.184234 0.000010 0.117277 0.049714 0.212568 0.027454 0.000010
0.000010 0.521120 0.249145 0.000010 0.000010 0.050112 0.179573 0.000010 0.000010
0.000010 0.533631 0.125389 0.000010 0.045776 0.000010 0.232038 0.000010 0.063127
0.000010 0.316545 0.185504 0.000010 0.051620 0.014004 0.432287 0.000010 0.000010
0.000010 0.000010 0.000010 0.000010 0.000010 0.000010 0.167739 0.832191 0.000010
0.000010 0.000010 0.000010 0.000010 0.000010 0.999920 0.000010 0.000010 0.000010
0.000010 0.000010 0.000010 0.020103 0.055519 0.792277 0.000010 0.086496 0.045564
0.000010 0.000010 0.000010 0.000010 0.000010 0.999920 0.000010 0.000010 0.000010
0.000010 0.000010 0.000010 0.000010 0.000010 0.999920 0.000010 0.000010 0.000010
0.000010 0.000010 0.095784 0.000010 0.065480 0.698894 0.026120 0.065187 0.048505
0.000010 0.000010 0.120577 0.001578 0.104161 0.519376 0.058795 0.151861 0.043631
0.000010 0.000010 0.000010 0.000010 0.000010 0.999920 0.000010 0.000010 0.000010
0.000010 0.000010 0.000010 0.000010 0.000010 0.999920 0.000010 0.000010 0.000010
0.000010 0.000010 0.000010 0.000010 0.000010 0.999920 0.000010 0.000010 0.000010
0.000010 0.000010 0.000010 0.000010 0.000010 0.999920 0.000010 0.000010 0.000010
0.000010 0.000010 0.000010 0.000010 0.079949 0.838513 0.081478 0.000010 0.000010
0.000010 0.000010 0.000010 0.000010 0.000010 0.999920 0.000010 0.000010 0.000010
0.000010 0.000010 0.000010 0.000010 0.025472 0.894334 0.080134 0.000010 0.000010
0.000010 0.000010 0.000010 0.000010 0.000010 0.999920 0.000010 0.000010 0.000010
0.000010 0.041658 0.004625 0.000010 0.153855 0.701215 0.000010 0.098606 0.000010
0.000010 0.000010 0.043262 0.000010 0.020119 0.697552 0.170149 0.068878 0.000010
0.000010 0.000010 0.000010 0.000010 0.009922 0.978703 0.011315 0.000010 0.000010
0.000010 0.037321 0.052185 0.000010 0.000010 0.806553 0.056306 0.047595 0.000010
0.000010 0.000010 0.000010 0.000010 0.000010 0.999920 0.000010 0.000010 0.000010
0.000010 0.000010 0.057586 0.000010 0.000010 0.728091 0.068957 0.145316 0.000010
0.000010 0.068326 0.000010 0.000010 0.000010 0.656143 0.094954 0.180527 0.000010
0.000010 0.049503 0.014735 0.015231 0.000010 0.779527 0.000010 0.140963 0.000010
0.000010 0.000010 0.000010 0.000010 0.000010 0.999920 0.000010 0.000010 0.000010
0.000010 0.000010 0.000010 0.999920 0.000010 0.000010 0.000010 0.000010 0.000010
0.000010 0.000010 0.141019 0.000010 0.000010 0.858911 0.000010 0.000010 0.000010
0.000010 0.000010 0.041938 0.000010 0.000010 0.903765 0.054237 0.000010 0.000010
0.000010 0.000010 0.137307 0.000010 0.000010 0.862623 0.000010 0.000010 0.000010
0.000010 0.000010 0.063032 0.000311 0.000010 0.936598 0.000010 0.000010 0.000010
0.000010 0.004877 0.073598 0.000010 0.000010 0.799527 0.121948 0.000010 0.000010
0.000010 0.000281 0.046056 0.000010 0.000010 0.776625 0.000010 0.176987 0.000010
0.000010 0.000010 0.081903 0.000010 0.016524 0.562590 0.066838 0.216726 0.055389
0.029727 0.093099 0.067129 0.000010 0.000010 0.809995 0.000010 0.000010 0.000010
0.000010 0.052339 0.029447 0.000010 0.052100 0.761343 0.097634 0.000010 0.007108
0.000010 0.000010 0.000010 0.000010 0.000010 0.999920 0.000010 0.000010 0.000010
0.000010 0.000011 0.000010 0.000010 0.032791 0.967137 0.000010 0.000010 0.000010
0.000010 0.000010 0.000010 0.000010 0.000010 0.999920 0.000010 0.000010 0.000010
0.000010 0.002905 0.000010 0.000010 0.036203 0.960832 0.000010 0.000010 0.000010
0.000010 0.033087 0.000010 0.000010 0.000010 0.735101 0.070351 0.079874 0.081546
0.000010 0.000010 0.105239 0.002337 0.061594 0.830780 0.000010 0.000010 0.000010
0.000010 0.000010 0.000010 0.021702 0.000010 0.939694 0.000010 0.000010 0.038544
0.000010 0.000010 0.000010 0.023701 0.000010 0.943749 0.000010 0.000010 0.032490
0.000010 0.000010 0.000010 0.000010 0.000010 0.999920 0.000010 0.000010 0.000010
0.000010 0.007341 0.089723 0.000010 0.000010 0.814543 0.000010 0.088342 0.000010
0.000010 0.000010 0.036186 0.000010 0.000010 0.863857 0.029137 0.070770 0.000010
0.000010 0.000010 0.000010 0.000010 0.000010 0.999920 0.000010 0.000010 0.000010
0.000010 0.000010 0.000010 0.000010 0.000010 0.999920 0.000010 0.000010 0.000010
0.000010 0.102988 0.004571 0.000010 0.000010 0.741043 0.151348 0.000010 0.000010
0.003624 0.000010 0.000010 0.000010 0.000010 0.996306 0.000010 0.000010 0.000010
0.018635 0.000010 0.018087 0.000010 0.000010 0.963218 0.000010 0.000010 0.000010
0.000010 0.081557 0.000010 0.024478 0.073510 0.738036 0.026212 0.056178 0.000010
0.000010 0.087078 0.000010 0.000010 0.000010 0.829448 0.000010 0.083415 0.000010
0.000010 0.000010 0.000010 0.999920 0.000010 0.000010 0.000010 0.000010 0.000010
0.020469 0.000010 0.068893 0.000010 0.000010 0.871803 0.000010 0.000010 0.038785
0.000010 0.000018 0.030169 0.000010 0.046338 0.823752 0.000010 0.048378 0.051315
0.000010 0.000010 0.000010 0.000010 0.000010 0.999920 0.000010 0.000010 0.000010
0.000010 0.000010 0.000010 0.999920 0.000010 0.000010 0.000010 0.000010 0.000010
0.000010 0.000017 0.000010 0.000010 0.067932 0.931991 0.000010 0.000010 0.000010
