0.000010 0.062259 0.000010 0.070079 0.150187 0.468148 0.000010 0.016904 0.003203 0.229192
0.088055 0.000010 0.000010 0.000010 0.000010 0.906161 0.000010 0.005715 0.000010 0.000010
0.000010 0.000010 0.000010 0.000010 0.000010 0.999910 0.000010 0.000010 0.000010 0.000010
0.000010 0.000010 0.000010 0.000010 0.000010 0.999910 0.000010 0.000010 0.000010 0.000010
0.000010 0.000010 0.000010 0.000010 0.000010 0.999910 0.000010 0.000010 0.000010 0.000010
0.000010 0.000010 0.000010 0.000010 0.000010 0.999910 0.000010 0.000010 0.000010 0.000010
0.000010 0.000010 0.000010 0.000010 0.000010 0.999910 0.000010 0.000010 0.000010 0.000010
0.007745 0.133039 0.000010 0.000010 0.187973 0.628240 0.000010 0.042952 0.000010 0.000010
0.000010 0.014756 0.000010 0.000010 0.000010 0.767458 0.000010 0.000010 0.000010 0.217716
0.000010 0.019818 0.000010 0.000010 0.000010 0.774577 0.000010 0.000010 0.000010 0.205535
0.000010 0.114302 0.132294 0.000010 0.032634 0.648601 0.000010 0.000010 0.000010 0.072119
0.000010 0.398937 0.000010 0.000010 0.000010 0.600983 0.000010 0.000010 0.000010 0.000010
0.000010 0.404953 0.000010 0.000010 0.000010 0.594967 0.000010 0.000010 0.000010 0.000010
0.000010 0.999910 0.000010 0.000010 0.000010 0.000010 0.000010 0.000010 0.000010 0.000010
0.000010 0.999910 0.000010 0.000010 0.000010 0.000010 0.000010 0.000010 0.000010 0.000010
0.000010 0.999910 0.000010 0.000010 0.000010 0.000010 0.000010 0.000010 0.000010 0.000010
0.000010 0.999910 0.000010 0.000010 0.000010 0.000010 0.000010 0.000010 0.000010 0.000010
0.000010 0.015835 0.000010 0.000010 0.199427 0.784668 0.000010 0.000010 0.000010 0.000010
0.000010 0.000010 0.000010 0.000010 0.143026 0.856894 0.000010 0.000010 0.000010 0.000010
0.000010 0.999900 0.000010 0.000010 0.000010 0.000010 0.000010 0.000010 0.000020 0.000010
0.000010 0.999910 0.000010 0.000010 0.000010 0.000010 0.000010 0.000010 0.000010 0.000010
0.373409 0.131352 0.000010 0.000010 0.000010 0.418791 0.029580 0.046818 0.000010 0.000010
0.000010 0.250783 0.000010 0.000010 0.000010 0.708681 0.000011 0.037696 0.000010 0.002779
0.000010 0.216299 0.000010 0.000010 0.000010 0.705514 0.000010 0.024895 0.000010 0.053232
0.000010 0.017067 0.000010 0.000010 0.000010 0.790278 0.000010 0.000010 0.000010 0.192585
0.025360 0.020236 0.000010 0.000010 0.220577 0.606721 0.000010 0.000010 0.000010 0.127056
0.061603 0.006483 0.078419 0.019507 0.097400 0.662355 0.000010 0.000010 0.000010 0.074203
0.000010 0.068897 0.029460 0.000010 0.091622 0.686491 0.000010 0.000010 0.000010 0.123479
0.000010 0.058600 0.000010 0.037274 0.021371 0.654161 0.000010 0.000010 0.000010 0.228544
0.000010 0.000010 0.000010 0.000010 0.000010 0.999910 0.000010 0.000010 0.000010 0.000010
0.000010 0.000010 0.000010 0.000010 0.000010 0.999910 0.000010 0.000010 0.000010 0.000010
0.000010 0.145137 0.000010 0.000010 0.000010 0.742765 0.000010 0.103204 0.008834 0.000010
0.000010 0.000010 0.000010 0.000010 0.000010 0.999910 0.000010 0.000010 0.000010 0.000010
0.000010 0.042657 0.110966 0.000010 0.146568 0.512159 0.000010 0.000010 0.000010 0.187599
0.000010 0.056686 0.000010 0.016743 0.162136 0.587298 0.000010 0.000010 0.001476 0.175621
0.000010 0.072171 0.059550 0.000010 0.114993 0.664905 0.000010 0.000010 0.000010 0.088330
0.000010 0.000010 0.000010 0.000010 0.000010 0.872015 0.000010 0.053056 0.023550 0.051318
0.000010 0.000010 0.000010 0.000010 0.000010 0.999910 0.000010 0.000010 0.000010 0.000010
0.000010 0.255064 0.000010 0.062121 0.000010 0.682745 0.000010 0.000010 0.000010 0.000010
0.000010 0.233355 0.000010 0.124685 0.000010 0.641890 0.000010 0.000010 0.000010 0.000010
0.000010 0.215285 0.000010 0.149360 0.000010 0.616020 0.000010 0.000010 0.000010 0.019274
0.053604 0.048111 0.023375 0.000010 0.000010 0.657194 0.000010 0.044298 0.000010 0.173378
0.000010 0.057417 0.000010 0.000010 0.000010 0.758072 0.017707 0.000010 0.000010 0.166744
0.000010 0.029383 0.000010 0.000010 0.145650 0.542292 0.000010 0.045230 0.000010 0.237395
0.000010 0.021175 0.000010 0.000010 0.103997 0.712986 0.000010 0.020357 0.000010 0.141434
0.000010 0.000010 0.000010 0.000010 0.010038 0.989882 0.000010 0.000010 0.000010 0.000010
0.000010 0.093223 0.000429 0.080339 0.273435 0.361238 0.013687 0.054427 0.000010 0.123204
0.007986 0.000010 0.525114 0.246905 0.188010 0.007553 0.000010 0.000010 0.000010 0.024391
0.000010 0.000010 0.000010 0.000010 0.000010 0.000010 0.000010 0.000010 0.000010 0.999910
0.000010 0.000010 0.000010 0.000010 0.000010 0.000010 0.000010 0.000010 0.000010 0.999910
0.034332 0.111472 0.004571 0.130828 0.000010 0.312107 0.000010 0.043564 0.000010 0.363096
0.000010 0.000010 0.000010 0.000010 0.000010 0.000010 0.000010 0.000010 0.000010 0.999910
0.000010 0.000010 0.000010 0.000010 0.000010 0.000010 0.000010 0.000010 0.000010 0.999910
0.000010 0.000010 0.000010 0.000010 0.000010 0.000010 0.000010 0.000010 0.000010 0.999910
0.000010 0.000010 0.000010 0.000010 0.000010 0.000010 0.000010 0.000010 0.000010 0.999910
0.000010 0.000010 0.000010 0.000010 0.000010 0.000010 0.000010 0.000010 0.000010 0.999910
0.000010 0.000010 0.000010 0.000010 0.000010 0.000010 0.000010 0.000010 0.000010 0.999910
0.082900 0.000010 0.000010 0.000010 0.058146 0.196602 0.000010 0.059068 0.000010 0.603233
0.144020 0.006056 0.000010 0.091561 0.000010 0.409663 0.014184 0.041356 0.000010 0.293130
0.075812 0.018248 0.000010 0.000010 0.037406 0.232792 0.000010 0.093597 0.000010 0.542105
0.072103 0.000010 0.000010 0.017438 0.022423 0.242762 0.000010 0.067172 0.000010 0.578063
0.000010 0.000010 0.000010 0.000010 0.000010 0.000010 0.000014 0.000010 0.000010 0.999906
0.000010 0.000010 0.000010 0.000010 0.000010 0.000010 0.000010 0.999910 0.000010 0.000010
0.000010 0.000010 0.000010 0.000010 0.000010 0.000010 0.000010 0.999910 0.000010 0.000010
0.000010 0.000010 0.000010 0.000010 0.000010 0.000010 0.000010 0.999910 0.000010 0.000010
0.000010 0.000010 0.000010 0.000010 0.000010 0.000010 0.000010 0.999910 0.000010 0.000010
0.000010 0.000010 0.000010 0.000010 0.000010 0.000010 0.000010 0.999910 0.000010 0.000010
0.000010 0.000010 0.000010 0.000010 0.000010 0.000010 0.000010 0.999910 0.000010 0.000010
0.161526 0.070394 0.000010 0.132189 0.009389 0.407385 0.000010 0.032250 0.000010 0.186836
0.000010 0.000010 0.000010 0.000010 0.000010 0.000010 0.000010 0.999910 0.000010 0.000010
0.000010 0.000010 0.000010 0.000010 0.000010 0.000010 0.000010 0.999910 0.000010 0.000010
0.000010 0.000010 0.000010 0.000010 0.000010 0.000010 0.000014 0.000010 0.000010 0.999906
0.000010 0.000010 0.000010 0.000010 0.000010 0.000010 0.000010 0.000010 0.000010 0.999910
0.051246 0.112110 0.000010 0.039282 0.056794 0.286914 0.000010 0.085704 0.000010 0.367920
0.000010 0.034972 0.023723 0.152857 0.190778 0.252841 0.000010 0.000010 0.000010 0.344789
0.000010 0.151350 0.000010 0.000010 0.012636 0.000010 0.000010 0.000010 0.000010 0.835944
0.000010 0.000010 0.000010 0.000010 0.000010 0.000010 0.000010 0.000010 0.000010 0.999910
0.000010 0.000010 0.000010 0.000010 0.000010 0.000010 0.000010 0.000010 0.000010 0.999910
0.000010 0.000010 0.000010 0.000010 0.000010 0.000010 0.000010 0.000010 0.000010 0.999910
0.000010 0.000010 0.000010 0.000010 0.000010 0.000010 0.000010 0.000010 0.000010 0.999910
0.000010 0.000010 0.000010 0.000010 0.000010 0.000010 0.000010 0.000010 0.000010 0.999910
0.000010 0.000010 0.000010 0.000010 0.000010 0.000010 0.000010 0.000010 0.000010 0.999910
0.000010 0.094127 0.003053 0.059359 0.049895 0.109441 0.000010 0.000010 0.000010 0.684086
0.000010 0.101171 0.000010 0.011486 0.084139 0.099158 0.000010 0.000010 0.000010 0.703995
0.150297 0.000010 0.049029 0.070128 0.000010 0.343251 0.000010 0.036944 0.000010 0.350311
0.148277 0.000010 0.010080 0.071496 0.000010 0.379612 0.000010 0.058229 0.000010 0.332265
0.999910 0.000010 0.000010 0.000010 0.000010 0.000010 0.000010 0.000010 0.000010 0.000010
0.999910 0.000010 0.000010 0.000010 0.000010 0.000010 0.000010 0.000010 0.000010 0.000010
0.999910 0.000010 0.000010 0.000010 0.000010 0.000010 0.000010 0.000010 0.000010 0.000010
0.999910 0.000010 0.000010 0.000010 0.000010 0.000010 0.000010 0.000010 0.000010 0.000010
0.999910 0.000010 0.000010 0.000010 0.000010 0.000010 0.000010 0.000010 0.000010 0.000010
0.000010 0.000010 0.000010 0.000010 0.000010 0.000010 0.000010 0.000010 0.999910 0.000010
0.000010 0.023957 0.017190 0.128079 0.040102 0.384729 0.000010 0.264896 0.000010 0.141017
0.015304 0.033132 0.034402 0.146062 0.038436 0.354899 0.000010 0.256983 0.000010 0.120764
0.000010 0.049877 0.025086 0.079181 0.211114 0.171301 0.000010 0.021349 0.000010 0.442062
0.061001 0.000010 0.000010 0.042471 0.309742 0.014533 0.000010 0.000010 0.000010 0.572203
0.000010 0.000010 0.000010 0.074783 0.198898 0.081210 0.000010 0.000010 0.000010 0.645049
0.057742 0.011836 0.015796 0.124887 0.151528 0.067971 0.000010 0.073263 0.000010 0.496956
0.000010 0.045158 0.030141 0.091197 0.221844 0.118854 0.000010 0.035053 0.000010 0.457723
0.000010 0.000010 0.000010 0.000010 0.000010 0.000010 0.000010 0.000010 0.999910 0.000010
0.138538 0.001554 0.000010 0.082197 0.159721 0.183549 0.000010 0.086539 0.000010 0.347872
0.084956 0.050619 0.049686 0.000010 0.223402 0.216255 0.000010 0.000010 0.000010 0.375043
0.119665 0.019099 0.054044 0.000010 0.175728 0.122733 0.000010 0.000010 0.000010 0.508691
0.087457 0.034353 0.043932 0.025893 0.146737 0.270547 0.000010 0.000010 0.000010 0.391051
0.000010 0.000010 0.000010 0.000010 0.000010 0.000010 0.000010 0.000010 0.999910 0.000010
0.034705 0.075451 0.153682 0.000010 0.024939 0.198087 0.000010 0.271736 0.000010 0.241371
0.000010 0.000010 0.000010 0.000010 0.000010 0.000010 0.000010 0.000010 0.999910 0.000010
0.000010 0.135101 0.000010 0.000010 0.000010 0.702696 0.000010 0.129776 0.032367 0.000010
0.000010 0.000010 0.000010 0.000010 0.000010 0.000010 0.000010 0.000010 0.999910 0.000010
0.000010 0.000010 0.000010 0.000010 0.000010 0.000010 0.000010 0.000010 0.999910 0.000010
0.000010 0.007059 0.000010 0.123652 0.000010 0.411813 0.000010 0.000010 0.000010 0.457416
0.000010 0.036858 0.000010 0.116101 0.103208 0.226741 0.000010 0.078209 0.000010 0.438842
0.000010 0.000010 0.000010 0.000010 0.000010 0.000010 0.000010 0.000010 0.999910 0.000010
0.000010 0.000010 0.000010 0.000010 0.000010 0.000010 0.000010 0.000010 0.999910 0.000010
0.999910 0.000010 0.000010 0.000010 0.000010 0.000010 0.000010 0.000010 0.000010 0.000010
0.999910 0.000010 0.000010 0.000010 0.000010 0.000010 0.000010 0.000010 0.000010 0.000010
0.000010 0.000010 0.000010 0.000010 0.000010 0.000010 0.032324 0.000010 0.967596 0.000010
0.999910 0.000010 0.000010 0.000010 0.000010 0.000010 0.000010 0.000010 0.000010 0.000010
0.999910 0.000010 0.000010 0.000010 0.000010 0.000010 0.000010 0.000010 0.000010 0.000010
0.999910 0.000010 0.000010 0.000010 0.000010 0.000010 0.000010 0.000010 0.000010 0.000010
0.000010 0.000010 0.000010 0.000010 0.209881 0.020804 0.000010 0.000010 0.000010 0.769245
0.000010 0.000010 0.000010 0.000010 0.154783 0.000010 0.000010 0.000010 0.000010 0.845137
0.000010 0.007822 0.000010 0.000010 0.182011 0.060162 0.000010 0.000010 0.000010 0.749945
0.000010 0.000010 0.000010 0.000010 0.221494 0.033983 0.000010 0.000010 0.000010 0.744454
0.000010 0.000010 0.000010 0.000010 0.000010 0.000010 0.000015 0.999905 0.000010 0.000010
0.000010 0.000010 0.000010 0.000010 0.000010 0.000010 0.000010 0.999910 0.000010 0.000010
0.000010 0.000010 0.000010 0.000010 0.000010 0.000010 0.000010 0.999910 0.000010 0.000010
0.000010 0.000010 0.000010 0.000010 0.000010 0.000010 0.000010 0.999910 0.000010 0.000010
0.000010 0.000010 0.000010 0.000010 0.000010 0.000010 0.000010 0.999910 0.000010 0.000010
0.000010 0.000010 0.000010 0.000010 0.000010 0.000010 0.000010 0.999910 0.000010 0.000010
0.000010 0.063503 0.250592 0.000010 0.096281 0.285838 0.000010 0.018885 0.000010 0.284861
0.000010 0.060770 0.192013 0.000010 0.000010 0.417946 0.000010 0.000010 0.000010 0.329210
0.000010 0.097221 0.187003 0.000010 0.000010 0.388667 0.000010 0.000012 0.000010 0.327047
0.063956 0.000010 0.000010 0.000010 0.308585 0.304544 0.000010 0.000010 0.000010 0.322855
0.068208 0.000010 0.000010 0.000010 0.288388 0.340603 0.000010 0.000010 0.000010 0.302741
0.000010 0.020596 0.540792 0.427262 0.011289 0.000010 0.000010 0.000010 0.000011 0.000010
0.000010 0.023526 0.686388 0.169960 0.000010 0.000010 0.000010 0.000010 0.000010 0.120066
0.000010 0.000010 0.728021 0.246390 0.025520 0.000010 0.000010 0.000010 0.000010 0.000010
0.018472 0.020201 0.426878 0.355107 0.140711 0.000010 0.000010 0.038591 0.000010 0.000010
0.000010 0.018139 0.618087 0.347841 0.000010 0.000010 0.000010 0.015873 0.000010 0.000010
0.000010 0.002913 0.637124 0.339571 0.000010 0.000010 0.000010 0.020332 0.000010 0.000010
0.000010 0.010918 0.649331 0.317761 0.000010 0.000010 0.000010 0.021930 0.000010 0.000010
0.017881 0.000010 0.500340 0.337551 0.052873 0.000010 0.000010 0.062767 0.000010 0.028548
0.000010 0.008714 0.398975 0.592241 0.000010 0.000010 0.000010 0.000010 0.000010 0.000010
0.000010 0.013485 0.342552 0.643893 0.000010 0.000010 0.000010 0.000010 0.000010 0.000010
0.000010 0.000010 0.608078 0.275954 0.076156 0.000010 0.000010 0.000010 0.000010 0.039753
0.000010 0.000010 0.000010 0.000010 0.000010 0.000010 0.217197 0.000010 0.782723 0.000010
0.000010 0.088235 0.617827 0.274531 0.002930 0.000010 0.000010 0.000010 0.000010 0.016427
0.017161 0.000010 0.477552 0.253361 0.159005 0.000010 0.000010 0.008807 0.000010 0.084073
0.000010 0.000010 0.000010 0.999910 0.000010 0.000010 0.000010 0.000010 0.000010 0.000010
0.000010 0.000010 0.000010 0.999910 0.000010 0.000010 0.000010 0.000010 0.000010 0.000010
0.000010 0.000010 0.000010 0.999910 0.000010 0.000010 0.000010 0.000010 0.000010 0.000010
0.000010 0.038133 0.696021 0.116836 0.148950 0.000010 0.000010 0.000010 0.000010 0.000010
0.000010 0.000010 0.000010 0.999910 0.000010 0.000010 0.000010 0.000010 0.000010 0.000010
0.018571 0.000010 0.611980 0.242505 0.113161 0.000010 0.000010 0.013734 0.000010 0.000010
0.000010 0.000010 0.544672 0.455248 0.000010 0.000010 0.000010 0.000010 0.000010 0.000010
0.000010 0.000010 0.509917 0.490003 0.000010 0.000010 0.000010 0.000010 0.000010 0.000010
0.000010 0.000010 0.528628 0.471292 0.000010 0.000010 0.000010 0.000010 0.000010 0.000010
0.000010 0.000010 0.684424 0.220969 0.087099 0.007447 0.000010 0.000010 0.000010 0.000010
0.000010 0.000010 0.715776 0.187230 0.096924 0.000010 0.000010 0.000010 0.000010 0.000010
0.000010 0.000010 0.684093 0.239788 0.076048 0.000010 0.000010 0.000010 0.000010 0.000010
0.000010 0.051456 0.001250 0.000010 0.192474 0.553218 0.000010 0.000010 0.000010 0.201551
0.038432 0.000010 0.550489 0.049390 0.000010 0.147181 0.000010 0.002597 0.000010 0.211871
0.000010 0.000010 0.000010 0.000010 0.000010 0.000010 0.150693 0.000010 0.849227 0.000010
0.000010 0.000010 0.253627 0.746293 0.000010 0.000010 0.000010 0.000010 0.000010 0.000010
0.000010 0.000010 0.232511 0.767409 0.000010 0.000010 0.000010 0.000010 0.000010 0.000010
0.000010 0.000010 0.262531 0.737389 0.000010 0.000010 0.000010 0.000010 0.000010 0.000010
0.000010 0.007720 0.537454 0.454756 0.000010 0.000010 0.000010 0.000010 0.000010 0.000010
0.000010 0.000010 0.218127 0.781793 0.000010 0.000010 0.000010 0.000010 0.000010 0.000010
0.000010 0.000010 0.218326 0.781594 0.000010 0.000010 0.000010 0.000010 0.000010 0.000010
0.000010 0.000010 0.210209 0.789711 0.000010 0.000010 0.000010 0.000010 0.000010 0.000010
0.000010 0.000010 0.211246 0.788674 0.000010 0.000010 0.000010 0.000010 0.000010 0.000010
0.000010 0.000010 0.650117 0.268869 0.000010 0.061038 0.000010 0.018190 0.001737 0.000010
0.000010 0.000010 0.682237 0.242170 0.000010 0.056898 0.000010 0.015224 0.003421 0.000010
0.000010 0.000010 0.667837 0.154550 0.064337 0.055364 0.000010 0.057862 0.000010 0.000010
0.000010 0.000014 0.000010 0.000010 0.000010 0.000010 0.146736 0.000010 0.853180 0.000010
0.000010 0.043093 0.523197 0.407678 0.019319 0.000010 0.000010 0.000010 0.000010 0.006663
0.000010 0.000018 0.000010 0.000010 0.000010 0.000010 0.156093 0.000010 0.843819 0.000010
0.000010 0.044707 0.605329 0.339991 0.009913 0.000010 0.000010 0.000010 0.000010 0.000010
0.000010 0.000010 0.000010 0.000010 0.000010 0.000010 0.352708 0.000010 0.647212 0.000010
0.000010 0.000010 0.419196 0.538146 0.000010 0.042589 0.000010 0.000010 0.000010 0.000010
0.000010 0.000010 0.474932 0.523107 0.000010 0.001891 0.000010 0.000010 0.000010 0.000010
0.000010 0.000010 0.000010 0.999910 0.000010 0.000010 0.000010 0.000010 0.000010 0.000010
0.000010 0.000010 0.999910 0.000010 0.000010 0.000010 0.000010 0.000010 0.000010 0.000010
0.000010 0.000010 0.999910 0.000010 0.000010 0.000010 0.000010 0.000010 0.000010 0.000010
0.000010 0.000010 0.999910 0.000010 0.000010 0.000010 0.000010 0.000010 0.000010 0.000010
0.000010 0.000010 0.999910 0.000010 0.000010 0.000010 0.000010 0.000010 0.000010 0.000010
0.000010 0.000010 0.999910 0.000010 0.000010 0.000010 0.000010 0.000010 0.000010 0.000010
0.000010 0.000010 0.000010 0.000010 0.000010 0.000010 0.999910 0.000010 0.000010 0.000010
0.000010 0.000010 0.000010 0.000010 0.000010 0.000010 0.999910 0.000010 0.000010 0.000010
0.000010 0.000010 0.000010 0.000010 0.000010 0.000010 0.999910 0.000010 0.000010 0.000010
0.000010 0.000010 0.000010 0.000010 0.000010 0.000010 0.999910 0.000010 0.000010 0.000010
0.000010 0.000010 0.000010 0.000010 0.000010 0.000010 0.999910 0.000010 0.000010 0.000010
0.000010 0.000010 0.000010 0.000010 0.000010 0.000010 0.999910 0.000010 0.000010 0.000010
0.000010 0.000010 0.000010 0.000010 0.000010 0.000010 0.218014 0.000010 0.781906 0.000010
0.006822 0.083257 0.630164 0.194630 0.010611 0.000010 0.000010 0.000010 0.000010 0.074475
0.000010 0.000010 0.665113 0.243043 0.031836 0.000010 0.000010 0.018388 0.000010 0.041570
0.000010 0.040534 0.000010 0.097609 0.742548 0.017218 0.000010 0.102042 0.000010 0.000010
0.005862 0.064647 0.000010 0.096273 0.708157 0.000010 0.000010 0.000010 0.000010 0.125010
0.000010 0.000010 0.000010 0.072327 0.607016 0.320587 0.000010 0.000010 0.000010 0.000010
0.000010 0.000010 0.000010 0.015278 0.817419 0.000010 0.000010 0.000010 0.000010 0.167233
0.000010 0.007683 0.030634 0.080443 0.771018 0.085719 0.000010 0.000010 0.024462 0.000010
0.000010 0.011499 0.091977 0.000010 0.759709 0.136754 0.000010 0.000010 0.000010 0.000010
0.000010 0.004314 0.750058 0.245558 0.000010 0.000010 0.000010 0.000010 0.000010 0.000010
0.000010 0.000010 0.000010 0.000010 0.000011 0.000010 0.190588 0.000010 0.809331 0.000010
0.000010 0.018861 0.596879 0.318809 0.035157 0.000010 0.000010 0.000010 0.000010 0.030243
0.000010 0.000010 0.682836 0.256718 0.048044 0.000010 0.000010 0.012339 0.000013 0.000010
0.000010 0.000010 0.803578 0.172046 0.000010 0.000010 0.000010 0.000010 0.000010 0.024306
0.000010 0.000010 0.779260 0.220660 0.000010 0.000010 0.000010 0.000010 0.000010 0.000010
0.000010 0.000010 0.000010 0.000010 0.000010 0.000010 0.203739 0.000010 0.796181 0.000010
0.000010 0.026453 0.669060 0.293516 0.000010 0.000010 0.000010 0.010911 0.000010 0.000010
0.000010 0.041978 0.386619 0.571334 0.000010 0.000010 0.000010 0.000010 0.000010 0.000010
0.000010 0.067136 0.432257 0.500537 0.000010 0.000010 0.000010 0.000010 0.000010 0.000010
0.000010 0.000010 0.602375 0.185387 0.114789 0.000010 0.000010 0.000010 0.000010 0.097388
0.006741 0.010330 0.428267 0.520287 0.000010 0.005804 0.000010 0.000010 0.000010 0.028532
0.000010 0.010895 0.656623 0.255813 0.030682 0.000010 0.000010 0.045937 0.000010 0.000010
0.000010 0.010616 0.601773 0.256865 0.082339 0.000010 0.000010 0.048357 0.000010 0.000010
0.000010 0.000020 0.569029 0.397956 0.000010 0.000010 0.000010 0.000010 0.000010 0.032935
0.000010 0.000010 0.999910 0.000010 0.000010 0.000010 0.000010 0.000010 0.000010 0.000010
0.000010 0.058154 0.546337 0.248299 0.000010 0.147151 0.000010 0.000010 0.000010 0.000010
0.031638 0.019136 0.605319 0.268886 0.013751 0.000010 0.000010 0.000010 0.000010 0.061230
0.000010 0.000010 0.000010 0.000010 0.000010 0.000010 0.000010 0.000010 0.999910 0.000010
0.000010 0.000010 0.000010 0.999910 0.000010 0.000010 0.000010 0.000010 0.000010 0.000010
0.000010 0.000010 0.000010 0.999910 0.000010 0.000010 0.000010 0.000010 0.000010 0.000010
0.032434 0.000010 0.669987 0.212983 0.084537 0.000010 0.000010 0.000010 0.000010 0.000010
0.000010 0.000010 0.769900 0.230020 0.000010 0.000010 0.000010 0.000010 0.000010 0.000010
0.000010 0.000010 0.000010 0.999910 0.000010 0.000010 0.000010 0.000010 0.000010 0.000010
0.000010 0.000010 0.000010 0.999910 0.000010 0.000010 0.000010 0.000010 0.000010 0.000010
0.000010 0.000010 0.000010 0.999910 0.000010 0.000010 0.000010 0.000010 0.000010 0.000010
0.000010 0.000010 0.999910 0.000010 0.000010 0.000010 0.000010 0.000010 0.000010 0.000010
0.000010 0.000010 0.999903 0.000017 0.000010 0.000010 0.000010 0.000010 0.000010 0.000010
0.000010 0.000010 0.000010 0.999910 0.000010 0.000010 0.000010 0.000010 0.000010 0.000010
0.000010 0.000010 0.000010 0.999910 0.000010 0.000010 0.000010 0.000010 0.000010 0.000010
0.000010 0.000010 0.000010 0.999910 0.000010 0.000010 0.000010 0.000010 0.000010 0.000010
0.085103 0.013061 0.577881 0.294671 0.002569 0.000010 0.000010 0.000010 0.000010 0.026674
0.000010 0.000010 0.867157 0.132763 0.000010 0.000010 0.000010 0.000010 0.000010 0.000010
0.000010 0.000010 0.999910 0.000010 0.000010 0.000010 0.000010 0.000010 0.000010 0.000010
0.000010 0.000010 0.999910 0.000010 0.000010 0.000010 0.000010 0.000010 0.000010 0.000010
0.000010 0.000010 0.999910 0.000010 0.000010 0.000010 0.000010 0.000010 0.000010 0.000010
0.000010 0.042811 0.836778 0.120340 0.000010 0.000010 0.000010 0.000010 0.000010 0.000010
0.000010 0.051114 0.827017 0.121799 0.000010 0.000010 0.000010 0.000010 0.000010 0.000010
0.000010 0.000010 0.797608 0.199578 0.000010 0.000010 0.000010 0.002743 0.000010 0.000010
0.000010 0.000010 0.784076 0.215844 0.000010 0.000010 0.000010 0.000010 0.000010 0.000010
0.000010 0.000010 0.479633 0.370688 0.077090 0.071957 0.000581 0.000010 0.000010 0.000010
0.000010 0.000010 0.485834 0.368596 0.095880 0.047027 0.002613 0.000010 0.000010 0.000010
0.000010 0.000010 0.000010 0.999910 0.000010 0.000010 0.000010 0.000010 0.000010 0.000010
0.000010 0.011662 0.000010 0.988258 0.000010 0.000010 0.000010 0.000010 0.000010 0.000010
0.000010 0.000010 0.000010 0.999910 0.000010 0.000010 0.000010 0.000010 0.000010 0.000010
0.000010 0.000010 0.000010 0.999910 0.000010 0.000010 0.000010 0.000010 0.000010 0.000010
0.000010 0.066314 0.644340 0.265203 0.000010 0.024083 0.000010 0.000010 0.000010 0.000010
0.000010 0.000010 0.450766 0.504609 0.000010 0.028056 0.000010 0.000010 0.000010 0.016509
0.000010 0.077344 0.602310 0.273252 0.000010 0.030040 0.000010 0.000010 0.000010 0.017004
0.000010 0.039007 0.170464 0.784985 0.000010 0.005484 0.000010 0.000010 0.000010 0.000010
0.030703 0.000010 0.442390 0.526837 0.000010 0.000010 0.000010 0.000010 0.000010 0.000010
0.000010 0.000010 0.000010 0.999910 0.000010 0.000010 0.000010 0.000010 0.000010 0.000010
0.109221 0.007106 0.396928 0.465532 0.003267 0.017906 0.000010 0.000010 0.000010 0.000010
0.088081 0.005361 0.410468 0.496030 0.000010 0.000010 0.000010 0.000010 0.000010 0.000010
0.000010 0.000010 0.000010 0.999910 0.000010 0.000010 0.000010 0.000010 0.000010 0.000010
0.098464 0.017575 0.428412 0.455489 0.000010 0.000010 0.000010 0.000010 0.000010 0.000010
0.000010 0.000010 0.633167 0.311537 0.000010 0.013772 0.000010 0.000010 0.000010 0.041464
0.000010 0.000010 0.000010 0.000010 0.000010 0.000010 0.137977 0.000010 0.861943 0.000010
0.000010 0.000010 0.000010 0.000010 0.000010 0.000010 0.140896 0.000010 0.859024 0.000010
0.000010 0.000010 0.000010 0.000010 0.000010 0.000010 0.180375 0.000010 0.819545 0.000010
0.000010 0.000010 0.646504 0.262820 0.000010 0.000010 0.000010 0.000010 0.000010 0.090606
0.000010 0.000010 0.000010 0.000010 0.000010 0.000010 0.173032 0.000010 0.826888 0.000010
0.000010 0.000010 0.729871 0.233431 0.000010 0.000010 0.000010 0.000010 0.000010 0.036628
0.000010 0.000010 0.872717 0.127203 0.000010 0.000010 0.000010 0.000010 0.000010 0.000010
0.000010 0.000010 0.000010 0.000010 0.000010 0.000010 0.187977 0.000010 0.811943 0.000010
0.000010 0.000010 0.000010 0.000010 0.000010 0.000010 0.051598 0.000010 0.948322 0.000010
0.000010 0.000010 0.000010 0.000010 0.000010 0.000010 0.051561 0.000010 0.948359 0.000010
0.000010 0.018049 0.638991 0.342890 0.000010 0.000010 0.000010 0.000010 0.000010 0.000010
0.000010 0.000010 0.000010 0.000010 0.000010 0.000010 0.098797 0.000010 0.901123 0.000010
0.000010 0.032243 0.000010 0.000010 0.000010 0.967677 0.000010 0.000010 0.000010 0.000010
0.000010 0.000010 0.000015 0.000010 0.000010 0.000010 0.107873 0.000010 0.892042 0.000010
0.000010 0.000010 0.000010 0.000010 0.000010 0.000010 0.133353 0.000010 0.866567 0.000010
0.000010 0.000010 0.000010 0.000010 0.000010 0.000010 0.136600 0.000010 0.863320 0.000010
0.031557 0.036268 0.000010 0.083807 0.003009 0.821014 0.024304 0.000010 0.000010 0.000010
0.000010 0.000010 0.000010 0.202787 0.132844 0.650915 0.000010 0.010371 0.000010 0.003033
0.000010 0.084249 0.000010 0.016005 0.288448 0.551613 0.000010 0.000010 0.000010 0.059635
0.000010 0.000010 0.000010 0.164293 0.134711 0.638483 0.000010 0.000010 0.000010 0.062453
0.000010 0.000010 0.000010 0.000010 0.000010 0.999910 0.000010 0.000010 0.000010 0.000010
0.000010 0.000010 0.000010 0.000010 0.000010 0.000010 0.000010 0.000010 0.999910 0.000010
0.000010 0.000010 0.676917 0.199492 0.100584 0.000010 0.000010 0.022948 0.000010 0.000010
0.000010 0.117475 0.065032 0.000010 0.000010 0.562472 0.000010 0.069968 0.000010 0.185004
0.000010 0.068051 0.000010 0.050735 0.239578 0.613873 0.000010 0.001778 0.000010 0.025946
0.000010 0.052290 0.000010 0.032021 0.136176 0.701923 0.000010 0.057523 0.000010 0.020027
0.000010 0.006286 0.000010 0.000010 0.000010 0.809602 0.046142 0.000010 0.000010 0.137910
0.057156 0.094027 0.018387 0.000010 0.115973 0.471943 0.004317 0.068351 0.007449 0.162387
0.048856 0.022172 0.000010 0.000010 0.146960 0.665356 0.000010 0.000010 0.000010 0.116605
0.000010 0.113921 0.158804 0.065609 0.000010 0.652316 0.000010 0.000010 0.009301 0.000010
0.012594 0.000010 0.000010 0.000010 0.018015 0.766912 0.000010 0.000010 0.000010 0.202419
0.000010 0.048562 0.000010 0.015007 0.076440 0.658356 0.000010 0.012423 0.000010 0.189171
0.000010 0.000010 0.000010 0.000010 0.140821 0.709939 0.000010 0.054890 0.016176 0.078123
0.055959 0.000010 0.000010 0.000010 0.206124 0.628184 0.009993 0.000010 0.000010 0.099689
0.000010 0.046526 0.000010 0.012684 0.153853 0.682402 0.000010 0.025812 0.000010 0.078684
0.037416 0.090789 0.000010 0.000010 0.088112 0.560495 0.000010 0.000010 0.000010 0.223138
0.000010 0.187327 0.000010 0.000010 0.000010 0.689015 0.000010 0.000010 0.000010 0.123588
0.014115 0.035310 0.000010 0.000010 0.000010 0.950505 0.000010 0.000010 0.000010 0.000010
0.012489 0.043576 0.000010 0.000010 0.000010 0.943865 0.000010 0.000010 0.000010 0.000010
0.000010 0.077784 0.084531 0.040294 0.169782 0.500706 0.000010 0.044609 0.000010 0.082264
0.000010 0.070179 0.000010 0.018229 0.042579 0.645200 0.008784 0.000010 0.000010 0.214989
0.041838 0.045959 0.056888 0.004597 0.224775 0.590192 0.000010 0.008693 0.000010 0.027039
0.000010 0.027609 0.008293 0.000010 0.000010 0.964028 0.000010 0.000010 0.000010 0.000010
0.058291 0.038966 0.000010 0.000010 0.000010 0.630364 0.000010 0.007396 0.001598 0.263345
0.000010 0.083969 0.000010 0.000010 0.011441 0.764130 0.000010 0.018363 0.010349 0.111707
0.000010 0.017089 0.000010 0.000010 0.000010 0.982831 0.000010 0.000010 0.000010 0.000010
0.000010 0.000010 0.000010 0.015480 0.000010 0.000010 0.000010 0.000018 0.984432 0.000010
0.034032 0.015115 0.000010 0.032155 0.160769 0.584209 0.008355 0.000010 0.000010 0.165336
0.000010 0.000010 0.000010 0.080176 0.133530 0.584437 0.016731 0.001619 0.000010 0.183468
0.000010 0.080858 0.088202 0.000010 0.153524 0.465456 0.000010 0.000010 0.000010 0.211910
0.000010 0.003796 0.065920 0.000019 0.030160 0.728780 0.000010 0.000010 0.000010 0.171286
0.000010 0.000010 0.000010 0.000010 0.000010 0.000010 0.035020 0.000010 0.964900 0.000010
0.000010 0.000010 0.000010 0.000010 0.000010 0.999910 0.000010 0.000010 0.000010 0.000010
0.000010 0.000010 0.000010 0.000010 0.000010 0.999910 0.000010 0.000010 0.000010 0.000010
0.000010 0.000010 0.000010 0.000010 0.000010 0.000010 0.000010 0.000010 0.999910 0.000010
0.000010 0.015621 0.000010 0.033413 0.161341 0.578832 0.000010 0.000010 0.000010 0.210743
0.000010 0.000010 0.000010 0.000010 0.000010 0.999910 0.000010 0.000010 0.000010 0.000010
0.000010 0.000010 0.000010 0.000010 0.000010 0.999910 0.000010 0.000010 0.000010 0.000010
0.000010 0.000010 0.000010 0.036079 0.000010 0.894015 0.025433 0.000010 0.000010 0.044413
0.000010 0.012940 0.000010 0.011281 0.082684 0.648711 0.000010 0.042924 0.007983 0.193447
0.013051 0.058348 0.001662 0.060502 0.008542 0.672098 0.000010 0.039332 0.000010 0.146444
0.000010 0.000010 0.000010 0.022052 0.000010 0.956162 0.021716 0.000010 0.000010 0.000010
0.090417 0.015208 0.000010 0.065769 0.170435 0.551634 0.000010 0.000010 0.000010 0.106497
0.000010 0.077941 0.132967 0.000010 0.194126 0.500532 0.000010 0.000010 0.000010 0.094384
0.075599 0.000010 0.000010 0.000010 0.107259 0.790198 0.000010 0.000010 0.000010 0.026884
0.000010 0.073940 0.157017 0.024638 0.101008 0.381587 0.016429 0.000010 0.000010 0.245351
0.022240 0.033405 0.000010 0.000010 0.000010 0.899809 0.000010 0.033142 0.011354 0.000010
0.016511 0.075278 0.048436 0.159856 0.160453 0.377750 0.000010 0.022236 0.000010 0.139459
0.000010 0.067596 0.000010 0.066019 0.000010 0.761865 0.015094 0.044309 0.000010 0.045077
0.042298 0.142114 0.025203 0.000010 0.230953 0.542585 0.000010 0.000010 0.016808 0.000010
0.000010 0.095449 0.000010 0.138194 0.183686 0.313380 0.000010 0.004474 0.000010 0.264777
0.000010 0.042170 0.957750 0.000010 0.000010 0.000010 0.000010 0.000010 0.000010 0.000010
0.000010 0.015377 0.491658 0.453591 0.000010 0.000010 0.000010 0.000010 0.000010 0.039315
0.000010 0.031987 0.967933 0.000010 0.000010 0.000010 0.000010 0.000010 0.000010 0.000010
0.000010 0.039657 0.940108 0.000010 0.000010 0.000010 0.000010 0.000010 0.000010 0.020164
0.000010 0.000010 0.527467 0.358160 0.094830 0.000010 0.000010 0.000010 0.000010 0.019483
0.000010 0.029172 0.517761 0.404400 0.000010 0.000010 0.000010 0.000010 0.000010 0.048607
0.000010 0.000017 0.673052 0.220548 0.106323 0.000010 0.000010 0.000010 0.000010 0.000010
0.000010 0.040918 0.730811 0.228201 0.000010 0.000010 0.000010 0.000010 0.000010 0.000010
0.020179 0.000010 0.725813 0.195653 0.000010 0.000010 0.000010 0.000010 0.000010 0.058295
0.028840 0.025480 0.540118 0.209682 0.082800 0.017822 0.000010 0.000010 0.000010 0.095228
0.000010 0.009143 0.712616 0.251820 0.000010 0.001922 0.000010 0.000010 0.000010 0.024450
0.000010 0.075252 0.668584 0.256094 0.000010 0.000010 0.000010 0.000010 0.000010 0.000010
0.004406 0.058263 0.608915 0.227934 0.000010 0.100432 0.000010 0.000010 0.000010 0.000010
0.000010 0.053889 0.657549 0.288492 0.000010 0.000010 0.000010 0.000010 0.000010 0.000010
0.008317 0.022222 0.498973 0.355199 0.045015 0.070234 0.000010 0.000010 0.000010 0.000010
0.000010 0.000010 0.000010 0.000010 0.000010 0.000010 0.051740 0.000010 0.948180 0.000010
0.039580 0.000010 0.690868 0.227647 0.000010 0.000010 0.000010 0.000010 0.000010 0.041845
0.000010 0.000010 0.564512 0.355233 0.000010 0.080184 0.000010 0.000010 0.000010 0.000010
0.000010 0.078227 0.353243 0.428798 0.000010 0.139672 0.000010 0.000010 0.000010 0.000010
0.000010 0.000010 0.719967 0.248432 0.000010 0.000010 0.000010 0.031531 0.000010 0.000010
0.000010 0.000010 0.999910 0.000010 0.000010 0.000010 0.000010 0.000010 0.000010 0.000010
0.000010 0.000010 0.662821 0.256587 0.027861 0.000010 0.000010 0.000010 0.000010 0.052671
0.000010 0.000010 0.999910 0.000010 0.000010 0.000010 0.000010 0.000010 0.000010 0.000010
0.007864 0.030119 0.634395 0.319742 0.000010 0.000010 0.000010 0.000010 0.000010 0.007829
0.000010 0.042443 0.641296 0.316191 0.000010 0.000010 0.000010 0.000010 0.000010 0.000010
0.000010 0.018057 0.571976 0.218255 0.191652 0.000010 0.000010 0.000010 0.000010 0.000010
0.000010 0.000010 0.999910 0.000010 0.000010 0.000010 0.000010 0.000010 0.000010 0.000010
0.000010 0.000010 0.999910 0.000010 0.000010 0.000010 0.000010 0.000010 0.000010 0.000010
0.051781 0.063434 0.653823 0.225797 0.000010 0.005115 0.000010 0.000010 0.000010 0.000010
0.000010 0.041903 0.726970 0.231056 0.000010 0.000010 0.000010 0.000010 0.000010 0.000010
0.000010 0.000010 0.999910 0.000010 0.000010 0.000010 0.000010 0.000010 0.000010 0.000010
0.001184 0.060826 0.000011 0.000010 0.114222 0.722679 0.000010 0.000010 0.000010 0.101039
0.000010 0.000010 0.898142 0.057817 0.000010 0.000010 0.000010 0.000010 0.000010 0.043970
0.000010 0.000010 0.999910 0.000010 0.000010 0.000010 0.000010 0.000010 0.000010 0.000010
0.000010 0.058822 0.662050 0.224079 0.000010 0.054989 0.000010 0.000010 0.000010 0.000010
0.000010 0.018510 0.919808 0.061612 0.000010 0.000010 0.000010 0.000010 0.000010 0.000010
0.000010 0.020879 0.745212 0.202854 0.000010 0.000010 0.000010 0.030994 0.000010 0.000010
0.000010 0.073732 0.794416 0.129175 0.002617 0.000010 0.000010 0.000010 0.000010 0.000010
0.000010 0.007648 0.674313 0.212069 0.039002 0.003603 0.000010 0.000010 0.008930 0.054405
0.000010 0.073831 0.797017 0.124350 0.000010 0.000010 0.000010 0.000010 0.000010 0.004742
0.020935 0.027557 0.679895 0.246800 0.000010 0.000010 0.000010 0.000010 0.000010 0.024762
0.000010 0.028793 0.467869 0.263190 0.088445 0.000010 0.000010 0.039292 0.000010 0.112371
0.000010 0.000010 0.636676 0.306232 0.000010 0.000010 0.000010 0.000010 0.000010 0.057021
0.000010 0.000010 0.596492 0.323966 0.000010 0.000010 0.000010 0.000010 0.000010 0.079472
0.075975 0.000010 0.458380 0.238903 0.220950 0.000010 0.000010 0.000010 0.000010 0.005743
0.055187 0.000010 0.475656 0.229587 0.220223 0.000010 0.000010 0.000010 0.000010 0.019297
0.000010 0.058758 0.659963 0.275753 0.000010 0.000010 0.000010 0.000010 0.005465 0.000010
0.000010 0.050750 0.606282 0.342898 0.000010 0.000010 0.000010 0.000010 0.000010 0.000010
0.000010 0.129839 0.000010 0.000010 0.075727 0.695617 0.028802 0.003485 0.000010 0.066490
0.049947 0.000010 0.683601 0.266382 0.000010 0.000010 0.000010 0.000010 0.000010 0.000010
0.056400 0.000010 0.619906 0.323623 0.000010 0.000010 0.000010 0.000011 0.000010 0.000010
0.039359 0.000010 0.671689 0.288882 0.000010 0.000010 0.000010 0.000010 0.000010 0.000010
0.000010 0.082112 0.647198 0.270620 0.000010 0.000010 0.000010 0.000010 0.000010 0.000010
0.000010 0.000010 0.820958 0.138493 0.007692 0.005585 0.000010 0.027221 0.000010 0.000010
0.000010 0.000010 0.684892 0.315028 0.000010 0.000010 0.000010 0.000010 0.000010 0.000010
0.000010 0.000010 0.821162 0.178758 0.000010 0.000010 0.000010 0.000010 0.000010 0.000010
0.000010 0.000010 0.866083 0.133837 0.000010 0.000010 0.000010 0.000010 0.000010 0.000010
0.000010 0.000010 0.519250 0.424450 0.000010 0.000010 0.000010 0.000010 0.000010 0.056231
0.000010 0.000010 0.766511 0.164236 0.000010 0.069183 0.000010 0.000010 0.000010 0.000010
0.038931 0.000010 0.582221 0.131596 0.050132 0.188630 0.008450 0.000010 0.000010 0.000010
0.000010 0.000010 0.769387 0.230533 0.000010 0.000010 0.000010 0.000010 0.000010 0.000010
0.000010 0.000010 0.744207 0.230829 0.000010 0.000010 0.000010 0.024894 0.000010 0.000010
0.021275 0.000010 0.625491 0.092324 0.151999 0.000010 0.000010 0.026235 0.000010 0.082635
0.000010 0.000010 0.676269 0.196574 0.127087 0.000010 0.000010 0.000010 0.000010 0.000010
0.000010 0.000010 0.688692 0.185430 0.125807 0.000010 0.000010 0.000010 0.000010 0.000010
0.030974 0.000010 0.473551 0.327508 0.000010 0.000010 0.000010 0.000010 0.000010 0.167908
0.000010 0.034960 0.668441 0.216386 0.000010 0.080152 0.000010 0.000010 0.000010 0.000010
0.000015 0.000010 0.693585 0.250527 0.000010 0.055814 0.000010 0.000010 0.000010 0.000010
0.000010 0.000010 0.750087 0.249833 0.000010 0.000010 0.000010 0.000010 0.000010 0.000010
0.000010 0.000010 0.486965 0.415403 0.097562 0.000010 0.000010 0.000010 0.000010 0.000010
0.000010 0.000010 0.668216 0.247547 0.084167 0.000010 0.000010 0.000010 0.000010 0.000010
0.000010 0.053815 0.607434 0.206117 0.034450 0.029598 0.000010 0.068547 0.000010 0.000010
0.000010 0.000010 0.801901 0.198019 0.000010 0.000010 0.000010 0.000010 0.000010 0.000010
0.000010 0.000010 0.583401 0.214885 0.098777 0.093518 0.000010 0.006182 0.002233 0.000974
0.000010 0.025959 0.708094 0.183610 0.000010 0.000010 0.000010 0.000010 0.000010 0.082277
0.058623 0.000010 0.694720 0.226998 0.000010 0.000010 0.000010 0.019599 0.000010 0.000010
0.000010 0.000010 0.517757 0.340410 0.000010 0.000010 0.000010 0.000010 0.000010 0.141763
0.000010 0.059137 0.883981 0.000010 0.056811 0.000010 0.000010 0.000010 0.000010 0.000010
0.000010 0.000010 0.654471 0.264407 0.032251 0.000010 0.000010 0.000010 0.000010 0.048811
0.000018 0.000010 0.753361 0.209646 0.000010 0.000010 0.000010 0.000010 0.000010 0.036916
0.000010 0.072648 0.904140 0.000010 0.023142 0.000010 0.000010 0.000010 0.000010 0.000010
0.000010 0.000010 0.598088 0.222692 0.000010 0.000010 0.000010 0.000010 0.000010 0.179150
0.077392 0.038644 0.883894 0.000010 0.000010 0.000010 0.000010 0.000010 0.000010 0.000010
0.000010 0.000010 0.597649 0.255014 0.000010 0.000010 0.000010 0.000010 0.000010 0.147268
0.000010 0.001598 0.727290 0.098167 0.052251 0.120643 0.000010 0.000010 0.000010 0.000010
0.000010 0.018849 0.551451 0.345307 0.000010 0.000010 0.000010 0.000010 0.000010 0.084333
0.000010 0.095387 0.604316 0.251013 0.000010 0.034507 0.000010 0.014727 0.000010 0.000010
0.042513 0.030428 0.656724 0.263486 0.000010 0.006799 0.000010 0.000010 0.000010 0.000010
0.000010 0.000010 0.000010 0.000010 0.000010 0.000010 0.000010 0.000010 0.999910 0.000010
0.000010 0.000010 0.662368 0.251938 0.000010 0.000010 0.000010 0.085625 0.000010 0.000010
0.000010 0.000010 0.823873 0.176047 0.000010 0.000010 0.000010 0.000010 0.000010 0.000010
0.000010 0.000010 0.534317 0.399479 0.000010 0.000010 0.000010 0.000010 0.000010 0.066134
0.000010 0.109804 0.659639 0.230488 0.000010 0.000010 0.000010 0.000010 0.000010 0.000010
0.000010 0.089723 0.621012 0.107871 0.000010 0.014885 0.000010 0.000010 0.000010 0.166459
0.013048 0.000010 0.910002 0.076879 0.000010 0.000010 0.000010 0.000010 0.000010 0.000010
0.000010 0.026618 0.674871 0.113185 0.117113 0.000010 0.000010 0.000010 0.000010 0.068163
0.000010 0.017182 0.625009 0.194444 0.000010 0.021123 0.000010 0.023470 0.000010 0.118731
0.000010 0.020462 0.643317 0.152183 0.000010 0.002014 0.000010 0.060107 0.000010 0.121877
0.000010 0.061137 0.683071 0.250971 0.000010 0.000010 0.000010 0.004761 0.000010 0.000010
0.000010 0.000010 0.649515 0.255649 0.000010 0.000010 0.000010 0.030334 0.006698 0.057754
0.000010 0.028526 0.551666 0.251743 0.034185 0.061291 0.000010 0.000010 0.000010 0.072549
0.000010 0.000010 0.736628 0.203173 0.060129 0.000010 0.000010 0.000010 0.000010 0.000010
0.000010 0.043138 0.600072 0.270060 0.000010 0.051630 0.000010 0.013847 0.000010 0.021212
0.000010 0.010006 0.799118 0.129484 0.040350 0.000010 0.000010 0.000010 0.000010 0.020992
0.000010 0.000010 0.000010 0.000010 0.000010 0.999910 0.000010 0.000010 0.000010 0.000010
0.000010 0.000010 0.000010 0.000010 0.999910 0.000010 0.000010 0.000010 0.000010 0.000010
0.065243 0.025066 0.000010 0.000010 0.748100 0.136837 0.000010 0.000010 0.024704 0.000010
0.000010 0.000019 0.000010 0.000010 0.979658 0.000010 0.000010 0.000010 0.000010 0.020253
0.000010 0.000016 0.000010 0.000010 0.999904 0.000010 0.000010 0.000010 0.000010 0.000010
0.006928 0.027980 0.045737 0.000010 0.724728 0.090048 0.000010 0.000010 0.000010 0.104540
0.000010 0.058569 0.125441 0.000010 0.565269 0.083896 0.000010 0.000010 0.002040 0.164744
0.000010 0.000010 0.000010 0.000010 0.999910 0.000010 0.000010 0.000010 0.000010 0.000010
0.000010 0.000010 0.000010 0.000010 0.999910 0.000010 0.000010 0.000010 0.000010 0.000010
