0.185051 0.103428 0.423487 0.152591 0.107826 0.004109 0.023498 0.000010
0.000010 0.020751 0.950155 0.029044 0.000010 0.000010 0.000010 0.000010
0.000010 0.000010 0.000010 0.999930 0.000010 0.000010 0.000010 0.000010
0.000010 0.000010 0.000010 0.999930 0.000010 0.000010 0.000010 0.000010
0.000010 0.000010 0.000010 0.999930 0.000010 0.000010 0.000010 0.000010
0.000010 0.000010 0.000010 0.999930 0.000010 0.000010 0.000010 0.000010
0.000010 0.000010 0.000010 0.999930 0.000010 0.000010 0.000010 0.000010
0.034074 0.202952 0.712698 0.050237 0.000010 0.000010 0.000010 0.000010
0.093665 0.000010 0.853135 0.053150 0.000010 0.000010 0.000010 0.000010
0.089052 0.000010 0.864897 0.046000 0.000010 0.000010 0.000010 0.000010
0.113671 0.005827 0.678621 0.065987 0.051889 0.000010 0.000010 0.083985
0.287548 0.000010 0.649097 0.063306 0.000010 0.000010 0.000010 0.000010
0.273572 0.000010 0.645265 0.081113 0.000010 0.000010 0.000010 0.000010
0.999930 0.000010 0.000010 0.000010 0.000010 0.000010 0.000010 0.000010
0.999930 0.000010 0.000010 0.000010 0.000010 0.000010 0.000010 0.000010
0.999930 0.000010 0.000010 0.000010 0.000010 0.000010 0.000010 0.000010
0.999930 0.000010 0.000010 0.000010 0.000010 0.000010 0.000010 0.000010
0.000010 0.158744 0.837724 0.003482 0.000010 0.000010 0.000010 0.000010
0.000010 0.050195 0.865023 0.016182 0.068560 0.000010 0.000010 0.000010
0.999930 0.000010 0.000010 0.000010 0.000010 0.000010 0.000010 0.000010
0.999930 0.000010 0.000010 0.000010 0.000010 0.000010 0.000010 0.000010
0.000010 0.000010 0.579254 0.000010 0.000010 0.000010 0.420686 0.000010
0.000010 0.000010 0.999930 0.000010 0.000010 0.000010 0.000010 0.000010
0.001618 0.000010 0.998322 0.000010 0.000010 0.000010 0.000010 0.000010
0.106322 0.000010 0.861635 0.031993 0.000010 0.000010 0.000010 0.000010
0.124715 0.221717 0.557143 0.057664 0.038731 0.000010 0.000010 0.000010
0.130779 0.052461 0.579772 0.112447 0.019118 0.000010 0.000010 0.105402
0.142563 0.040848 0.721010 0.056429 0.000010 0.000010 0.000010 0.039120
0.034313 0.013720 0.752011 0.199917 0.000010 0.000010 0.000010 0.000010
0.000010 0.000010 0.999930 0.000010 0.000010 0.000010 0.000010 0.000010
0.000010 0.000010 0.999930 0.000010 0.000010 0.000010 0.000010 0.000010
0.000010 0.000010 0.948753 0.000010 0.000010 0.003763 0.047434 0.000010
0.000010 0.000010 0.999930 0.000010 0.000010 0.000010 0.000010 0.000010
0.000010 0.183627 0.533843 0.207327 0.000010 0.000010 0.000010 0.075163
0.040431 0.161516 0.724779 0.068750 0.004493 0.000010 0.000010 0.000010
0.100246 0.070797 0.704105 0.038896 0.000010 0.000010 0.000010 0.085926
0.000010 0.000010 0.833823 0.126388 0.000010 0.019329 0.020420 0.000010
0.000010 0.000010 0.999930 0.000010 0.000010 0.000010 0.000010 0.000010
0.127916 0.000010 0.829467 0.042566 0.000010 0.000010 0.000010 0.000010
0.167919 0.000010 0.813230 0.017900 0.000010 0.000010 0.000010 0.000911
0.129807 0.000010 0.781159 0.015412 0.020273 0.000010 0.000010 0.053318
0.267501 0.000010 0.663309 0.033693 0.001004 0.004968 0.029506 0.000010
0.101838 0.000010 0.781581 0.093809 0.000010 0.022732 0.000010 0.000010
0.170869 0.147855 0.547793 0.117016 0.000010 0.000010 0.016437 0.000010
0.053114 0.076699 0.714855 0.153012 0.000010 0.000010 0.002289 0.000010
0.000010 0.000010 0.985143 0.014797 0.000010 0.000010 0.000010 0.000010
0.108296 0.305908 0.420187 0.000010 0.000010 0.018937 0.047552 0.099100
0.019204 0.150629 0.000010 0.085155 0.100337 0.000010 0.000010 0.644646
0.999930 0.000010 0.000010 0.000010 0.000010 0.000010 0.000010 0.000010
0.999930 0.000010 0.000010 0.000010 0.000010 0.000010 0.000010 0.000010
0.399668 0.000010 0.348705 0.107916 0.063879 0.000010 0.017570 0.062242
0.633131 0.000010 0.316091 0.000010 0.000010 0.000010 0.050728 0.000010
0.680458 0.000010 0.248556 0.000010 0.011764 0.000010 0.059182 0.000010
0.684296 0.000010 0.231720 0.038514 0.000010 0.000010 0.045430 0.000010
0.667847 0.000010 0.264722 0.000010 0.017336 0.000010 0.050055 0.000010
0.999930 0.000010 0.000010 0.000010 0.000010 0.000010 0.000010 0.000010
0.999930 0.000010 0.000010 0.000010 0.000010 0.000010 0.000010 0.000010
0.416649 0.054527 0.195207 0.288820 0.000010 0.000010 0.044767 0.000010
0.369036 0.030313 0.420246 0.042570 0.090624 0.013684 0.033517 0.000010
0.416246 0.002248 0.275045 0.225218 0.000010 0.000010 0.081213 0.000010
0.471469 0.000010 0.297862 0.169106 0.000010 0.000010 0.061523 0.000010
0.999930 0.000010 0.000010 0.000010 0.000010 0.000010 0.000010 0.000010
0.000010 0.000010 0.000010 0.000010 0.000010 0.000010 0.999930 0.000010
0.000010 0.000010 0.000010 0.000010 0.000010 0.000010 0.999930 0.000010
0.000010 0.000010 0.000010 0.000010 0.000010 0.000010 0.999930 0.000010
0.000010 0.000010 0.000010 0.000010 0.000010 0.000010 0.999930 0.000010
0.000010 0.000010 0.000010 0.000010 0.000010 0.000010 0.999930 0.000010
0.000010 0.000010 0.000010 0.000010 0.000010 0.000010 0.999930 0.000010
0.397859 0.057540 0.376680 0.050561 0.093775 0.000010 0.023564 0.000010
0.000010 0.000010 0.000010 0.000010 0.000010 0.000010 0.999930 0.000010
0.000010 0.000010 0.000010 0.000010 0.000010 0.000010 0.999930 0.000010
0.999930 0.000010 0.000010 0.000010 0.000010 0.000010 0.000010 0.000010
0.999930 0.000010 0.000010 0.000010 0.000010 0.000010 0.000010 0.000010
0.428538 0.004839 0.328989 0.100152 0.060964 0.000010 0.076499 0.000010
0.244347 0.153036 0.338555 0.086690 0.092576 0.000010 0.000010 0.084775
0.675883 0.085610 0.000010 0.154572 0.083895 0.000010 0.000010 0.000010
0.000010 0.000010 0.000010 0.999930 0.000010 0.000010 0.000010 0.000010
0.000010 0.000010 0.000010 0.999930 0.000010 0.000010 0.000010 0.000010
0.000010 0.000010 0.000010 0.999930 0.000010 0.000010 0.000010 0.000010
0.000010 0.000010 0.000010 0.999930 0.000010 0.000010 0.000010 0.000010
0.000010 0.000010 0.000010 0.999930 0.000010 0.000010 0.000010 0.000010
0.000010 0.000010 0.000010 0.999930 0.000010 0.000010 0.000010 0.000010
0.596888 0.081106 0.029527 0.162886 0.077759 0.000010 0.000010 0.051814
0.578944 0.131478 0.000010 0.208212 0.081326 0.000010 0.000010 0.000010
0.414074 0.000010 0.320078 0.097610 0.000010 0.000010 0.000010 0.168198
0.364495 0.000010 0.384224 0.092287 0.000010 0.000010 0.024928 0.134036
0.999930 0.000010 0.000010 0.000010 0.000010 0.000010 0.000010 0.000010
0.999930 0.000010 0.000010 0.000010 0.000010 0.000010 0.000010 0.000010
0.999930 0.000010 0.000010 0.000010 0.000010 0.000010 0.000010 0.000010
0.999930 0.000010 0.000010 0.000010 0.000010 0.000010 0.000010 0.000010
0.999930 0.000010 0.000010 0.000010 0.000010 0.000010 0.000010 0.000010
0.000010 0.000010 0.000010 0.000010 0.000010 0.999930 0.000010 0.000010
0.075738 0.064511 0.427830 0.039591 0.086794 0.000010 0.233097 0.072429
0.120764 0.053095 0.386560 0.031358 0.105838 0.000010 0.217568 0.084808
0.328314 0.210049 0.275655 0.062659 0.096581 0.000010 0.007514 0.019218
0.509159 0.319888 0.018968 0.059859 0.092096 0.000010 0.000010 0.000010
0.524018 0.211090 0.037614 0.107487 0.107701 0.000010 0.000010 0.012071
0.482535 0.127419 0.148178 0.000010 0.069487 0.000010 0.059622 0.112739
0.357829 0.174412 0.272173 0.036139 0.081088 0.000010 0.024303 0.054046
0.000010 0.000010 0.000010 0.024065 0.000010 0.975875 0.000010 0.000010
0.359317 0.137214 0.280601 0.052962 0.000010 0.000010 0.073009 0.096877
0.516928 0.209674 0.054875 0.206127 0.012366 0.000010 0.000010 0.000010
0.627587 0.116778 0.000010 0.220437 0.012200 0.000010 0.000010 0.022968
0.512862 0.113826 0.099096 0.205789 0.068397 0.000010 0.000010 0.000010
0.000010 0.000010 0.000010 0.000010 0.000010 0.999930 0.000010 0.000010
0.280297 0.047862 0.256665 0.030480 0.039804 0.000010 0.240917 0.103965
0.000010 0.000010 0.000010 0.000010 0.000010 0.999930 0.000010 0.000010
0.000010 0.000010 0.825641 0.074024 0.000010 0.022785 0.077510 0.000010
0.000010 0.000010 0.000010 0.000010 0.000010 0.999930 0.000010 0.000010
0.000010 0.000010 0.000010 0.000010 0.000010 0.999930 0.000010 0.000010
0.355698 0.056997 0.365866 0.125382 0.096027 0.000010 0.000010 0.000010
0.355548 0.154936 0.244306 0.097556 0.091974 0.000010 0.055659 0.000010
0.000010 0.000010 0.000010 0.000010 0.000010 0.999930 0.000010 0.000010
0.000010 0.000010 0.000010 0.000010 0.000010 0.999930 0.000010 0.000010
0.569840 0.000010 0.000010 0.000010 0.000010 0.000010 0.430100 0.000010
0.999930 0.000010 0.000010 0.000010 0.000010 0.000010 0.000010 0.000010
0.000010 0.000010 0.000010 0.000010 0.000010 0.999930 0.000010 0.000010
0.999930 0.000010 0.000010 0.000010 0.000010 0.000010 0.000010 0.000010
0.999930 0.000010 0.000010 0.000010 0.000010 0.000010 0.000010 0.000010
0.999930 0.000010 0.000010 0.000010 0.000010 0.000010 0.000010 0.000010
0.718954 0.204839 0.076158 0.000010 0.000010 0.000010 0.000010 0.000010
0.793490 0.206450 0.000010 0.000010 0.000010 0.000010 0.000010 0.000010
0.708161 0.198968 0.092821 0.000010 0.000010 0.000010 0.000010 0.000010
0.714706 0.229359 0.055885 0.000010 0.000010 0.000010 0.000010 0.000010
0.000010 0.000010 0.000010 0.000010 0.000010 0.000010 0.999930 0.000010
0.000010 0.000010 0.000010 0.000010 0.000010 0.000010 0.999930 0.000010
0.000010 0.000010 0.000010 0.000010 0.000010 0.000010 0.999930 0.000010
0.000010 0.000010 0.000010 0.000010 0.000010 0.000010 0.999930 0.000010
0.000010 0.000010 0.000010 0.000010 0.000010 0.000010 0.999930 0.000010
0.000010 0.000010 0.000010 0.000010 0.000010 0.000010 0.999930 0.000010
0.221176 0.086987 0.441515 0.000010 0.123662 0.000010 0.005073 0.121566
0.288034 0.000010 0.620912 0.000010 0.091005 0.000010 0.000010 0.000010
0.276311 0.000010 0.587519 0.000010 0.115361 0.000010 0.002369 0.018410
0.304282 0.257553 0.377244 0.060881 0.000010 0.000010 0.000010 0.000010
0.310031 0.229686 0.429233 0.031011 0.000010 0.000010 0.000010 0.000010
0.000010 0.028977 0.000010 0.000010 0.234077 0.000010 0.000010 0.736896
0.100085 0.000010 0.000010 0.000010 0.068706 0.000010 0.000010 0.831159
0.000010 0.000010 0.000010 0.027037 0.004144 0.000010 0.000010 0.968769
0.061767 0.096007 0.000010 0.059762 0.062824 0.000010 0.000010 0.719610
0.000010 0.000010 0.000010 0.000010 0.095553 0.000010 0.000010 0.904387
0.000010 0.000010 0.000010 0.000010 0.078158 0.000010 0.000010 0.921782
0.000010 0.000010 0.000010 0.000010 0.093969 0.000010 0.000010 0.905971
0.052075 0.053540 0.000010 0.000010 0.035034 0.000010 0.036312 0.823009
0.000010 0.000010 0.000010 0.000010 0.302419 0.000010 0.000010 0.697521
0.000010 0.000010 0.000010 0.000010 0.331559 0.000010 0.000010 0.668381
0.000010 0.089402 0.000010 0.027883 0.149320 0.000010 0.000010 0.733356
0.000010 0.000011 0.000012 0.000011 0.000013 0.999924 0.000010 0.000010
0.110192 0.059657 0.000010 0.000010 0.018814 0.000010 0.000010 0.811298
0.112464 0.131365 0.000010 0.026871 0.084353 0.000010 0.000010 0.644916
0.000010 0.000010 0.065339 0.016829 0.078127 0.000010 0.000010 0.839665
0.000010 0.000010 0.028038 0.008562 0.015305 0.000010 0.000010 0.948055
0.000010 0.000010 0.000010 0.045005 0.120729 0.000010 0.000010 0.834216
0.000010 0.105865 0.000010 0.105138 0.096722 0.000010 0.000010 0.692234
0.000010 0.000010 0.000010 0.047869 0.090358 0.000010 0.000010 0.861723
0.000010 0.090620 0.000010 0.068055 0.093922 0.000010 0.000010 0.747363
0.000010 0.000010 0.000010 0.010938 0.184544 0.000010 0.000010 0.804468
0.000010 0.000010 0.000010 0.008084 0.197912 0.000010 0.000010 0.793953
0.000010 0.000010 0.000010 0.000010 0.185058 0.000010 0.000010 0.814882
0.000010 0.002882 0.000010 0.040451 0.000010 0.000010 0.000010 0.956617
0.000010 0.000150 0.000010 0.052229 0.000010 0.000010 0.000010 0.947571
0.000010 0.000010 0.000010 0.023011 0.000010 0.000010 0.000010 0.976929
0.037262 0.243979 0.602577 0.116142 0.000010 0.000010 0.000010 0.000010
0.155804 0.046731 0.085964 0.110934 0.048373 0.000010 0.000010 0.552174
0.000010 0.000010 0.000010 0.000010 0.000010 0.999930 0.000010 0.000010
0.000010 0.000010 0.000010 0.000010 0.285933 0.000010 0.000010 0.714007
0.000010 0.000010 0.000010 0.000010 0.269947 0.000010 0.000010 0.729993
0.000010 0.000010 0.000010 0.000010 0.279098 0.000010 0.000010 0.720842
0.000010 0.000010 0.000010 0.036618 0.191937 0.000010 0.000010 0.771395
0.000010 0.000010 0.000010 0.000010 0.000010 0.000010 0.000010 0.999930
0.000010 0.000010 0.000010 0.000010 0.000010 0.000010 0.000010 0.999930
0.000010 0.000010 0.000010 0.000010 0.000010 0.000010 0.000010 0.999930
0.000010 0.000010 0.000010 0.000010 0.000010 0.000010 0.000010 0.999930
0.000010 0.000010 0.042707 0.053865 0.213518 0.000010 0.000010 0.689870
0.000010 0.000010 0.038293 0.057735 0.196844 0.000010 0.000010 0.707087
0.000010 0.043613 0.062332 0.021576 0.026724 0.000010 0.038100 0.807634
0.000010 0.000010 0.000010 0.000010 0.000010 0.999930 0.000010 0.000010
0.000010 0.011711 0.000010 0.023421 0.100943 0.000010 0.000010 0.863884
0.000010 0.000010 0.000010 0.000010 0.000010 0.999930 0.000010 0.000010
0.039603 0.022337 0.000010 0.000010 0.096899 0.000010 0.000010 0.841121
0.000010 0.000010 0.000010 0.000010 0.000010 0.999930 0.000010 0.000010
0.000010 0.000010 0.000010 0.022736 0.223168 0.000010 0.000010 0.754046
0.000010 0.000010 0.000010 0.000010 0.229171 0.000010 0.000010 0.770769
0.000010 0.000010 0.000010 0.000010 0.012748 0.000010 0.000010 0.987192
0.000010 0.000010 0.000010 0.000010 0.999930 0.000010 0.000010 0.000010
0.000010 0.000010 0.000010 0.000010 0.999930 0.000010 0.000010 0.000010
0.000010 0.000010 0.000010 0.000010 0.999930 0.000010 0.000010 0.000010
0.000010 0.000010 0.000010 0.000010 0.999930 0.000010 0.000010 0.000010
0.000010 0.000010 0.000010 0.000010 0.999930 0.000010 0.000010 0.000010
0.000010 0.000010 0.000010 0.000010 0.000010 0.999930 0.000010 0.000010
0.000010 0.000010 0.000010 0.000010 0.000010 0.999930 0.000010 0.000010
0.000010 0.000010 0.000010 0.000010 0.000010 0.999930 0.000010 0.000010
0.000010 0.000010 0.000010 0.000010 0.000010 0.999930 0.000010 0.000010
0.000010 0.000010 0.000010 0.000010 0.000010 0.999930 0.000010 0.000010
0.000010 0.000010 0.000010 0.000010 0.000010 0.999930 0.000010 0.000010
0.000010 0.000010 0.000010 0.000010 0.000010 0.999928 0.000012 0.000010
0.072372 0.000010 0.000010 0.103738 0.112117 0.000010 0.000010 0.711733
0.068959 0.015914 0.000010 0.000010 0.209925 0.000010 0.000010 0.705162
0.005541 0.730674 0.145571 0.000010 0.000010 0.000010 0.053638 0.064546
0.152728 0.709328 0.000010 0.082680 0.055224 0.000010 0.000010 0.000010
0.000010 0.606055 0.258606 0.061939 0.073361 0.000010 0.000010 0.000010
0.068046 0.835327 0.000010 0.091361 0.000010 0.000010 0.000010 0.005226
0.000010 0.798388 0.037291 0.041654 0.000010 0.024985 0.000010 0.097653
0.000010 0.795674 0.132375 0.000010 0.071901 0.000010 0.000010 0.000010
0.000010 0.000010 0.000010 0.000010 0.002669 0.000010 0.000010 0.997271
0.000010 0.000010 0.000010 0.000010 0.000010 0.999930 0.000010 0.000010
0.000010 0.052298 0.000010 0.045999 0.190870 0.000010 0.000010 0.710793
0.000010 0.032458 0.000010 0.023195 0.120132 0.000010 0.000010 0.824175
0.000010 0.000010 0.000010 0.038214 0.000010 0.000010 0.000010 0.961726
0.000010 0.000010 0.000010 0.000010 0.034586 0.000010 0.000010 0.965354
0.000012 0.000010 0.000010 0.000010 0.000010 0.999928 0.000010 0.000010
0.000010 0.000010 0.000010 0.000010 0.059737 0.000010 0.000010 0.940203
0.000010 0.000010 0.000010 0.062334 0.061176 0.000010 0.000010 0.876440
0.000010 0.000010 0.000010 0.015369 0.166789 0.000010 0.000010 0.817792
0.054968 0.121360 0.000010 0.061849 0.178753 0.013607 0.000010 0.569443
0.000010 0.000010 0.000010 0.079143 0.122457 0.000010 0.000010 0.798350
0.000010 0.030319 0.039370 0.000010 0.180187 0.000010 0.000010 0.750085
0.000010 0.094078 0.000010 0.000010 0.165230 0.000010 0.017525 0.723127
0.000010 0.000010 0.000010 0.156157 0.150510 0.000010 0.000010 0.693282
0.000010 0.000010 0.000010 0.000010 0.999930 0.000010 0.000010 0.000010
0.002196 0.000010 0.107543 0.077503 0.120059 0.000010 0.000010 0.692669
0.142775 0.000010 0.000010 0.000010 0.104795 0.000010 0.000010 0.752380
0.000010 0.000010 0.000010 0.000010 0.000010 0.999930 0.000010 0.000010
0.000010 0.000010 0.034132 0.051846 0.913973 0.000010 0.000010 0.000010
0.000010 0.000010 0.016036 0.069531 0.912775 0.000010 0.000010 0.001617
0.031374 0.090520 0.000010 0.000150 0.147763 0.000010 0.000010 0.730163
0.000010 0.000010 0.000010 0.040886 0.103235 0.000010 0.000010 0.855829
0.000010 0.000010 0.000010 0.000010 0.999930 0.000010 0.000010 0.000010
0.000010 0.000010 0.000010 0.000010 0.999930 0.000010 0.000010 0.000010
0.000010 0.000010 0.000010 0.000010 0.999930 0.000010 0.000010 0.000010
0.000010 0.000010 0.000010 0.000010 0.000010 0.000010 0.000010 0.999930
0.000010 0.000010 0.000010 0.000010 0.000010 0.000010 0.000010 0.999930
0.000010 0.000010 0.000010 0.000010 0.999930 0.000010 0.000010 0.000010
0.000010 0.000010 0.000010 0.000010 0.999930 0.000010 0.000010 0.000010
0.000010 0.000010 0.000010 0.000010 0.999930 0.000010 0.000010 0.000010
0.112718 0.017244 0.013664 0.000010 0.084586 0.000010 0.000010 0.771759
0.000010 0.000010 0.000010 0.000010 0.005691 0.000010 0.000010 0.994249
0.000010 0.000010 0.000010 0.000010 0.014814 0.000010 0.000010 0.985126
0.000010 0.000010 0.000010 0.000010 0.018384 0.000010 0.000010 0.981556
0.000010 0.000010 0.000010 0.000010 0.033488 0.000010 0.000010 0.966452
0.030956 0.000010 0.000010 0.000015 0.104231 0.000010 0.000010 0.864759
0.041766 0.000010 0.000010 0.000010 0.083279 0.000010 0.000010 0.874905
0.000010 0.000010 0.000010 0.000010 0.131394 0.000010 0.000010 0.868546
0.000010 0.000010 0.000010 0.000010 0.111834 0.000010 0.000010 0.888106
0.000010 0.101507 0.000010 0.022085 0.147646 0.000010 0.000010 0.728723
0.000010 0.110550 0.000010 0.018815 0.129674 0.000010 0.000010 0.740921
0.000010 0.000010 0.000010 0.000010 0.727533 0.000010 0.000010 0.272407
0.040052 0.000010 0.000010 0.000010 0.373169 0.000010 0.000010 0.586729
0.035613 0.000010 0.000010 0.000010 0.383020 0.000010 0.000010 0.581317
0.000010 0.000010 0.000010 0.000010 0.704224 0.000010 0.000010 0.295716
0.000010 0.000010 0.021487 0.078510 0.066760 0.000010 0.000010 0.833203
0.033579 0.000010 0.000010 0.042784 0.087260 0.000010 0.000010 0.836337
0.038677 0.000010 0.000010 0.081761 0.100906 0.000010 0.000010 0.778616
0.012051 0.000010 0.000010 0.026955 0.488932 0.000010 0.000010 0.472022
0.052269 0.000010 0.000010 0.000010 0.061289 0.000010 0.000010 0.886393
0.000010 0.000010 0.000010 0.000010 0.393276 0.000010 0.000010 0.606664
0.050645 0.084606 0.000010 0.024866 0.117985 0.000010 0.000010 0.721868
0.020393 0.026569 0.000010 0.066304 0.162640 0.009158 0.000010 0.714916
0.000010 0.000010 0.000010 0.000010 0.398133 0.000010 0.000010 0.601807
0.072834 0.000010 0.000010 0.043175 0.189629 0.000010 0.000010 0.694323
0.000010 0.000010 0.000010 0.083262 0.095988 0.000010 0.000010 0.820700
0.000010 0.000010 0.000010 0.000010 0.000010 0.999930 0.000010 0.000010
0.000010 0.000010 0.000010 0.000010 0.000010 0.999930 0.000010 0.000010
0.000010 0.000010 0.000010 0.000010 0.000010 0.999930 0.000010 0.000010
0.030466 0.000010 0.032777 0.000010 0.242743 0.000010 0.000010 0.693974
0.000010 0.000010 0.000010 0.000010 0.000010 0.999930 0.000010 0.000010
0.000010 0.000010 0.000010 0.013863 0.108524 0.000010 0.000010 0.877563
0.000010 0.000010 0.000010 0.017941 0.091168 0.000010 0.000010 0.890840
0.000010 0.000010 0.000010 0.000012 0.000010 0.999928 0.000010 0.000010
0.000010 0.000010 0.000010 0.000010 0.000010 0.999930 0.000010 0.000010
0.000010 0.000010 0.000010 0.000010 0.000010 0.999930 0.000010 0.000010
0.026992 0.000010 0.000010 0.000010 0.111014 0.000010 0.000010 0.861944
0.000010 0.000010 0.000010 0.000010 0.000010 0.999930 0.000010 0.000010
0.000010 0.000010 0.931755 0.068185 0.000010 0.000010 0.000010 0.000010
0.000010 0.000010 0.000010 0.000010 0.000010 0.999930 0.000010 0.000010
0.000010 0.000010 0.000010 0.000010 0.000010 0.999930 0.000010 0.000010
0.000010 0.000010 0.000010 0.000010 0.000010 0.999930 0.000010 0.000010
0.091454 0.005233 0.848748 0.000010 0.027757 0.026778 0.000010 0.000010
0.000010 0.050098 0.857575 0.014402 0.015331 0.000010 0.000010 0.062564
0.105645 0.268441 0.552134 0.000010 0.073740 0.000010 0.000010 0.000010
0.000010 0.066725 0.842627 0.047205 0.000010 0.000010 0.000010 0.043402
0.000010 0.000010 0.999930 0.000010 0.000010 0.000010 0.000010 0.000010
0.000010 0.000010 0.000010 0.000010 0.000010 0.999930 0.000010 0.000010
0.000010 0.094317 0.000010 0.014370 0.049833 0.000010 0.000010 0.841439
0.139644 0.000010 0.676549 0.077296 0.000010 0.000010 0.038625 0.067856
0.002455 0.280002 0.593143 0.124360 0.000010 0.000010 0.000010 0.000010
0.076476 0.128466 0.733169 0.012301 0.021535 0.000010 0.028033 0.000010
0.000010 0.000010 0.763736 0.140730 0.064846 0.030648 0.000010 0.000010
0.217571 0.108098 0.474311 0.091603 0.050093 0.009864 0.048449 0.000010
0.104120 0.124150 0.671309 0.100381 0.000010 0.000010 0.000010 0.000010
0.121429 0.000010 0.588262 0.071124 0.004724 0.005949 0.000010 0.208491
0.102753 0.000010 0.766238 0.103420 0.027549 0.000010 0.000010 0.000010
0.067739 0.056665 0.737960 0.137596 0.000010 0.000010 0.000010 0.000010
0.081926 0.131592 0.705756 0.061317 0.000010 0.010469 0.008920 0.000010
0.091501 0.213468 0.515372 0.177601 0.000010 0.002028 0.000010 0.000010
0.058976 0.143186 0.667979 0.093585 0.036245 0.000010 0.000010 0.000010
0.253327 0.066209 0.601362 0.079062 0.000010 0.000010 0.000010 0.000010
0.096818 0.000010 0.785815 0.117318 0.000010 0.000010 0.000010 0.000010
0.000010 0.000010 0.999930 0.000010 0.000010 0.000010 0.000010 0.000010
0.000010 0.000010 0.995290 0.004650 0.000010 0.000010 0.000010 0.000010
0.000010 0.126772 0.657083 0.080822 0.009681 0.000010 0.000010 0.125612
0.183681 0.052494 0.606248 0.117833 0.039714 0.000010 0.000010 0.000010
0.070005 0.215494 0.517084 0.146462 0.000382 0.000010 0.000010 0.050554
0.000010 0.000010 0.897462 0.102478 0.000010 0.000010 0.000010 0.000010
0.193271 0.000010 0.655354 0.144509 0.000010 0.006826 0.000010 0.000010
0.134512 0.000010 0.822561 0.013305 0.022934 0.006659 0.000010 0.000010
0.000010 0.000010 0.913763 0.086177 0.000010 0.000010 0.000010 0.000010
0.000010 0.000010 0.000010 0.000010 0.009241 0.980291 0.001912 0.008517
0.144681 0.143014 0.563611 0.102968 0.036290 0.009416 0.000010 0.000010
0.092118 0.130832 0.593517 0.106473 0.056392 0.020648 0.000010 0.000010
0.165635 0.146544 0.513771 0.075436 0.000010 0.000010 0.000010 0.098584
0.099690 0.000010 0.745777 0.076156 0.000010 0.000010 0.000010 0.078337
0.000010 0.000010 0.000010 0.000010 0.000010 0.999930 0.000010 0.000010
0.000010 0.000010 0.999930 0.000010 0.000010 0.000010 0.000010 0.000010
0.000010 0.000010 0.999930 0.000010 0.000010 0.000010 0.000010 0.000010
0.000010 0.000010 0.000010 0.000010 0.000010 0.999930 0.000010 0.000010
0.128884 0.151631 0.659710 0.056186 0.003558 0.000010 0.000010 0.000010
0.000010 0.000010 0.999930 0.000010 0.000010 0.000010 0.000010 0.000010
0.000010 0.000010 0.999930 0.000010 0.000010 0.000010 0.000010 0.000010
0.000010 0.000010 0.859947 0.066784 0.070072 0.003157 0.000010 0.000010
0.169246 0.035892 0.691611 0.059543 0.000010 0.007262 0.036426 0.000010
0.106119 0.000010 0.660195 0.144445 0.039166 0.000010 0.022634 0.027420
0.000010 0.000010 0.884497 0.080659 0.034787 0.000018 0.000010 0.000010
0.190225 0.146586 0.516282 0.130719 0.016158 0.000010 0.000010 0.000010
0.144648 0.189431 0.547892 0.000010 0.000010 0.000010 0.000010 0.117989
0.111275 0.076961 0.748940 0.052286 0.000010 0.000010 0.000010 0.010508
0.137080 0.158822 0.323357 0.234898 0.029647 0.000010 0.000010 0.116176
0.043556 0.000010 0.953883 0.000010 0.000010 0.002511 0.000010 0.000010
0.129625 0.136394 0.528955 0.000010 0.102967 0.000010 0.000010 0.102030
0.000010 0.009825 0.923321 0.033343 0.028775 0.000010 0.000010 0.004706
0.177222 0.217452 0.476341 0.117264 0.000010 0.011691 0.000010 0.000010
0.140971 0.210393 0.385068 0.159806 0.056419 0.000010 0.011394 0.035938
0.033529 0.000010 0.000010 0.000010 0.000010 0.000010 0.000010 0.966411
0.000010 0.000010 0.000010 0.082532 0.152211 0.000010 0.000010 0.765208
0.053348 0.000010 0.000010 0.000010 0.000010 0.000010 0.000010 0.946592
0.055959 0.000010 0.000010 0.011866 0.000010 0.000010 0.000010 0.932125
0.000010 0.099690 0.000010 0.016268 0.183923 0.000010 0.000010 0.700079
0.000010 0.000010 0.000010 0.042266 0.158902 0.000010 0.000010 0.798782
0.000010 0.113673 0.000010 0.000010 0.130278 0.000010 0.000010 0.755999
0.000904 0.017929 0.000010 0.000010 0.110528 0.006774 0.000010 0.863835
0.024964 0.000010 0.000010 0.000010 0.084939 0.000010 0.000010 0.890047
0.116090 0.076207 0.000010 0.065248 0.077512 0.000010 0.000010 0.664913
0.000010 0.000010 0.000010 0.033786 0.113292 0.000010 0.000010 0.852873
0.012648 0.000010 0.034231 0.000010 0.061801 0.000010 0.000010 0.891280
0.000010 0.000010 0.156356 0.003526 0.111992 0.000010 0.000010 0.728086
0.000010 0.000010 0.000010 0.017334 0.031515 0.000010 0.000010 0.951101
0.000010 0.053618 0.000010 0.077754 0.004607 0.000010 0.000010 0.863980
0.000010 0.000010 0.000010 0.000010 0.000010 0.999930 0.000010 0.000010
0.032125 0.000010 0.000010 0.035428 0.129862 0.000010 0.000010 0.802546
0.000010 0.000010 0.053364 0.026080 0.233635 0.000010 0.000010 0.686881
0.000010 0.000010 0.139041 0.022154 0.112218 0.000010 0.000010 0.726547
0.000010 0.000010 0.000010 0.000010 0.000010 0.000010 0.019798 0.980142
0.000010 0.000010 0.000010 0.000010 0.000010 0.000010 0.000010 0.999930
0.000010 0.000010 0.000010 0.053574 0.075219 0.000010 0.000010 0.871157
0.000010 0.000010 0.000010 0.000010 0.000010 0.000010 0.000010 0.999930
0.000010 0.000010 0.000010 0.090088 0.093096 0.000010 0.000010 0.816766
0.000010 0.000010 0.000010 0.085969 0.086856 0.000010 0.000010 0.827126
0.000010 0.125624 0.000010 0.114172 0.093977 0.000010 0.000010 0.666187
0.000010 0.000010 0.000010 0.000010 0.000010 0.000010 0.000010 0.999930
0.000010 0.000010 0.000010 0.000010 0.000010 0.000010 0.000010 0.999930
0.074148 0.000010 0.000010 0.000010 0.046173 0.000010 0.000010 0.879629
0.000010 0.000010 0.000010 0.070511 0.115232 0.000010 0.000010 0.814207
0.000010 0.000010 0.000010 0.000010 0.000010 0.000010 0.000010 0.999930
0.070832 0.072659 0.787313 0.055384 0.000010 0.000010 0.000010 0.013782
0.000010 0.000010 0.000010 0.114812 0.107042 0.000010 0.000010 0.778096
0.000010 0.000010 0.000010 0.000010 0.000010 0.000010 0.000010 0.999930
0.000010 0.000010 0.081572 0.031979 0.109009 0.000010 0.000010 0.777401
0.000010 0.000010 0.000010 0.077058 0.121018 0.000010 0.000010 0.801874
0.000010 0.000010 0.000010 0.000010 0.128972 0.000010 0.029500 0.841478
0.000010 0.000010 0.000010 0.186434 0.130322 0.000010 0.000010 0.683194
0.031950 0.007515 0.000010 0.072553 0.071607 0.003195 0.000010 0.813160
0.000010 0.000010 0.000010 0.215159 0.062507 0.000010 0.000010 0.722283
0.063399 0.000010 0.000010 0.007470 0.094852 0.000010 0.000010 0.834239
0.091112 0.098704 0.000010 0.044846 0.166608 0.000010 0.009963 0.588747
0.000010 0.000010 0.000010 0.136975 0.194235 0.000010 0.000010 0.668741
0.000010 0.000010 0.000010 0.121502 0.247191 0.000010 0.000010 0.631257
0.021849 0.118356 0.000010 0.084743 0.000010 0.000010 0.000010 0.775012
0.032253 0.118267 0.000010 0.083439 0.000010 0.000010 0.000010 0.766001
0.024726 0.000010 0.000010 0.000010 0.000010 0.007527 0.000010 0.967697
0.027419 0.000010 0.000010 0.000010 0.014088 0.000010 0.000010 0.958444
0.084944 0.050529 0.790494 0.041260 0.021380 0.011374 0.000010 0.000010
0.039050 0.000010 0.000010 0.000010 0.142743 0.000010 0.000010 0.818157
0.000010 0.061003 0.000010 0.000010 0.197323 0.000010 0.000010 0.741624
0.021592 0.005313 0.000010 0.000010 0.148487 0.000010 0.000010 0.824568
0.000010 0.000010 0.000010 0.146350 0.071073 0.000010 0.000010 0.782528
0.000010 0.012952 0.013551 0.000010 0.135198 0.000010 0.018611 0.819658
0.000010 0.000010 0.000010 0.003759 0.206310 0.000010 0.000010 0.789880
0.000010 0.000010 0.000010 0.000010 0.073012 0.000010 0.000010 0.926928
0.000010 0.000010 0.000010 0.000010 0.062817 0.000010 0.000010 0.937123
0.038503 0.000010 0.000010 0.000010 0.122210 0.000010 0.000010 0.839237
0.000010 0.000010 0.048587 0.016789 0.000010 0.000010 0.000010 0.934574
0.000010 0.043575 0.182452 0.031823 0.057865 0.004609 0.000010 0.679657
0.000010 0.000010 0.000010 0.015927 0.109484 0.000010 0.000010 0.874538
0.000010 0.000010 0.000010 0.006795 0.038543 0.000010 0.016987 0.937634
0.074883 0.135967 0.000010 0.091072 0.023276 0.000010 0.000010 0.674771
0.000010 0.101260 0.000010 0.000010 0.035681 0.000010 0.000010 0.863009
0.000010 0.097496 0.000010 0.000010 0.019171 0.000010 0.000010 0.883283
0.107953 0.000010 0.031022 0.053713 0.074722 0.000010 0.000010 0.732560
0.000010 0.000010 0.098189 0.000010 0.000010 0.000010 0.000010 0.901751
0.000010 0.000010 0.051509 0.000010 0.053932 0.000010 0.000010 0.894510
0.000010 0.000010 0.000010 0.000010 0.103993 0.000010 0.000010 0.895947
0.000010 0.078777 0.000010 0.038556 0.172427 0.000010 0.000010 0.710200
0.000010 0.071311 0.000010 0.000010 0.072490 0.000010 0.000010 0.856149
0.000010 0.104159 0.000010 0.025252 0.221549 0.000010 0.048541 0.600469
0.000010 0.000010 0.000010 0.026411 0.125690 0.000010 0.000010 0.847849
0.000010 0.098069 0.088540 0.000010 0.091659 0.000010 0.000010 0.721693
0.019391 0.000010 0.000010 0.023374 0.076406 0.000010 0.000010 0.880788
0.064020 0.000010 0.017239 0.000010 0.067619 0.000010 0.000010 0.851083
0.040311 0.000010 0.015118 0.053524 0.184475 0.000010 0.000010 0.706543
0.000010 0.096823 0.003082 0.000010 0.000010 0.000010 0.000010 0.900045
0.000010 0.000010 0.000010 0.118253 0.154886 0.000010 0.000010 0.726812
0.000010 0.000010 0.000010 0.094378 0.086001 0.000010 0.000010 0.819571
0.000010 0.079946 0.000010 0.000010 0.000010 0.000010 0.000010 0.919994
0.000010 0.000010 0.000010 0.077951 0.000010 0.000010 0.000010 0.921989
0.000010 0.048048 0.000010 0.000010 0.000010 0.000010 0.103273 0.848629
0.000010 0.000010 0.000010 0.108147 0.000010 0.000010 0.000010 0.891793
0.000010 0.092779 0.051153 0.046295 0.069763 0.000010 0.000010 0.739980
0.100753 0.000010 0.020194 0.000010 0.175507 0.000010 0.000010 0.703506
0.000010 0.000010 0.015015 0.111541 0.078812 0.000010 0.015237 0.779365
0.067557 0.000010 0.000010 0.000010 0.094520 0.000010 0.000010 0.837873
0.000010 0.000010 0.000010 0.000010 0.000010 0.999930 0.000010 0.000010
0.000010 0.000010 0.000010 0.011772 0.093530 0.000010 0.072325 0.822333
0.000010 0.000010 0.000010 0.000010 0.018823 0.000010 0.000010 0.981117
0.000010 0.000010 0.000010 0.073693 0.121761 0.000010 0.000010 0.804496
0.068657 0.000010 0.000010 0.000010 0.116804 0.000010 0.000010 0.814489
0.089659 0.000010 0.039420 0.129369 0.000010 0.000010 0.000010 0.741511
0.000010 0.000010 0.000010 0.000010 0.086960 0.000010 0.000010 0.912980
0.000010 0.103285 0.000010 0.073905 0.046791 0.004673 0.000010 0.771316
0.000010 0.000010 0.000010 0.177692 0.114408 0.000010 0.025090 0.682771
0.000010 0.000010 0.000010 0.260704 0.081857 0.000010 0.070871 0.586527
0.000010 0.000010 0.000010 0.035518 0.155728 0.000010 0.000010 0.808704
0.000010 0.000010 0.000010 0.031454 0.137225 0.003822 0.032861 0.794609
0.051116 0.002341 0.100885 0.000010 0.099934 0.000010 0.000010 0.745695
0.000010 0.042377 0.000010 0.077456 0.136648 0.000010 0.000010 0.743479
0.076914 0.000010 0.002730 0.039749 0.132263 0.000010 0.000010 0.748315
0.003428 0.052678 0.000010 0.000010 0.170985 0.000010 0.000010 0.772870
0.000010 0.000010 0.999930 0.000010 0.000010 0.000010 0.000010 0.000010
0.000010 0.999930 0.000010 0.000010 0.000010 0.000010 0.000010 0.000010
0.066151 0.745988 0.169233 0.000010 0.000010 0.018589 0.000010 0.000010
0.000010 0.999930 0.000010 0.000010 0.000010 0.000010 0.000010 0.000010
0.000010 0.999930 0.000010 0.000010 0.000010 0.000010 0.000010 0.000010
0.125547 0.743120 0.066672 0.005647 0.000010 0.000010 0.000010 0.058984
0.172483 0.559673 0.056360 0.098152 0.000010 0.000010 0.000010 0.113303
0.000010 0.999930 0.000010 0.000010 0.000010 0.000010 0.000010 0.000010
0.000010 0.999930 0.000010 0.000010 0.000010 0.000010 0.000010 0.000010
0.000010 0.999930 0.000010 0.000010 0.000010 0.000010 0.000010 0.000010
0.000010 0.999930 0.000010 0.000010 0.000010 0.000010 0.000010 0.000010
0.000010 0.904859 0.000010 0.000010 0.095081 0.000010 0.000010 0.000010
0.000010 0.986334 0.000010 0.000010 0.000010 0.013606 0.000010 0.000010
0.000010 0.943394 0.000010 0.000010 0.056546 0.000010 0.000010 0.000010
0.000010 0.999930 0.000010 0.000010 0.000010 0.000010 0.000010 0.000010
0.201513 0.708617 0.089820 0.000010 0.000010 0.000010 0.000010 0.000010
0.000010 0.760510 0.000010 0.132916 0.034047 0.000010 0.000010 0.072487
0.000010 0.975831 0.000010 0.024109 0.000010 0.000010 0.000010 0.000010
0.000010 0.851683 0.000010 0.064571 0.053062 0.000010 0.000010 0.030645
0.000010 0.999930 0.000010 0.000010 0.000010 0.000010 0.000010 0.000010
0.000010 0.785274 0.039483 0.108140 0.067062 0.000010 0.000010 0.000010
0.000010 0.624475 0.186832 0.052304 0.000010 0.000010 0.000010 0.136348
0.000010 0.801831 0.155984 0.022850 0.000010 0.017389 0.000010 0.001916
0.000010 0.999930 0.000010 0.000010 0.000010 0.000010 0.000010 0.000010
0.000010 0.000010 0.000010 0.000010 0.000010 0.999930 0.000010 0.000010
0.000010 0.960369 0.000010 0.000010 0.039571 0.000010 0.000010 0.000010
0.000010 0.940382 0.000010 0.000010 0.059558 0.000010 0.000010 0.000010
0.000010 0.966082 0.000010 0.000010 0.033858 0.000010 0.000010 0.000010
0.000010 0.986176 0.000010 0.000010 0.003086 0.010688 0.000010 0.000010
0.000010 0.811827 0.000010 0.000010 0.008973 0.000010 0.000010 0.179150
0.000010 0.788828 0.108096 0.070669 0.000010 0.000010 0.006532 0.025845
0.074031 0.593096 0.273702 0.000010 0.059132 0.000010 0.000010 0.000010
0.000010 0.840691 0.000010 0.027785 0.070822 0.000010 0.000010 0.060662
0.000010 0.768491 0.000010 0.013118 0.074509 0.000010 0.000010 0.143841
0.000010 0.999930 0.000010 0.000010 0.000010 0.000010 0.000010 0.000010
0.000010 0.945061 0.000010 0.008615 0.046274 0.000010 0.000010 0.000010
0.000010 0.999930 0.000010 0.000010 0.000010 0.000010 0.000010 0.000010
0.000010 0.941727 0.000010 0.000010 0.058213 0.000010 0.000010 0.000010
0.099413 0.761642 0.044494 0.034369 0.012073 0.000908 0.000010 0.047091
0.027266 0.861869 0.073044 0.000010 0.009514 0.008319 0.000010 0.019968
0.097989 0.888115 0.000010 0.000010 0.000010 0.013846 0.000010 0.000010
0.090306 0.892646 0.000010 0.000010 0.000010 0.016998 0.000010 0.000010
0.000010 0.999930 0.000010 0.000010 0.000010 0.000010 0.000010 0.000010
0.000010 0.869221 0.059856 0.047797 0.023086 0.000010 0.000010 0.000010
0.000010 0.902194 0.073245 0.001121 0.023400 0.000010 0.000010 0.000010
0.000010 0.999930 0.000010 0.000010 0.000010 0.000010 0.000010 0.000010
0.000010 0.999930 0.000010 0.000010 0.000010 0.000010 0.000010 0.000010
0.000010 0.757092 0.075823 0.000010 0.090043 0.000010 0.000010 0.077001
0.000010 0.999930 0.000010 0.000010 0.000010 0.000010 0.000010 0.000010
0.000010 0.999930 0.000010 0.000010 0.000010 0.000010 0.000010 0.000010
0.000010 0.783324 0.063698 0.000010 0.066062 0.023227 0.000010 0.063659
0.000010 0.897048 0.000010 0.102892 0.000010 0.000010 0.000010 0.000010
0.000010 0.000010 0.000010 0.000010 0.000010 0.999930 0.000010 0.000010
0.000010 0.895521 0.069795 0.000010 0.000010 0.000010 0.034634 0.000010
0.073911 0.795534 0.113287 0.017227 0.000010 0.000010 0.000010 0.000010
0.000010 0.999930 0.000010 0.000010 0.000010 0.000010 0.000010 0.000010
0.000010 0.000010 0.000010 0.000010 0.000010 0.999930 0.000010 0.000010
0.076700 0.923240 0.000010 0.000010 0.000010 0.000010 0.000010 0.000010
0.000010 0.880025 0.000010 0.052291 0.067634 0.000010 0.000010 0.000010
0.000010 0.798843 0.063431 0.000010 0.000010 0.000010 0.000010 0.137676
0.058705 0.706906 0.114586 0.010448 0.109325 0.000010 0.000010 0.000010
0.091922 0.706145 0.094949 0.000010 0.000010 0.000010 0.007329 0.099625
0.000010 0.885188 0.000010 0.036340 0.000010 0.000010 0.000010 0.078422
0.000010 0.927706 0.000010 0.072234 0.000010 0.000010 0.000010 0.000010
0.000010 0.999930 0.000010 0.000010 0.000010 0.000010 0.000010 0.000010
0.000010 0.000010 0.000010 0.000010 0.000010 0.999930 0.000010 0.000010
0.000010 0.999930 0.000010 0.000010 0.000010 0.000010 0.000010 0.000010
0.000010 0.839506 0.000010 0.090493 0.000010 0.027565 0.042395 0.000010
0.047347 0.952593 0.000010 0.000010 0.000010 0.000010 0.000010 0.000010
0.170995 0.828945 0.000010 0.000010 0.000010 0.000010 0.000010 0.000010
0.100235 0.899705 0.000010 0.000010 0.000010 0.000010 0.000010 0.000010
0.087004 0.910655 0.000010 0.000010 0.002290 0.000010 0.000010 0.000010
0.000010 0.000010 0.000010 0.000010 0.000010 0.999930 0.000010 0.000010
0.000010 0.000010 0.000010 0.000010 0.000010 0.999930 0.000010 0.000010
0.000010 0.000010 0.999930 0.000010 0.000010 0.000010 0.000010 0.000010
0.041811 0.000010 0.000010 0.000010 0.000010 0.000010 0.000010 0.958129
0.000010 0.000010 0.000010 0.000010 0.000010 0.999930 0.000010 0.000010
