0.999960 0.000010 0.000010 0.000010 0.000010
0.000010 0.000010 0.000010 0.999960 0.000010
0.000010 0.000010 0.000010 0.000010 0.999960
0.000010 0.000010 0.999960 0.000010 0.000010
0.620567 0.023279 0.356134 0.000010 0.000010
0.369570 0.000010 0.243869 0.000010 0.386541
0.446897 0.029144 0.281651 0.000010 0.242299
0.000011 0.000010 0.696689 0.000010 0.303280
0.000010 0.000010 0.679533 0.000010 0.320437
0.000010 0.999960 0.000010 0.000010 0.000010
0.999960 0.000010 0.000010 0.000010 0.000010
0.000010 0.593058 0.000010 0.406912 0.000010
0.000010 0.000010 0.000010 0.000010 0.999960
0.506862 0.000010 0.000010 0.000010 0.493108
0.583333 0.000010 0.198220 0.000010 0.218427
0.585620 0.000010 0.414350 0.000010 0.000010
0.000010 0.796318 0.000010 0.203652 0.000010
0.000010 0.681492 0.000010 0.318478 0.000010
0.000010 0.000010 0.000010 0.000010 0.999960
0.000010 0.000010 0.999960 0.000010 0.000010
0.000010 0.000010 0.999960 0.000010 0.000010
0.000010 0.000010 0.000010 0.000010 0.999960
0.065338 0.457363 0.000010 0.477280 0.000010
0.000010 0.000010 0.999960 0.000010 0.000010
0.000010 0.999960 0.000010 0.000010 0.000010
0.999960 0.000010 0.000010 0.000010 0.000010
0.000010 0.999960 0.000010 0.000010 0.000010
0.525781 0.000010 0.338240 0.000010 0.135958
0.000010 0.671673 0.000010 0.328297 0.000010
0.000010 0.999960 0.000010 0.000010 0.000010
0.000010 0.000010 0.683126 0.000010 0.316844
0.426983 0.000010 0.572987 0.000010 0.000010
0.999960 0.000010 0.000010 0.000010 0.000010
0.230784 0.000010 0.353818 0.000010 0.415378
0.000010 0.999960 0.000010 0.000010 0.000010
0.000010 0.000010 0.999960 0.000010 0.000010
0.352466 0.000010 0.263795 0.000010 0.383718
0.000010 0.000010 0.999960 0.000010 0.000010
0.507571 0.000010 0.492399 0.000010 0.000010
0.000010 0.000010 0.999960 0.000010 0.000010
0.608160 0.000010 0.391810 0.000010 0.000010
0.477035 0.000010 0.000010 0.000010 0.522935
0.000010 0.000010 0.000010 0.999960 0.000010
0.000010 0.000010 0.999960 0.000010 0.000010
0.999960 0.000010 0.000010 0.000010 0.000010
0.000010 0.000010 0.000010 0.000010 0.999960
0.504829 0.000010 0.495141 0.000010 0.000010
0.361897 0.017197 0.620885 0.000010 0.000010
0.564357 0.000010 0.435613 0.000010 0.000010
0.000010 0.999960 0.000010 0.000010 0.000010
0.000010 0.999960 0.000010 0.000010 0.000010
0.000010 0.056046 0.465754 0.478179 0.000010
0.296897 0.027034 0.477793 0.000010 0.198266
0.000010 0.999960 0.000010 0.000010 0.000010
0.000010 0.000010 0.999960 0.000010 0.000010
0.285942 0.000010 0.439007 0.000010 0.275031
0.000010 0.000010 0.000010 0.000010 0.999960
0.999960 0.000010 0.000010 0.000010 0.000010
0.999960 0.000010 0.000010 0.000010 0.000010
0.000010 0.000010 0.999960 0.000010 0.000010
0.000010 0.999960 0.000010 0.000010 0.000010
0.435614 0.000010 0.564356 0.000010 0.000010
0.999960 0.000010 0.000010 0.000010 0.000010
0.000010 0.267208 0.000010 0.732762 0.000010
0.665896 0.000010 0.000010 0.000010 0.334074
0.999960 0.000010 0.000010 0.000010 0.000010
0.703743 0.000010 0.296227 0.000010 0.000010
0.000010 0.000010 0.000010 0.999960 0.000010
0.045748 0.000010 0.000010 0.954222 0.000010
0.000010 0.000010 0.999960 0.000010 0.000010
0.000010 0.999960 0.000010 0.000010 0.000010
0.000010 0.000010 0.999960 0.000010 0.000010
0.000010 0.315373 0.000010 0.684597 0.000010
0.000010 0.000010 0.000010 0.999960 0.000010
0.000010 0.000010 0.000010 0.999960 0.000010
0.000010 0.999960 0.000010 0.000010 0.000010
0.000010 0.000010 0.284282 0.000010 0.715688
0.000010 0.000010 0.000010 0.999960 0.000010
0.000010 0.052626 0.947344 0.000010 0.000010
0.646180 0.000010 0.000010 0.000010 0.353790
0.000010 0.000010 0.000010 0.000010 0.999960
0.000010 0.329104 0.000010 0.670866 0.000010
0.000010 0.000010 0.999960 0.000010 0.000010
0.000010 0.000010 0.000010 0.999960 0.000010
0.000010 0.000010 0.000010 0.000010 0.999960
0.296481 0.000010 0.476023 0.000010 0.227475
0.000010 0.000010 0.426620 0.000010 0.573350
0.999960 0.000010 0.000010 0.000010 0.000010
0.663592 0.000010 0.336378 0.000010 0.000010
0.000010 0.783402 0.000010 0.216568 0.000010
0.000010 0.000010 0.000010 0.999960 0.000010
0.567791 0.000010 0.000010 0.000010 0.432179
