0.999970 0.000010 0.000010 0.000010
0.000010 0.999970 0.000010 0.000010
0.000010 0.000010 0.320168 0.679812
0.999970 0.000010 0.000010 0.000010
0.000010 0.000010 0.731711 0.268269
0.518033 0.000010 0.256757 0.225200
0.000010 0.000010 0.999970 0.000010
0.675744 0.000010 0.324236 0.000010
0.062486 0.000010 0.448192 0.489312
0.000010 0.999970 0.000010 0.000010
0.999970 0.000010 0.000010 0.000010
0.000010 0.999970 0.000010 0.000010
0.331953 0.000010 0.668027 0.000010
0.277360 0.000010 0.722620 0.000010
0.000010 0.000010 0.999970 0.000010
0.999970 0.000010 0.000010 0.000010
0.000010 0.999970 0.000010 0.000010
0.000010 0.999970 0.000010 0.000010
0.000010 0.000010 0.000010 0.999970
0.469521 0.000010 0.530459 0.000010
0.999970 0.000010 0.000010 0.000010
0.000010 0.000010 0.999970 0.000010
0.000010 0.924645 0.075335 0.000010
0.000010 0.000010 0.999970 0.000010
0.000010 0.999970 0.000010 0.000010
0.999970 0.000010 0.000010 0.000010
0.000010 0.999970 0.000010 0.000010
0.000010 0.000010 0.999970 0.000010
0.000010 0.999970 0.000010 0.000010
0.000010 0.999970 0.000010 0.000010
0.000010 0.000010 0.999970 0.000010
0.999970 0.000010 0.000010 0.000010
0.000010 0.000010 0.999970 0.000010
0.000010 0.000010 0.999970 0.000010
0.000010 0.999970 0.000010 0.000010
0.000010 0.000010 0.652193 0.347787
0.000010 0.000010 0.000010 0.999970
0.883957 0.000010 0.116023 0.000010
0.601914 0.000010 0.215260 0.182816
0.000010 0.000010 0.999970 0.000010
0.999970 0.000010 0.000010 0.000010
0.415341 0.000010 0.584639 0.000010
0.000010 0.943725 0.000010 0.056255
0.000010 0.000010 0.999970 0.000010
0.999970 0.000010 0.000010 0.000010
0.000010 0.000010 0.000010 0.999970
0.363127 0.000010 0.636853 0.000010
0.000010 0.000010 0.000010 0.999970
0.999970 0.000010 0.000010 0.000010
0.000010 0.999970 0.000010 0.000010
0.000010 0.999970 0.000010 0.000010
0.000010 0.526639 0.000010 0.473341
0.487714 0.023038 0.489238 0.000010
0.000010 0.999970 0.000010 0.000010
0.000010 0.000010 0.000010 0.999970
0.999970 0.000010 0.000010 0.000010
0.963198 0.036782 0.000010 0.000010
0.622054 0.000010 0.377926 0.000010
0.554060 0.000010 0.000010 0.445920
0.345164 0.000010 0.405350 0.249476
0.000010 0.999970 0.000010 0.000010
0.743444 0.000010 0.000010 0.256536
0.999970 0.000010 0.000010 0.000010
0.000010 0.999970 0.000010 0.000010
0.754422 0.000010 0.000010 0.245558
0.000010 0.000010 0.999970 0.000010
0.751802 0.000010 0.248178 0.000010
0.000010 0.999970 0.000010 0.000010
0.063185 0.936795 0.000010 0.000010
0.373469 0.000010 0.626511 0.000010
0.000010 0.959720 0.040260 0.000010
0.000010 0.000010 0.999970 0.000010
0.000010 0.999970 0.000010 0.000010
0.000010 0.999970 0.000010 0.000010
0.000010 0.999970 0.000010 0.000010
0.000010 0.999970 0.000010 0.000010
0.000010 0.000010 0.390409 0.609571
0.000010 0.999970 0.000010 0.000010
0.000010 0.000010 0.000010 0.999970
0.000010 0.000010 0.999970 0.000010
0.000010 0.000010 0.999970 0.000010
0.000010 0.999970 0.000010 0.000010
0.999970 0.000010 0.000010 0.000010
0.000010 0.999970 0.000010 0.000010
0.000010 0.000010 0.000010 0.999970
0.000010 0.000010 0.000010 0.999970
0.000010 0.000010 0.534854 0.465126
0.999970 0.000010 0.000010 0.000010
0.000010 0.000010 0.999970 0.000010
0.000010 0.999970 0.000010 0.000010
0.000010 0.999970 0.000010 0.000010
0.000010 0.000010 0.999970 0.000010
