0.000010 0.000010 0.000010 0.000010 0.000010 0.999950
0.000010 0.000010 0.000010 0.000010 0.999950 0.000010
0.999950 0.000010 0.000010 0.000010 0.000010 0.000010
0.000010 0.999950 0.000010 0.000010 0.000010 0.000010
0.999950 0.000010 0.000010 0.000010 0.000010 0.000010
0.000010 0.000010 0.000010 0.361576 0.000010 0.638384
0.254717 0.000010 0.000010 0.000010 0.000010 0.745243
0.638573 0.000010 0.000010 0.361387 0.000010 0.000010
0.464575 0.535385 0.000010 0.000010 0.000010 0.000010
0.000010 0.000010 0.000010 0.000010 0.999950 0.000010
0.000010 0.000010 0.000010 0.999950 0.000010 0.000010
0.000010 0.000010 0.000010 0.000010 0.999950 0.000010
0.999950 0.000010 0.000010 0.000010 0.000010 0.000010
0.000010 0.000010 0.000010 0.094686 0.000010 0.905274
0.702987 0.000010 0.296973 0.000010 0.000010 0.000010
0.000010 0.507648 0.000010 0.000010 0.000010 0.492312
0.000010 0.000010 0.000010 0.000010 0.999950 0.000010
0.000010 0.000010 0.000010 0.000010 0.999950 0.000010
0.000010 0.000010 0.000010 0.000010 0.000010 0.999950
0.000010 0.000010 0.000010 0.999950 0.000010 0.000010
0.000010 0.248655 0.000010 0.045291 0.000010 0.706024
0.999950 0.000010 0.000010 0.000010 0.000010 0.000010
0.083529 0.000010 0.000010 0.000010 0.916431 0.000010
0.000010 0.000010 0.000010 0.999950 0.000010 0.000010
0.000010 0.000010 0.000010 0.000010 0.999950 0.000010
0.000010 0.000010 0.000010 0.000010 0.000010 0.999950
0.000010 0.000010 0.000010 0.000010 0.999950 0.000010
0.236866 0.000010 0.000010 0.763094 0.000010 0.000010
0.000010 0.000010 0.000010 0.000010 0.999950 0.000010
0.000010 0.000010 0.000010 0.000010 0.999950 0.000010
0.999950 0.000010 0.000010 0.000010 0.000010 0.000010
0.000010 0.282486 0.000010 0.717474 0.000010 0.000010
0.000010 0.000010 0.000010 0.000010 0.000010 0.999950
0.000010 0.000010 0.000010 0.739290 0.000010 0.260670
0.000010 0.000010 0.000010 0.000010 0.999950 0.000010
0.000010 0.000010 0.000010 0.999950 0.000010 0.000010
0.000010 0.000010 0.999950 0.000010 0.000010 0.000010
0.000010 0.000010 0.000010 0.999950 0.000010 0.000010
0.000010 0.141000 0.000010 0.449845 0.000010 0.409125
0.000010 0.491260 0.000010 0.508700 0.000010 0.000010
0.000010 0.000010 0.000010 0.999950 0.000010 0.000010
0.999950 0.000010 0.000010 0.000010 0.000010 0.000010
0.000010 0.062390 0.000010 0.000010 0.937570 0.000010
0.000010 0.999950 0.000010 0.000010 0.000010 0.000010
0.000010 0.000010 0.000010 0.000010 0.000010 0.999950
0.000010 0.000010 0.999950 0.000010 0.000010 0.000010
0.610904 0.000010 0.000010 0.000010 0.000010 0.389056
0.000010 0.000010 0.000010 0.999950 0.000010 0.000010
0.000010 0.000010 0.999950 0.000010 0.000010 0.000010
0.000010 0.000010 0.000010 0.000010 0.999950 0.000010
0.000010 0.000010 0.000010 0.000010 0.999950 0.000010
0.000010 0.000010 0.462270 0.000013 0.537687 0.000010
0.000010 0.000010 0.000010 0.000010 0.000010 0.999950
0.000010 0.000010 0.000010 0.000010 0.999950 0.000010
0.470552 0.219923 0.000010 0.309495 0.000010 0.000010
0.000010 0.999950 0.000010 0.000010 0.000010 0.000010
0.999950 0.000010 0.000010 0.000010 0.000010 0.000010
0.000010 0.000010 0.000010 0.219669 0.000010 0.780291
0.999950 0.000010 0.000010 0.000010 0.000010 0.000010
0.000010 0.000010 0.000010 0.000010 0.000010 0.999950
0.000010 0.000010 0.000010 0.000010 0.999950 0.000010
0.000010 0.999950 0.000010 0.000010 0.000010 0.000010
0.260970 0.738990 0.000010 0.000010 0.000010 0.000010
0.000010 0.000010 0.000010 0.000010 0.999950 0.000010
0.461071 0.000010 0.000010 0.000010 0.000010 0.538889
0.999950 0.000010 0.000010 0.000010 0.000010 0.000010
0.999950 0.000010 0.000010 0.000010 0.000010 0.000010
0.000010 0.000010 0.000010 0.000010 0.999950 0.000010
0.000010 0.065473 0.000010 0.000010 0.934487 0.000010
0.605358 0.296373 0.000010 0.000010 0.000010 0.098239
0.000010 0.042502 0.000010 0.000010 0.957458 0.000010
0.459917 0.000010 0.000010 0.540043 0.000010 0.000010
0.000010 0.000010 0.000010 0.000010 0.999950 0.000010
0.000010 0.000010 0.000010 0.000010 0.999950 0.000010
0.000010 0.364408 0.000010 0.000010 0.635552 0.000010
0.000010 0.000010 0.000010 0.000010 0.999950 0.000010
0.332873 0.000010 0.000010 0.667087 0.000010 0.000010
0.000010 0.000010 0.000013 0.000010 0.999947 0.000010
0.000010 0.000010 0.999950 0.000010 0.000010 0.000010
0.031780 0.000010 0.115488 0.000010 0.000010 0.852702
0.000010 0.000010 0.000010 0.000010 0.000010 0.999950
0.000010 0.000010 0.000010 0.000010 0.999950 0.000010
0.000010 0.999950 0.000010 0.000010 0.000010 0.000010
0.000010 0.000010 0.000010 0.000010 0.999950 0.000010
0.435036 0.000010 0.000010 0.564924 0.000010 0.000010
0.000010 0.000010 0.000010 0.999950 0.000010 0.000010
0.371565 0.000010 0.000010 0.628395 0.000010 0.000010
0.000010 0.999950 0.000010 0.000010 0.000010 0.000010
0.000010 0.000010 0.000010 0.648430 0.000010 0.351530
0.000010 0.000010 0.000010 0.000010 0.999950 0.000010
0.000010 0.000010 0.000010 0.000010 0.999950 0.000010
0.849038 0.000010 0.000010 0.150922 0.000010 0.000010
