0.000010 0.094073 0.000010 0.646532 0.000010 0.000010 0.000010 0.259324 0.000010 0.000010
0.000010 0.000010 0.999910 0.000010 0.000010 0.000010 0.000010 0.000010 0.000010 0.000010
0.000010 0.000010 0.000010 0.926759 0.000010 0.000010 0.000010 0.000010 0.000010 0.073161
0.000010 0.000010 0.999910 0.000010 0.000010 0.000010 0.000010 0.000010 0.000010 0.000010
0.000010 0.000010 0.067039 0.466615 0.233016 0.000010 0.000010 0.142014 0.000010 0.091266
0.000010 0.178029 0.722867 0.000010 0.000010 0.000010 0.000010 0.000010 0.000010 0.099034
0.000010 0.000010 0.423538 0.521256 0.000010 0.000010 0.000010 0.000010 0.000010 0.055136
0.000010 0.000010 0.904955 0.000010 0.000010 0.094965 0.000010 0.000010 0.000010 0.000010
0.000010 0.089192 0.553605 0.349932 0.000010 0.000299 0.000010 0.000010 0.000010 0.006922
0.000010 0.000010 0.590061 0.000010 0.000010 0.000010 0.000010 0.000010 0.409859 0.000010
0.000010 0.000010 0.999910 0.000010 0.000010 0.000010 0.000010 0.000010 0.000010 0.000010
0.000010 0.000010 0.466206 0.345188 0.188536 0.000010 0.000010 0.000010 0.000010 0.000010
0.000010 0.000010 0.000010 0.999910 0.000010 0.000010 0.000010 0.000010 0.000010 0.000010
0.000010 0.072581 0.476215 0.322538 0.010892 0.000010 0.000010 0.117725 0.000010 0.000010
0.000010 0.000010 0.999910 0.000010 0.000010 0.000010 0.000010 0.000010 0.000010 0.000010
0.000010 0.000010 0.825724 0.000010 0.000010 0.174196 0.000010 0.000010 0.000010 0.000010
0.000010 0.000010 0.999910 0.000010 0.000010 0.000010 0.000010 0.000010 0.000010 0.000010
0.000010 0.000010 0.378875 0.502906 0.000010 0.118149 0.000010 0.000010 0.000010 0.000010
0.000010 0.000010 0.758105 0.050049 0.153803 0.000010 0.030647 0.007346 0.000010 0.000010
0.000010 0.000010 0.966477 0.000010 0.000010 0.000010 0.033443 0.000010 0.000010 0.000010
0.000010 0.000010 0.118718 0.637589 0.000010 0.132966 0.000010 0.000010 0.000010 0.110668
0.000059 0.113735 0.351979 0.534167 0.000010 0.000010 0.000010 0.000010 0.000010 0.000010
0.000988 0.000010 0.772913 0.109855 0.000010 0.000010 0.000010 0.116184 0.000010 0.000010
0.000010 0.000010 0.141615 0.744197 0.000010 0.000010 0.000010 0.114118 0.000010 0.000010
0.000010 0.011338 0.000010 0.879121 0.000010 0.000010 0.000010 0.000010 0.000010 0.109471
0.000010 0.000010 0.766077 0.233843 0.000010 0.000010 0.000010 0.000010 0.000010 0.000010
0.000010 0.000010 0.642494 0.173668 0.183768 0.000010 0.000010 0.000010 0.000010 0.000010
0.000010 0.116849 0.000010 0.000010 0.068277 0.237830 0.000010 0.397813 0.000010 0.179182
0.000010 0.155195 0.504102 0.294321 0.000010 0.000010 0.000010 0.046322 0.000010 0.000010
0.000010 0.000010 0.812104 0.000010 0.000010 0.187816 0.000010 0.000010 0.000010 0.000010
0.000010 0.000010 0.000010 0.000010 0.000010 0.000010 0.000010 0.000010 0.999910 0.000010
0.000010 0.022603 0.667921 0.000010 0.000010 0.211806 0.000010 0.000010 0.097611 0.000010
0.000010 0.059517 0.197933 0.403868 0.000010 0.000010 0.000010 0.215299 0.123334 0.000010
0.000010 0.000010 0.000010 0.000010 0.000010 0.000010 0.000010 0.000010 0.999910 0.000010
0.000010 0.000010 0.000010 0.000010 0.000010 0.000010 0.000010 0.000010 0.999910 0.000010
0.000010 0.056687 0.000010 0.346592 0.000010 0.000010 0.000010 0.000010 0.596651 0.000010
0.000010 0.306986 0.470764 0.000010 0.178455 0.000010 0.000010 0.000010 0.043735 0.000010
0.000010 0.000010 0.000010 0.000010 0.000010 0.000010 0.000010 0.000010 0.999910 0.000010
0.000010 0.246511 0.000010 0.697661 0.000010 0.055758 0.000010 0.000010 0.000010 0.000010
0.000010 0.379598 0.000010 0.483803 0.000010 0.000010 0.000010 0.136529 0.000010 0.000010
0.000010 0.142720 0.000010 0.857200 0.000010 0.000010 0.000010 0.000010 0.000010 0.000010
0.000010 0.138062 0.120054 0.461048 0.131967 0.046185 0.000010 0.028842 0.073811 0.000010
0.000010 0.000010 0.405431 0.398852 0.000010 0.000010 0.000010 0.000010 0.027408 0.168249
0.000010 0.142176 0.000010 0.749979 0.000010 0.000010 0.000010 0.000010 0.107775 0.000010
0.000010 0.000010 0.000010 0.000010 0.000010 0.000010 0.999910 0.000010 0.000010 0.000010
0.000010 0.099216 0.000010 0.861744 0.000010 0.000010 0.038971 0.000010 0.000010 0.000010
0.000010 0.115843 0.528273 0.160680 0.000010 0.016287 0.024872 0.000010 0.033914 0.120101
0.000010 0.301252 0.558548 0.000010 0.140131 0.000010 0.000010 0.000010 0.000010 0.000010
0.000700 0.167604 0.143991 0.253848 0.134887 0.000010 0.000010 0.000696 0.298245 0.000010
0.000010 0.000010 0.000010 0.000010 0.000010 0.000010 0.999910 0.000010 0.000010 0.000010
0.000010 0.100261 0.683813 0.000010 0.000010 0.000010 0.000010 0.000010 0.215856 0.000010
0.000010 0.342397 0.000010 0.492946 0.038318 0.000010 0.000010 0.052091 0.000010 0.074198
0.000010 0.000010 0.000010 0.000010 0.000010 0.000010 0.999910 0.000010 0.000010 0.000010
0.000010 0.239715 0.110517 0.234572 0.084938 0.000010 0.000010 0.000010 0.165905 0.164313
0.000010 0.000010 0.000010 0.000010 0.000010 0.000010 0.999910 0.000010 0.000010 0.000010
0.000010 0.000010 0.000010 0.000010 0.000010 0.000010 0.999910 0.000010 0.000010 0.000010
0.000010 0.160464 0.637195 0.186410 0.000010 0.000010 0.000010 0.000010 0.000010 0.015872
0.000010 0.000010 0.000010 0.000010 0.000010 0.000010 0.999910 0.000010 0.000010 0.000010
0.000010 0.000010 0.000010 0.000010 0.000010 0.000010 0.000010 0.000010 0.999910 0.000010
0.000010 0.000010 0.000010 0.000010 0.000010 0.000010 0.999910 0.000010 0.000010 0.000010
0.000010 0.000010 0.000010 0.000010 0.000010 0.000010 0.000010 0.000010 0.999910 0.000010
0.000010 0.060343 0.464338 0.000010 0.065872 0.000010 0.000010 0.000010 0.283029 0.126369
0.000010 0.286103 0.000010 0.528610 0.185217 0.000010 0.000010 0.000010 0.000010 0.000010
0.000010 0.147053 0.708353 0.000010 0.000010 0.000010 0.000010 0.144523 0.000010 0.000010
0.000010 0.090904 0.223548 0.310123 0.325571 0.000010 0.000010 0.000010 0.000010 0.049804
0.000010 0.423963 0.000010 0.000010 0.000010 0.350928 0.000010 0.000010 0.000010 0.225040
0.010761 0.000010 0.043800 0.000010 0.000010 0.305405 0.000010 0.165714 0.000010 0.474271
0.000010 0.241090 0.000010 0.000010 0.000010 0.000010 0.000010 0.450405 0.000010 0.308435
0.000010 0.000010 0.049735 0.015832 0.031568 0.214471 0.000010 0.261029 0.000010 0.427324
0.000010 0.050113 0.000010 0.000010 0.000010 0.638270 0.000010 0.184755 0.000010 0.126802
0.022484 0.064453 0.000010 0.000010 0.000010 0.269655 0.000010 0.643348 0.000010 0.000010
0.000010 0.587102 0.000010 0.000010 0.000010 0.247834 0.000010 0.164995 0.000010 0.000010
0.000010 0.000010 0.000010 0.000010 0.000010 0.000010 0.046304 0.367074 0.000010 0.586552
0.999910 0.000010 0.000010 0.000010 0.000010 0.000010 0.000010 0.000010 0.000010 0.000010
0.000010 0.023694 0.060039 0.000010 0.039578 0.126835 0.000010 0.000010 0.000010 0.749804
0.000010 0.000010 0.114816 0.000010 0.035206 0.083342 0.000010 0.228710 0.000010 0.537877
0.000010 0.154315 0.000010 0.000010 0.000010 0.614321 0.000010 0.000010 0.000010 0.231294
0.000010 0.000010 0.000010 0.000010 0.000010 0.340343 0.000010 0.000010 0.000010 0.659577
0.000010 0.016587 0.000010 0.000010 0.000010 0.619928 0.000010 0.363416 0.000010 0.000010
0.000010 0.173987 0.000010 0.000010 0.000010 0.390991 0.000010 0.000010 0.000010 0.434952
0.000010 0.000010 0.000010 0.000010 0.000010 0.310428 0.000010 0.000010 0.000010 0.689492
0.000010 0.000010 0.496183 0.297039 0.141358 0.000010 0.000010 0.065360 0.000010 0.000010
0.000010 0.000010 0.072633 0.000010 0.000010 0.000010 0.000010 0.290834 0.000010 0.636463
0.999910 0.000010 0.000010 0.000010 0.000010 0.000010 0.000010 0.000010 0.000010 0.000010
0.000010 0.171819 0.000010 0.000010 0.000010 0.730445 0.000010 0.097666 0.000010 0.000010
0.000010 0.000010 0.000010 0.000010 0.000010 0.776235 0.000010 0.223685 0.000010 0.000010
0.000010 0.400442 0.000010 0.000010 0.000010 0.206049 0.000010 0.393439 0.000010 0.000010
0.000010 0.000010 0.000010 0.000010 0.000010 0.455166 0.000010 0.000010 0.000010 0.544754
0.000010 0.000010 0.055165 0.000010 0.107863 0.000010 0.001266 0.180332 0.000010 0.655324
0.999910 0.000010 0.000010 0.000010 0.000010 0.000010 0.000010 0.000010 0.000010 0.000010
0.000010 0.027665 0.000010 0.000010 0.000010 0.545685 0.000010 0.369154 0.000010 0.057435
0.000010 0.000010 0.000010 0.000010 0.000010 0.999910 0.000010 0.000010 0.000010 0.000010
0.999910 0.000010 0.000010 0.000010 0.000010 0.000010 0.000010 0.000010 0.000010 0.000010
0.000010 0.000010 0.000010 0.000010 0.000010 0.999910 0.000010 0.000010 0.000010 0.000010
0.999910 0.000010 0.000010 0.000010 0.000010 0.000010 0.000010 0.000010 0.000010 0.000010
0.999910 0.000010 0.000010 0.000010 0.000010 0.000010 0.000010 0.000010 0.000010 0.000010
0.999910 0.000010 0.000010 0.000010 0.000010 0.000010 0.000010 0.000010 0.000010 0.000010
0.000010 0.167375 0.000010 0.000010 0.000010 0.438694 0.000010 0.393861 0.000010 0.000010
0.000010 0.014770 0.000010 0.000010 0.059205 0.000010 0.000010 0.440182 0.000010 0.485782
0.000010 0.000010 0.000010 0.141103 0.794370 0.000010 0.000010 0.000010 0.000010 0.064457
0.010472 0.066007 0.117753 0.000010 0.645321 0.000010 0.000010 0.160398 0.000010 0.000010
0.000010 0.154111 0.000010 0.211825 0.633994 0.000010 0.000010 0.000010 0.000010 0.000010
0.000010 0.157307 0.000010 0.000010 0.842613 0.000010 0.000010 0.000010 0.000010 0.000010
0.046458 0.000010 0.000010 0.000010 0.708442 0.245030 0.000010 0.000010 0.000010 0.000010
0.000010 0.000010 0.099871 0.000010 0.726234 0.000010 0.000010 0.029329 0.000010 0.144506
0.000010 0.040499 0.000010 0.000010 0.000010 0.070407 0.000010 0.188972 0.000010 0.700061
0.999910 0.000010 0.000010 0.000010 0.000010 0.000010 0.000010 0.000010 0.000010 0.000010
0.000010 0.283804 0.000010 0.000010 0.066548 0.137067 0.000010 0.074169 0.000010 0.438361
0.000010 0.000010 0.000010 0.012409 0.064961 0.799346 0.000010 0.084142 0.000010 0.039092
0.000010 0.061620 0.002739 0.000010 0.000010 0.000010 0.000010 0.571608 0.000010 0.363973
0.949756 0.000010 0.000010 0.000010 0.000010 0.000010 0.050164 0.000010 0.000010 0.000010
0.000010 0.000010 0.000010 0.000010 0.000010 0.225408 0.000010 0.274410 0.000010 0.500112
0.000010 0.425275 0.000010 0.000010 0.000010 0.574645 0.000010 0.000010 0.000010 0.000010
0.000010 0.109854 0.120173 0.000010 0.082835 0.347524 0.000010 0.330009 0.000010 0.009565
0.000010 0.279873 0.000010 0.000010 0.000010 0.650317 0.000010 0.069739 0.000010 0.000010
0.000010 0.034811 0.053589 0.000010 0.083123 0.311286 0.000010 0.517141 0.000010 0.000010
0.000010 0.160008 0.000010 0.000010 0.000010 0.378940 0.000010 0.166888 0.000010 0.294104
0.000010 0.278383 0.000010 0.000010 0.000010 0.376953 0.000010 0.000010 0.000010 0.344594
0.000010 0.367340 0.000010 0.000010 0.000010 0.000010 0.000010 0.000010 0.000010 0.632580
0.000010 0.099949 0.000010 0.045684 0.000010 0.179239 0.000010 0.000010 0.000010 0.675068
0.999910 0.000010 0.000010 0.000010 0.000010 0.000010 0.000010 0.000010 0.000010 0.000010
0.000010 0.000010 0.000010 0.000010 0.000010 0.999910 0.000010 0.000010 0.000010 0.000010
0.000010 0.000010 0.000010 0.000010 0.000010 0.000010 0.000010 0.000010 0.000010 0.999910
0.000010 0.114659 0.085445 0.000010 0.000010 0.050998 0.000010 0.147262 0.000010 0.601586
0.000010 0.155980 0.000010 0.000010 0.000010 0.843940 0.000010 0.000010 0.000010 0.000010
0.000010 0.000010 0.000010 0.000010 0.000010 0.000010 0.000010 0.999910 0.000010 0.000010
0.000010 0.000010 0.000010 0.113411 0.000010 0.735050 0.000010 0.151469 0.000010 0.000010
0.000010 0.000010 0.000010 0.000010 0.000010 0.000010 0.000010 0.999910 0.000010 0.000010
0.000010 0.000010 0.000010 0.000010 0.000010 0.546317 0.000010 0.000010 0.000010 0.453603
0.000010 0.038086 0.064784 0.000010 0.000010 0.377177 0.000010 0.121753 0.000010 0.398150
0.000010 0.000010 0.047104 0.000010 0.000010 0.000010 0.000010 0.952816 0.000010 0.000010
0.000010 0.229077 0.000010 0.000010 0.182600 0.296238 0.000010 0.292025 0.000010 0.000010
0.000010 0.999910 0.000010 0.000010 0.000010 0.000010 0.000010 0.000010 0.000010 0.000010
0.000010 0.000010 0.000010 0.000010 0.000010 0.999910 0.000010 0.000010 0.000010 0.000010
0.000010 0.000010 0.000010 0.000010 0.000010 0.000010 0.000010 0.000010 0.000010 0.999910
0.000010 0.000010 0.000010 0.000010 0.000010 0.504887 0.015982 0.149849 0.000010 0.329222
0.009001 0.000010 0.000010 0.000010 0.000010 0.180355 0.000010 0.126427 0.000010 0.684157
0.000010 0.000010 0.000010 0.000010 0.000010 0.999910 0.000010 0.000010 0.000010 0.000010
0.000010 0.319463 0.000010 0.000010 0.133804 0.201062 0.000010 0.345611 0.000010 0.000010
0.000010 0.999910 0.000010 0.000010 0.000010 0.000010 0.000010 0.000010 0.000010 0.000010
0.000010 0.060385 0.000010 0.000010 0.000010 0.199825 0.000010 0.135725 0.000010 0.604005
0.999910 0.000010 0.000010 0.000010 0.000010 0.000010 0.000010 0.000010 0.000010 0.000010
0.999910 0.000010 0.000010 0.000010 0.000010 0.000010 0.000010 0.000010 0.000010 0.000010
0.000010 0.212043 0.000010 0.000010 0.000010 0.122653 0.000997 0.227302 0.000010 0.436955
0.999910 0.000010 0.000010 0.000010 0.000010 0.000010 0.000010 0.000010 0.000010 0.000010
0.000010 0.000010 0.000010 0.000010 0.000010 0.000010 0.000010 0.999910 0.000010 0.000010
0.000010 0.151981 0.000010 0.000010 0.000010 0.092405 0.000010 0.377800 0.000010 0.377754
0.999910 0.000010 0.000010 0.000010 0.000010 0.000010 0.000010 0.000010 0.000010 0.000010
0.999910 0.000010 0.000010 0.000010 0.000010 0.000010 0.000010 0.000010 0.000010 0.000010
0.000010 0.043424 0.000010 0.000010 0.000010 0.166279 0.000010 0.188692 0.000010 0.601545
0.999910 0.000010 0.000010 0.000010 0.000010 0.000010 0.000010 0.000010 0.000010 0.000010
0.868887 0.000010 0.000010 0.000010 0.000010 0.000010 0.131033 0.000010 0.000010 0.000010
0.999471 0.000010 0.000010 0.000010 0.000010 0.000010 0.000449 0.000010 0.000010 0.000010
0.000010 0.000010 0.164040 0.535746 0.000010 0.300144 0.000010 0.000010 0.000010 0.000010
0.000010 0.000010 0.000010 0.850463 0.000010 0.149457 0.000010 0.000010 0.000010 0.000010
0.000010 0.019545 0.575580 0.333392 0.000010 0.000010 0.000010 0.071423 0.000010 0.000010
0.000010 0.000010 0.000010 0.950099 0.000010 0.000010 0.000010 0.000010 0.000010 0.049821
0.000010 0.000010 0.000010 0.000010 0.000010 0.000010 0.999910 0.000010 0.000010 0.000010
0.000010 0.047378 0.028007 0.000010 0.040477 0.063992 0.000010 0.398449 0.000010 0.421657
0.000010 0.000010 0.000010 0.787467 0.008866 0.000010 0.000010 0.162152 0.000010 0.041456
0.000010 0.000010 0.983279 0.000010 0.000010 0.000010 0.016641 0.000010 0.000010 0.000010
0.000010 0.252817 0.747103 0.000010 0.000010 0.000010 0.000010 0.000010 0.000010 0.000010
0.000019 0.000010 0.514829 0.320076 0.000010 0.000010 0.000010 0.165016 0.000010 0.000010
0.000010 0.000010 0.158994 0.537057 0.119901 0.000010 0.000010 0.183988 0.000010 0.000010
0.000010 0.000010 0.000010 0.999910 0.000010 0.000010 0.000010 0.000010 0.000010 0.000010
0.000010 0.209963 0.355223 0.419851 0.000010 0.000010 0.000010 0.014904 0.000010 0.000010
0.000010 0.104433 0.595728 0.299769 0.000010 0.000010 0.000010 0.000010 0.000010 0.000010
0.000010 0.151063 0.000010 0.767475 0.000010 0.000010 0.000010 0.081393 0.000010 0.000010
0.000010 0.000010 0.000010 0.999910 0.000010 0.000010 0.000010 0.000010 0.000010 0.000010
0.000010 0.000010 0.000010 0.711393 0.151904 0.000010 0.010507 0.000010 0.000010 0.126136
0.000010 0.000010 0.415882 0.405156 0.070482 0.090129 0.000010 0.000010 0.000010 0.018301
0.000010 0.054047 0.281866 0.420278 0.023034 0.220726 0.000010 0.000010 0.000010 0.000010
0.000010 0.000010 0.352031 0.647889 0.000010 0.000010 0.000010 0.000010 0.000010 0.000010
0.000010 0.025228 0.000010 0.974692 0.000010 0.000010 0.000010 0.000010 0.000010 0.000010
0.000010 0.000010 0.745770 0.000010 0.151552 0.000010 0.000010 0.000010 0.000010 0.102607
0.000010 0.000010 0.289208 0.519158 0.000010 0.141819 0.000010 0.000010 0.000010 0.049756
0.000010 0.000010 0.037760 0.628048 0.204978 0.000010 0.000010 0.061107 0.000010 0.068057
0.000010 0.000010 0.453493 0.375612 0.170824 0.000010 0.000010 0.000010 0.000010 0.000010
0.000010 0.088172 0.000010 0.908228 0.000010 0.000010 0.003530 0.000010 0.000010 0.000010
0.022145 0.073534 0.352017 0.552244 0.000010 0.000010 0.000010 0.000010 0.000010 0.000010
0.027638 0.000010 0.000010 0.000010 0.000010 0.000010 0.972282 0.000010 0.000010 0.000010
0.000010 0.147093 0.000010 0.852827 0.000010 0.000010 0.000010 0.000010 0.000010 0.000010
0.007333 0.000010 0.152974 0.516388 0.187640 0.000010 0.000010 0.000010 0.000010 0.135615
0.000010 0.000010 0.999910 0.000010 0.000010 0.000010 0.000010 0.000010 0.000010 0.000010
0.000010 0.000010 0.000010 0.000010 0.000010 0.000010 0.999910 0.000010 0.000010 0.000010
0.000010 0.000010 0.000010 0.981315 0.000010 0.000010 0.000010 0.000010 0.000010 0.018605
0.000010 0.000010 0.000010 0.000010 0.000010 0.000010 0.999910 0.000010 0.000010 0.000010
0.000010 0.086819 0.908823 0.000010 0.000010 0.000010 0.000010 0.000010 0.000010 0.004288
0.000010 0.000010 0.607167 0.392753 0.000010 0.000010 0.000010 0.000010 0.000010 0.000010
0.000010 0.047272 0.826061 0.000010 0.039715 0.000010 0.000010 0.000010 0.000010 0.086893
0.000010 0.114965 0.513733 0.248053 0.000010 0.000010 0.000010 0.123190 0.000010 0.000010
0.000010 0.000010 0.000010 0.999910 0.000010 0.000010 0.000010 0.000010 0.000010 0.000010
0.000010 0.107134 0.565449 0.167986 0.136365 0.000010 0.000010 0.023015 0.000010 0.000010
0.000010 0.000010 0.457085 0.373074 0.169771 0.000010 0.000010 0.000010 0.000010 0.000010
0.012070 0.070811 0.196248 0.694857 0.000010 0.000010 0.000010 0.025965 0.000010 0.000010
0.000010 0.000010 0.389894 0.610026 0.000010 0.000010 0.000010 0.000010 0.000010 0.000010
0.000010 0.108421 0.865168 0.026341 0.000010 0.000010 0.000010 0.000010 0.000010 0.000010
0.000010 0.000010 0.000010 0.999910 0.000010 0.000010 0.000010 0.000010 0.000010 0.000010
0.000010 0.079752 0.000010 0.847768 0.000010 0.020993 0.000010 0.000010 0.000010 0.051427
0.000010 0.082878 0.435731 0.284015 0.144071 0.000010 0.000010 0.053255 0.000010 0.000010
0.000010 0.115536 0.000010 0.000010 0.000010 0.884384 0.000010 0.000010 0.000010 0.000010
0.000010 0.207123 0.000010 0.027613 0.031309 0.131445 0.000010 0.546213 0.000010 0.056257
0.000010 0.000010 0.000010 0.000010 0.000010 0.725108 0.000010 0.274812 0.000010 0.000010
0.000010 0.000010 0.000010 0.000010 0.000015 0.000010 0.000010 0.408273 0.000010 0.591642
0.000010 0.250115 0.000010 0.000010 0.000010 0.137359 0.000010 0.151908 0.000010 0.460558
0.000010 0.113755 0.000010 0.000010 0.000010 0.312750 0.000010 0.248521 0.000010 0.324914
0.000010 0.173592 0.000010 0.160142 0.000010 0.025467 0.000010 0.000010 0.000010 0.640739
0.000010 0.214836 0.000010 0.000010 0.000010 0.297200 0.000010 0.000010 0.017836 0.470068
0.000010 0.000010 0.027224 0.000010 0.053100 0.010040 0.000010 0.080140 0.000010 0.829447
0.000010 0.237391 0.120936 0.000010 0.000010 0.485651 0.000010 0.049544 0.000010 0.106428
0.000010 0.000010 0.000010 0.000010 0.000010 0.000010 0.000010 0.000010 0.000010 0.999910
0.000010 0.274773 0.000010 0.000010 0.000010 0.000010 0.000010 0.000010 0.000010 0.725147
0.104563 0.000010 0.000010 0.000010 0.000010 0.000010 0.895357 0.000010 0.000010 0.000010
0.000010 0.000010 0.000010 0.047735 0.000010 0.089864 0.000010 0.324428 0.000010 0.537914
0.000010 0.180444 0.000010 0.000010 0.000010 0.425009 0.000010 0.394477 0.000010 0.000010
0.000010 0.114121 0.000010 0.000010 0.000010 0.355150 0.000010 0.096964 0.000010 0.433705
0.000010 0.386876 0.000010 0.000010 0.048105 0.000010 0.000010 0.000010 0.000010 0.564949
0.000010 0.072136 0.000010 0.000010 0.222333 0.000010 0.000010 0.438496 0.000010 0.266975
0.000010 0.145588 0.000010 0.026356 0.000010 0.271648 0.000010 0.205921 0.000010 0.350437
0.000010 0.299438 0.000010 0.000010 0.000010 0.000010 0.000010 0.000010 0.000010 0.700482
0.000010 0.000010 0.000010 0.000010 0.000010 0.000010 0.000010 0.585855 0.000010 0.414065
0.000010 0.011120 0.000010 0.000010 0.000010 0.000010 0.000010 0.308586 0.000010 0.680225
0.000010 0.000010 0.000010 0.000010 0.000010 0.000010 0.000010 0.639105 0.000010 0.360815
0.000010 0.219586 0.000010 0.000010 0.000010 0.000010 0.000010 0.000010 0.000010 0.780334
0.000010 0.000010 0.000010 0.000010 0.000010 0.227695 0.000010 0.260569 0.000010 0.511666
0.000010 0.000010 0.000010 0.000010 0.000010 0.397577 0.000010 0.186297 0.000010 0.416055
0.000010 0.013438 0.000010 0.000010 0.000010 0.000010 0.000010 0.612054 0.000010 0.374437
0.000010 0.000010 0.000010 0.000010 0.000010 0.000010 0.000010 0.017179 0.000010 0.982741
0.000010 0.000010 0.020333 0.000010 0.000010 0.340123 0.000010 0.639473 0.000010 0.000010
0.000010 0.000010 0.030280 0.021702 0.000010 0.431505 0.000010 0.516452 0.000010 0.000010
0.000010 0.127050 0.000010 0.017134 0.085781 0.010209 0.000010 0.325853 0.000010 0.433933
0.000010 0.044950 0.000015 0.069620 0.203637 0.291337 0.000010 0.211322 0.000010 0.179089
0.000010 0.144304 0.000010 0.004069 0.000010 0.190572 0.000010 0.214684 0.000010 0.446322
0.000010 0.000010 0.161208 0.690443 0.069644 0.060956 0.017699 0.000010 0.000010 0.000010
0.000010 0.217935 0.000010 0.000010 0.000010 0.080069 0.000010 0.259337 0.000010 0.442599
0.000010 0.000010 0.000010 0.000010 0.000010 0.095817 0.000010 0.000010 0.000010 0.904103
0.000010 0.325381 0.000010 0.000010 0.000010 0.000010 0.000010 0.247712 0.000010 0.426837
0.000010 0.000010 0.000010 0.000010 0.061701 0.604879 0.000010 0.333350 0.000010 0.000010
0.000010 0.000010 0.000010 0.000010 0.000010 0.311872 0.000010 0.555358 0.000010 0.132700
0.000010 0.018094 0.057238 0.011676 0.000010 0.287274 0.000010 0.056937 0.000010 0.568740
0.000010 0.003806 0.000010 0.000010 0.000010 0.000010 0.000010 0.478137 0.000010 0.517987
0.000010 0.153131 0.000010 0.085674 0.012785 0.466538 0.000010 0.281822 0.000010 0.000010
0.000010 0.158745 0.000010 0.000010 0.000010 0.000010 0.000010 0.464020 0.000010 0.377165
0.000010 0.022599 0.000010 0.000010 0.000010 0.140143 0.000010 0.238381 0.000010 0.598816
0.000010 0.138376 0.000010 0.000010 0.030641 0.000010 0.000010 0.307058 0.000010 0.523865
0.000010 0.066181 0.000010 0.000010 0.000010 0.021250 0.000010 0.438060 0.000010 0.474448
0.000010 0.088400 0.000010 0.000010 0.000010 0.280679 0.000010 0.281614 0.000010 0.349246
0.000010 0.000010 0.040842 0.000010 0.000010 0.410879 0.000010 0.000010 0.000010 0.548209
0.000010 0.000010 0.000010 0.000010 0.000010 0.222680 0.000010 0.348290 0.000010 0.428960
0.000010 0.086282 0.088619 0.000010 0.000010 0.293930 0.000010 0.285403 0.000010 0.245716
0.000010 0.000010 0.000010 0.000010 0.000010 0.295788 0.000010 0.704132 0.000010 0.000010
0.000010 0.105089 0.015161 0.000010 0.000010 0.618699 0.000010 0.000010 0.000010 0.260991
0.000010 0.118930 0.000010 0.000010 0.078594 0.089604 0.000010 0.534538 0.000010 0.178284
0.000010 0.000010 0.000010 0.026909 0.000010 0.180040 0.000010 0.000010 0.000010 0.792982
0.000010 0.000010 0.000010 0.000010 0.000010 0.000010 0.000010 0.999910 0.000010 0.000010
0.000010 0.000010 0.000010 0.000010 0.000010 0.429829 0.000010 0.570091 0.000010 0.000010
0.000010 0.000010 0.000010 0.000010 0.000010 0.309092 0.000010 0.376358 0.000010 0.314480
0.000010 0.000010 0.000010 0.000010 0.000010 0.202791 0.000010 0.303286 0.000010 0.493853
0.000010 0.000010 0.000010 0.000010 0.000010 0.000010 0.000010 0.516734 0.000010 0.483186
0.000010 0.000010 0.000010 0.000010 0.000010 0.000010 0.000010 0.999910 0.000010 0.000010
0.000010 0.143555 0.000010 0.000010 0.068412 0.141162 0.000010 0.000010 0.000010 0.646810
0.000010 0.000010 0.000010 0.000010 0.000010 0.000010 0.000010 0.999910 0.000010 0.000010
0.000010 0.141068 0.000010 0.000010 0.000010 0.170465 0.000010 0.265692 0.000010 0.422715
0.000010 0.182042 0.148636 0.000010 0.000010 0.450026 0.000010 0.219237 0.000010 0.000010
0.000010 0.087109 0.112383 0.000010 0.000010 0.159039 0.000010 0.332688 0.000010 0.308732
0.000010 0.000010 0.000010 0.000010 0.000010 0.000010 0.000010 0.485603 0.000010 0.514317
0.999910 0.000010 0.000010 0.000010 0.000010 0.000010 0.000010 0.000010 0.000010 0.000010
0.000010 0.000010 0.000010 0.000010 0.000010 0.000010 0.000010 0.823655 0.000010 0.176265
0.000010 0.000010 0.000010 0.000010 0.000010 0.000010 0.000010 0.638860 0.000010 0.361060
0.000010 0.000010 0.033801 0.000010 0.000010 0.534386 0.000010 0.082190 0.000010 0.349563
0.000010 0.074474 0.000010 0.000010 0.000010 0.051883 0.000010 0.190410 0.000010 0.683174
0.000010 0.000010 0.097771 0.000010 0.000010 0.234417 0.000010 0.220740 0.000010 0.447012
0.000010 0.000010 0.000010 0.000010 0.000010 0.361254 0.000010 0.600629 0.000010 0.038046
0.000545 0.081856 0.000010 0.000010 0.000010 0.357974 0.000010 0.229637 0.000010 0.329939
0.000010 0.999910 0.000010 0.000010 0.000010 0.000010 0.000010 0.000010 0.000010 0.000010
0.000010 0.999910 0.000010 0.000010 0.000010 0.000010 0.000010 0.000010 0.000010 0.000010
0.000010 0.000010 0.000010 0.000010 0.000010 0.139563 0.000010 0.337602 0.000010 0.522765
0.000010 0.368057 0.000010 0.000010 0.000010 0.000010 0.000010 0.077760 0.000010 0.554113
0.000010 0.126659 0.024882 0.000010 0.000010 0.339672 0.000010 0.457605 0.000010 0.051131
0.000010 0.402503 0.000010 0.000010 0.000010 0.142000 0.000010 0.000010 0.000010 0.455427
0.000010 0.000010 0.000010 0.000010 0.000010 0.378835 0.000010 0.000010 0.000010 0.621085
0.000010 0.128360 0.000010 0.000010 0.000010 0.159442 0.000010 0.172340 0.000010 0.539798
0.000010 0.000010 0.099401 0.000010 0.846468 0.000010 0.002404 0.000010 0.000010 0.051668
0.000010 0.000010 0.462985 0.000010 0.470241 0.000010 0.020446 0.000010 0.000010 0.046268
0.008353 0.000010 0.169415 0.000010 0.822162 0.000010 0.000010 0.000010 0.000010 0.000010
0.000010 0.291538 0.190919 0.000010 0.517473 0.000010 0.000010 0.000010 0.000010 0.000010
0.000010 0.000010 0.000010 0.206312 0.793608 0.000010 0.000010 0.000010 0.000010 0.000010
0.000010 0.000010 0.000010 0.000010 0.999910 0.000010 0.000010 0.000010 0.000010 0.000010
0.000010 0.000010 0.108354 0.000010 0.863943 0.000010 0.027633 0.000010 0.000010 0.000010
0.000010 0.062971 0.000010 0.000010 0.872095 0.064863 0.000010 0.000010 0.000010 0.000010
0.010716 0.177928 0.000010 0.173889 0.637406 0.000010 0.000010 0.000010 0.000010 0.000010
0.000010 0.068446 0.000010 0.000010 0.827747 0.000010 0.000010 0.103737 0.000010 0.000010
0.000010 0.000010 0.000010 0.000010 0.713662 0.000010 0.000010 0.000010 0.000010 0.286258
0.000010 0.000010 0.000010 0.000010 0.782329 0.000010 0.000010 0.217591 0.000010 0.000010
0.000010 0.175177 0.141801 0.000010 0.682953 0.000010 0.000010 0.000010 0.000010 0.000010
0.000010 0.046304 0.000010 0.000010 0.941332 0.012294 0.000010 0.000010 0.000010 0.000010
0.000010 0.000010 0.000010 0.000010 0.771179 0.000010 0.000010 0.000010 0.000010 0.228741
0.152861 0.000010 0.000010 0.000010 0.000010 0.000010 0.847059 0.000010 0.000010 0.000010
0.000010 0.020341 0.102951 0.000010 0.754007 0.000010 0.000010 0.000010 0.000010 0.122640
0.000010 0.161881 0.000010 0.000010 0.838039 0.000010 0.000010 0.000010 0.000010 0.000010
0.000010 0.000010 0.000010 0.000010 0.879307 0.000010 0.000010 0.120613 0.000010 0.000010
0.000010 0.000010 0.061284 0.089141 0.658101 0.000010 0.021337 0.000010 0.000010 0.170088
0.000010 0.085838 0.000010 0.206644 0.458023 0.000010 0.014525 0.022224 0.000010 0.212705
0.000010 0.000010 0.125383 0.000010 0.810570 0.000010 0.000010 0.000010 0.000010 0.063976
0.000010 0.000010 0.000010 0.000010 0.854763 0.078186 0.018717 0.000010 0.000010 0.048274
0.000010 0.069867 0.000010 0.000010 0.787836 0.142227 0.000010 0.000010 0.000010 0.000010
0.000010 0.097830 0.000010 0.000010 0.902090 0.000010 0.000010 0.000010 0.000010 0.000010
0.000010 0.000010 0.000010 0.000010 0.990740 0.000010 0.009180 0.000010 0.000010 0.000010
0.000010 0.010269 0.000010 0.000010 0.826121 0.163541 0.000010 0.000010 0.000010 0.000010
0.003736 0.000010 0.160907 0.000010 0.835287 0.000010 0.000010 0.000010 0.000010 0.000010
0.000010 0.000010 0.000010 0.059439 0.761402 0.000010 0.000010 0.000010 0.000010 0.179088
0.000010 0.040903 0.000010 0.000010 0.826541 0.000010 0.000010 0.000010 0.000010 0.132485
0.002200 0.000010 0.091565 0.000010 0.867483 0.000010 0.000010 0.000010 0.000010 0.038692
0.000010 0.000010 0.000010 0.000010 0.867262 0.085772 0.000010 0.000010 0.000010 0.046896
0.000010 0.017006 0.137600 0.000010 0.842567 0.002767 0.000010 0.000010 0.000010 0.000010
0.000010 0.086487 0.134429 0.000010 0.779015 0.000010 0.000010 0.000010 0.000010 0.000010
0.000010 0.000010 0.000010 0.037585 0.827059 0.000010 0.000010 0.135286 0.000010 0.000010
0.000010 0.000010 0.000010 0.000010 0.000010 0.000010 0.999910 0.000010 0.000010 0.000010
0.000010 0.071215 0.000010 0.000010 0.928705 0.000010 0.000010 0.000010 0.000010 0.000010
0.000010 0.099869 0.000010 0.000010 0.889327 0.000010 0.000010 0.010734 0.000010 0.000010
0.158700 0.000010 0.000010 0.000010 0.000010 0.000010 0.841220 0.000010 0.000010 0.000010
0.000010 0.000010 0.000010 0.000010 0.937467 0.000010 0.000010 0.062453 0.000010 0.000010
0.000010 0.016552 0.095487 0.000010 0.745782 0.000010 0.000010 0.142118 0.000010 0.000010
0.000010 0.000010 0.000010 0.000010 0.915902 0.000010 0.000010 0.000010 0.000010 0.084018
0.000010 0.000010 0.000010 0.075392 0.924528 0.000010 0.000010 0.000010 0.000010 0.000010
0.000010 0.000010 0.104306 0.000010 0.895614 0.000010 0.000010 0.000010 0.000010 0.000010
0.025640 0.000010 0.000010 0.000010 0.974280 0.000010 0.000010 0.000010 0.000010 0.000010
0.000010 0.060462 0.125833 0.000010 0.813635 0.000010 0.000010 0.000010 0.000010 0.000010
0.000010 0.000010 0.000010 0.000010 0.000010 0.000010 0.999910 0.000010 0.000010 0.000010
0.000010 0.000010 0.000010 0.000010 0.999910 0.000010 0.000010 0.000010 0.000010 0.000010
0.000010 0.000010 0.000010 0.000010 0.914114 0.000010 0.000010 0.085806 0.000010 0.000010
0.000010 0.000010 0.000010 0.000010 0.994642 0.000010 0.000010 0.005278 0.000010 0.000010
0.000010 0.000010 0.000010 0.118791 0.881129 0.000010 0.000010 0.000010 0.000010 0.000010
0.000010 0.000010 0.000010 0.000010 0.999910 0.000010 0.000010 0.000010 0.000010 0.000010
0.000010 0.140679 0.024773 0.011961 0.000010 0.000010 0.000010 0.000010 0.000010 0.822526
