0.124630 0.000010 0.603111 0.073218 0.007565 0.191466
0.061808 0.000010 0.938152 0.000010 0.000010 0.000010
0.000010 0.000016 0.968858 0.000010 0.000010 0.031096
0.000010 0.000010 0.999950 0.000010 0.000010 0.000010
0.264023 0.000010 0.561431 0.000010 0.000010 0.174516
0.098140 0.000010 0.742717 0.000010 0.000010 0.159113
0.000010 0.000010 0.958793 0.000010 0.000010 0.041167
0.000010 0.000010 0.916788 0.000010 0.000010 0.083172
0.000010 0.028640 0.914251 0.008268 0.003610 0.045221
0.000010 0.999950 0.000010 0.000010 0.000010 0.000010
0.000010 0.999950 0.000010 0.000010 0.000010 0.000010
0.220020 0.000010 0.779940 0.000010 0.000010 0.000010
0.000010 0.000010 0.999950 0.000010 0.000010 0.000010
0.034758 0.000010 0.937378 0.000017 0.000010 0.027827
0.000010 0.000010 0.999950 0.000010 0.000010 0.000010
0.184375 0.076588 0.697747 0.003114 0.000010 0.038165
0.000010 0.000010 0.986344 0.000010 0.013616 0.000010
0.000010 0.000010 0.894592 0.105368 0.000010 0.000010
0.226441 0.000010 0.744701 0.000010 0.028828 0.000010
0.000010 0.000010 0.972739 0.000010 0.027221 0.000010
0.000010 0.000010 0.832684 0.000010 0.000010 0.167276
0.000010 0.000010 0.973650 0.018330 0.007990 0.000010
0.000010 0.000010 0.896372 0.000010 0.000010 0.103588
0.000010 0.000010 0.975395 0.000010 0.000010 0.024565
0.000010 0.000010 0.952720 0.000010 0.000010 0.047240
0.000010 0.000010 0.993940 0.000010 0.006020 0.000010
0.229060 0.000010 0.770900 0.000010 0.000010 0.000010
0.062247 0.000010 0.000010 0.325987 0.000010 0.611736
0.000010 0.000010 0.929647 0.000010 0.000010 0.070313
0.136581 0.000010 0.738646 0.031056 0.000010 0.093698
0.000010 0.000010 0.892487 0.107473 0.000010 0.000010
0.000010 0.000010 0.806229 0.193731 0.000010 0.000010
0.000010 0.067275 0.775925 0.000010 0.000010 0.156770
0.000010 0.000010 0.986532 0.000010 0.000010 0.013428
0.000010 0.999950 0.000010 0.000010 0.000010 0.000010
0.000010 0.514883 0.428056 0.057032 0.000010 0.000010
0.236141 0.000010 0.679399 0.084431 0.000010 0.000010
0.000010 0.000010 0.889499 0.110461 0.000010 0.000010
0.000010 0.000010 0.800469 0.199491 0.000010 0.000010
0.136519 0.000010 0.564979 0.000010 0.000010 0.298472
0.000010 0.000010 0.898773 0.101187 0.000010 0.000010
0.198207 0.064656 0.679317 0.057148 0.000010 0.000662
0.006690 0.000010 0.871831 0.000010 0.000010 0.121449
0.038309 0.000010 0.950502 0.000010 0.011159 0.000010
0.000010 0.000010 0.000010 0.000010 0.999950 0.000010
0.000010 0.000010 0.846817 0.000010 0.039761 0.113391
0.000010 0.000010 0.767949 0.064554 0.016390 0.151087
0.208784 0.000010 0.735661 0.055525 0.000010 0.000010
0.065154 0.000010 0.901250 0.000010 0.000010 0.033565
0.000010 0.000010 0.000010 0.000010 0.999950 0.000010
0.000010 0.135200 0.864760 0.000010 0.000010 0.000010
0.053635 0.000010 0.603011 0.097925 0.000010 0.245409
0.000010 0.000010 0.000010 0.000010 0.999950 0.000010
0.150559 0.000010 0.561608 0.000010 0.005249 0.282564
0.000011 0.000010 0.000010 0.000010 0.999949 0.000010
0.000010 0.000010 0.000010 0.000010 0.999950 0.000010
0.000010 0.000010 0.998831 0.001129 0.000010 0.000010
0.000010 0.000010 0.000010 0.000010 0.999950 0.000010
0.000010 0.999950 0.000010 0.000010 0.000010 0.000010
0.000010 0.000010 0.000010 0.000010 0.999950 0.000010
0.000010 0.999950 0.000010 0.000010 0.000010 0.000010
0.255802 0.000010 0.676088 0.000010 0.000010 0.068080
0.260428 0.000010 0.664159 0.000010 0.000010 0.075383
0.000010 0.000010 0.756908 0.000010 0.000010 0.243052
0.337174 0.000010 0.579094 0.083703 0.000010 0.000010
0.000010 0.000010 0.000010 0.999950 0.000010 0.000010
0.000010 0.000010 0.030078 0.217013 0.000010 0.752880
0.000010 0.000010 0.000010 0.248338 0.000010 0.751622
0.047235 0.000010 0.066028 0.114229 0.000010 0.772488
0.000010 0.000010 0.000010 0.653859 0.009308 0.336803
0.000010 0.000010 0.000010 0.623410 0.021498 0.355062
0.000010 0.000010 0.000010 0.999950 0.000010 0.000010
0.000010 0.000010 0.000010 0.000010 0.032675 0.967285
0.000010 0.000010 0.000010 0.000010 0.999950 0.000010
0.089099 0.000010 0.000010 0.000010 0.000010 0.910861
0.006165 0.000010 0.125866 0.056531 0.000010 0.811418
0.000010 0.000010 0.000010 0.659130 0.000010 0.340830
0.120505 0.000010 0.000010 0.398169 0.000010 0.481296
0.000010 0.000010 0.000010 0.532187 0.000010 0.467773
0.000010 0.000010 0.000010 0.524572 0.000010 0.475388
0.000010 0.000010 0.000010 0.344802 0.000010 0.655158
0.312211 0.030353 0.657406 0.000010 0.000010 0.000010
0.000010 0.000010 0.092201 0.000010 0.000010 0.907759
0.000010 0.000010 0.000010 0.000010 0.999950 0.000010
0.000010 0.000010 0.000010 0.754976 0.000010 0.244984
0.000010 0.000010 0.000010 0.643388 0.000010 0.356572
0.032099 0.000010 0.000010 0.615240 0.000010 0.352631
0.000010 0.000010 0.000010 0.381048 0.000010 0.618912
0.176985 0.000010 0.000010 0.000010 0.000010 0.822975
0.000010 0.000010 0.000010 0.000010 0.999950 0.000010
0.000010 0.000010 0.000010 0.537965 0.000010 0.461995
0.000010 0.000010 0.000010 0.999950 0.000010 0.000010
0.000010 0.000010 0.000010 0.000010 0.999950 0.000010
0.000010 0.000010 0.000010 0.999950 0.000010 0.000010
0.000018 0.000010 0.000010 0.000010 0.999942 0.000010
0.000010 0.000010 0.000010 0.000010 0.999950 0.000010
0.000010 0.000010 0.000010 0.000010 0.999950 0.000010
0.000010 0.000010 0.000010 0.447924 0.000010 0.552036
0.015985 0.000010 0.000010 0.000010 0.000010 0.983975
0.955172 0.044788 0.000010 0.000010 0.000010 0.000010
0.789870 0.000010 0.075708 0.000010 0.013673 0.120730
0.823835 0.000010 0.113887 0.062248 0.000010 0.000010
0.999950 0.000010 0.000010 0.000010 0.000010 0.000010
0.801382 0.000010 0.000010 0.115431 0.050415 0.032752
0.785898 0.000010 0.043413 0.000010 0.000010 0.170659
0.000010 0.000010 0.000010 0.087903 0.000010 0.912057
0.000010 0.000010 0.000010 0.000010 0.999950 0.000010
0.081661 0.000010 0.003048 0.311815 0.000010 0.603456
0.114275 0.000010 0.000010 0.885685 0.000010 0.000010
0.000010 0.000010 0.000010 0.000010 0.000010 0.999950
0.000010 0.000010 0.000010 0.000010 0.999950 0.000010
0.000010 0.000010 0.000010 0.240935 0.000010 0.759025
0.000010 0.000010 0.000010 0.999950 0.000010 0.000010
0.090611 0.000010 0.000010 0.522798 0.000010 0.386560
0.000010 0.000010 0.000010 0.999950 0.000010 0.000010
0.093709 0.000010 0.000010 0.337297 0.000010 0.568964
0.000010 0.000010 0.000010 0.513650 0.000010 0.486310
0.003553 0.000010 0.000010 0.766600 0.000010 0.229818
0.000010 0.000010 0.000010 0.373130 0.000010 0.626830
0.054789 0.000010 0.058593 0.269233 0.000010 0.617366
0.000010 0.000010 0.000010 0.000010 0.999950 0.000010
0.000010 0.000010 0.000010 0.999950 0.000010 0.000010
0.000010 0.000010 0.000010 0.000010 0.000010 0.999950
0.000010 0.000013 0.010035 0.359410 0.000010 0.630522
0.000010 0.000010 0.000010 0.999950 0.000010 0.000010
0.000010 0.000010 0.000010 0.000010 0.000010 0.999950
0.000010 0.000010 0.155168 0.657416 0.000010 0.187386
0.000010 0.000010 0.000010 0.032901 0.000010 0.967059
0.044762 0.000010 0.000010 0.431542 0.000010 0.523667
0.000010 0.000010 0.075854 0.439744 0.000010 0.484371
0.000010 0.000010 0.047052 0.199676 0.000010 0.753242
0.186989 0.000010 0.000013 0.421051 0.000010 0.391928
0.000010 0.000010 0.000010 0.999950 0.000010 0.000010
0.000010 0.000010 0.031721 0.968239 0.000010 0.000010
0.000010 0.000010 0.000010 0.000010 0.000010 0.999950
0.000010 0.000010 0.000010 0.239662 0.014170 0.746139
0.000010 0.000010 0.000010 0.000010 0.011117 0.988843
0.000010 0.000010 0.000010 0.999950 0.000010 0.000010
0.086348 0.000010 0.000010 0.594244 0.000010 0.319378
0.000010 0.000010 0.000010 0.999950 0.000010 0.000010
0.000010 0.000010 0.000010 0.261875 0.000010 0.738085
0.000010 0.000010 0.000010 0.000010 0.999950 0.000010
0.000010 0.000010 0.000010 0.000010 0.999950 0.000010
0.000010 0.000010 0.000010 0.378680 0.000010 0.621280
0.000010 0.000010 0.000010 0.000010 0.999950 0.000010
0.000010 0.000010 0.000010 0.000010 0.000010 0.999950
0.000010 0.000010 0.000010 0.174418 0.000010 0.825542
0.000014 0.000010 0.000010 0.000010 0.999946 0.000010
0.000010 0.000010 0.000010 0.000010 0.999950 0.000010
0.000010 0.000010 0.000010 0.225315 0.000010 0.774645
0.000010 0.000010 0.000010 0.000010 0.999950 0.000010
0.000010 0.000010 0.000010 0.000010 0.999950 0.000010
0.000010 0.000010 0.000010 0.000010 0.999950 0.000010
0.000010 0.000010 0.811005 0.188955 0.000010 0.000010
0.000010 0.000010 0.880512 0.049416 0.000010 0.070043
0.143210 0.000010 0.812284 0.044475 0.000010 0.000010
0.000010 0.000010 0.994987 0.000010 0.000010 0.004973
0.000010 0.000010 0.000010 0.000010 0.999950 0.000010
0.053167 0.000010 0.007740 0.175964 0.000010 0.763110
0.086547 0.000010 0.734761 0.000010 0.000010 0.178662
0.000010 0.000010 0.986180 0.000010 0.013780 0.000010
0.000010 0.000010 0.815471 0.184489 0.000010 0.000010
0.000010 0.000010 0.764622 0.000010 0.004414 0.230935
0.173963 0.000010 0.707104 0.043029 0.000010 0.075883
0.000010 0.000010 0.999950 0.000010 0.000010 0.000010
0.000010 0.000010 0.930321 0.017688 0.000010 0.051961
0.000010 0.000010 0.905763 0.094197 0.000010 0.000010
0.000010 0.000010 0.904390 0.095570 0.000010 0.000010
0.000010 0.000010 0.999950 0.000010 0.000010 0.000010
0.223461 0.000010 0.684479 0.000010 0.004891 0.087149
0.171726 0.000010 0.791956 0.036288 0.000010 0.000010
0.132762 0.000010 0.697957 0.169251 0.000010 0.000010
0.000010 0.000010 0.999950 0.000010 0.000010 0.000010
0.000010 0.000010 0.974958 0.025002 0.000010 0.000010
0.166038 0.000010 0.721107 0.000010 0.000010 0.112824
0.095013 0.000010 0.832254 0.053242 0.000515 0.018966
0.286569 0.000010 0.634476 0.000010 0.000010 0.078925
0.178110 0.000010 0.821850 0.000010 0.000010 0.000010
0.000010 0.000010 0.999946 0.000014 0.000010 0.000010
0.000010 0.000010 0.965246 0.014747 0.019977 0.000010
0.000010 0.000010 0.000010 0.000010 0.999950 0.000010
0.000010 0.000010 0.933000 0.066960 0.000010 0.000010
0.251108 0.000010 0.699588 0.000010 0.006236 0.043048
0.000010 0.000010 0.999950 0.000010 0.000010 0.000010
0.000010 0.000010 0.000010 0.000010 0.999950 0.000010
0.000010 0.000010 0.999950 0.000010 0.000010 0.000010
0.000010 0.000010 0.000010 0.000010 0.999950 0.000010
0.044410 0.000010 0.922676 0.032885 0.000010 0.000010
0.000010 0.000010 0.999950 0.000010 0.000010 0.000010
0.301884 0.000010 0.698076 0.000010 0.000010 0.000010
0.038688 0.000010 0.806195 0.150379 0.000010 0.004718
0.143010 0.000010 0.856950 0.000010 0.000010 0.000010
0.234284 0.000010 0.740180 0.000010 0.000010 0.025506
0.224562 0.000010 0.775398 0.000010 0.000010 0.000010
0.036858 0.000010 0.924793 0.000010 0.010788 0.027540
0.000010 0.000010 0.999950 0.000010 0.000010 0.000010
0.000010 0.000010 0.904788 0.095172 0.000010 0.000010
0.000010 0.000010 0.999950 0.000010 0.000010 0.000010
0.147168 0.000010 0.685800 0.167002 0.000010 0.000010
0.217327 0.019290 0.697443 0.065920 0.000010 0.000010
0.000010 0.000010 0.000010 0.999950 0.000010 0.000010
0.060842 0.000010 0.000010 0.207655 0.000010 0.731473
0.000010 0.000010 0.000010 0.710666 0.000010 0.289294
0.000010 0.000010 0.000010 0.000010 0.000010 0.999950
0.000010 0.000010 0.000010 0.259548 0.000010 0.740412
0.000010 0.000010 0.000010 0.217527 0.000010 0.782433
0.092445 0.000010 0.086630 0.368586 0.000010 0.452319
0.000010 0.000010 0.000010 0.493019 0.000010 0.506941
0.141803 0.000010 0.004005 0.018160 0.000010 0.836013
0.000010 0.000010 0.135168 0.610530 0.000010 0.254273
0.000010 0.000010 0.000010 0.183737 0.000010 0.816223
0.057951 0.000010 0.000010 0.269419 0.000010 0.672600
0.000010 0.000010 0.000010 0.000010 0.999950 0.000010
0.000010 0.000010 0.000010 0.000010 0.000010 0.999950
0.000010 0.000010 0.000010 0.519921 0.000010 0.480039
0.000010 0.000010 0.000010 0.417514 0.000010 0.582446
0.086625 0.000010 0.000010 0.258363 0.000010 0.654982
0.271415 0.000010 0.000010 0.000010 0.000010 0.728545
0.000010 0.000010 0.000010 0.389824 0.000010 0.610136
0.048231 0.000010 0.000010 0.492057 0.000010 0.459682
0.000010 0.000010 0.000010 0.000010 0.000010 0.999950
0.000010 0.000010 0.000010 0.000010 0.000010 0.999950
0.000010 0.000010 0.000010 0.000010 0.000010 0.999950
0.000010 0.000010 0.041342 0.137683 0.000010 0.820945
0.000010 0.000010 0.000010 0.250416 0.000010 0.749544
0.000010 0.000010 0.000010 0.443718 0.000010 0.556242
0.000010 0.000010 0.000010 0.000010 0.000010 0.999950
0.000010 0.000010 0.000010 0.000010 0.000010 0.999950
0.000010 0.000010 0.020220 0.450078 0.000010 0.529673
0.000010 0.000010 0.098471 0.486463 0.000010 0.415036
0.093193 0.000010 0.000010 0.216949 0.000010 0.689828
0.310591 0.000010 0.003395 0.180995 0.000010 0.504998
0.000010 0.000010 0.000010 0.374361 0.000010 0.625599
0.133923 0.000010 0.811273 0.025518 0.017003 0.012274
0.000010 0.000010 0.000010 0.339853 0.000010 0.660107
0.178027 0.000010 0.000010 0.146532 0.000010 0.675411
0.000013 0.000010 0.000010 0.472323 0.000010 0.527635
0.075165 0.000010 0.000010 0.703647 0.000010 0.221158
0.000010 0.000010 0.000010 0.335967 0.000010 0.663993
0.000010 0.000010 0.146993 0.133333 0.000010 0.719644
0.000010 0.000010 0.000010 0.000010 0.000010 0.999950
0.080210 0.000010 0.000010 0.624028 0.000010 0.295732
0.000010 0.000010 0.000010 0.197815 0.000010 0.802145
0.000010 0.000010 0.000010 0.052211 0.000010 0.947749
0.101727 0.000010 0.000010 0.055153 0.000010 0.843089
0.000010 0.000010 0.000010 0.162211 0.000010 0.837749
0.000010 0.000010 0.000010 0.463071 0.000010 0.536889
0.011349 0.000010 0.077476 0.353552 0.000010 0.557603
0.000010 0.000010 0.000010 0.210608 0.000010 0.789352
0.000010 0.000010 0.073233 0.337135 0.000010 0.589602
0.000010 0.000010 0.000010 0.000015 0.000010 0.999945
0.000010 0.000010 0.064731 0.638408 0.000010 0.296831
0.076053 0.000010 0.000010 0.217957 0.000010 0.705960
0.000010 0.000010 0.012280 0.185268 0.000010 0.802422
0.000010 0.000010 0.000010 0.344512 0.000010 0.655448
0.000010 0.000010 0.000010 0.441309 0.000010 0.558651
0.000010 0.000010 0.000010 0.400444 0.000010 0.599516
0.000350 0.000010 0.000010 0.179527 0.000010 0.820093
0.000010 0.000010 0.000010 0.000010 0.000010 0.999950
0.000010 0.000010 0.000010 0.000010 0.000010 0.999950
0.048330 0.047269 0.000010 0.244631 0.000010 0.659751
0.000010 0.000010 0.000010 0.000010 0.000010 0.999950
0.000010 0.000010 0.000010 0.272578 0.000010 0.727382
0.000010 0.000010 0.124431 0.659821 0.000010 0.215718
0.000010 0.000010 0.066805 0.000010 0.000010 0.933155
0.000010 0.000010 0.000010 0.174578 0.000010 0.825382
0.000010 0.000010 0.000010 0.000010 0.999950 0.000010
0.000010 0.000010 0.000010 0.066962 0.000010 0.932998
0.000010 0.000010 0.000010 0.000010 0.000010 0.999950
0.000010 0.000010 0.034617 0.513141 0.000010 0.452212
0.000010 0.000010 0.000010 0.173038 0.000010 0.826922
0.049925 0.000010 0.024065 0.586499 0.000010 0.339490
0.000010 0.000010 0.000010 0.224945 0.000010 0.775015
0.000010 0.000010 0.000010 0.450821 0.001970 0.547178
0.000010 0.000010 0.000010 0.999950 0.000010 0.000010
0.000010 0.000010 0.000010 0.999950 0.000010 0.000010
0.000010 0.000010 0.000010 0.149989 0.000010 0.849971
0.000010 0.000010 0.169447 0.000010 0.000010 0.830513
0.000010 0.000010 0.000010 0.154245 0.000010 0.845715
0.013721 0.000010 0.000010 0.539568 0.000010 0.446681
0.000010 0.000010 0.000010 0.337605 0.000010 0.662355
0.000010 0.000010 0.000010 0.190903 0.000010 0.809057
0.971873 0.000010 0.017663 0.000010 0.010434 0.000010
0.692743 0.000010 0.267319 0.000010 0.039908 0.000010
0.929137 0.000010 0.049786 0.000010 0.021047 0.000010
0.601087 0.000010 0.185251 0.033583 0.000010 0.180059
0.999950 0.000010 0.000010 0.000010 0.000010 0.000010
0.999950 0.000010 0.000010 0.000010 0.000010 0.000010
0.906127 0.000010 0.072982 0.000010 0.020861 0.000010
0.891239 0.000010 0.000010 0.108721 0.000010 0.000010
0.743421 0.000010 0.211269 0.000010 0.000784 0.044506
0.900248 0.000010 0.000010 0.000010 0.000010 0.099712
0.856029 0.000010 0.000010 0.000010 0.000010 0.143931
0.869965 0.000010 0.000010 0.128167 0.000010 0.001837
0.839147 0.000010 0.160813 0.000010 0.000010 0.000010
0.925448 0.000010 0.000010 0.074508 0.000014 0.000010
0.968635 0.000010 0.000010 0.031325 0.000010 0.000010
0.000010 0.000010 0.000010 0.000010 0.999950 0.000010
0.929050 0.000010 0.000010 0.000010 0.000010 0.070910
0.939473 0.000010 0.000010 0.000010 0.000010 0.060487
0.930842 0.000010 0.000010 0.000010 0.000010 0.069118
0.785229 0.000010 0.132277 0.000010 0.007090 0.075383
0.586137 0.000010 0.148872 0.000010 0.011512 0.253460
0.999948 0.000010 0.000012 0.000010 0.000010 0.000010
0.982977 0.000010 0.000010 0.000010 0.016983 0.000010
0.816815 0.000010 0.000010 0.183140 0.000015 0.000010
0.999950 0.000010 0.000010 0.000010 0.000010 0.000010
0.999891 0.000010 0.000010 0.000010 0.000069 0.000010
0.902060 0.000010 0.000010 0.097900 0.000010 0.000010
0.931765 0.000010 0.049710 0.000010 0.018495 0.000010
0.921290 0.000010 0.000019 0.000010 0.000010 0.078661
0.926475 0.000010 0.000010 0.000010 0.000010 0.073485
0.999950 0.000010 0.000010 0.000010 0.000010 0.000010
0.919121 0.000010 0.000010 0.080839 0.000010 0.000010
0.999950 0.000010 0.000010 0.000010 0.000010 0.000010
0.940505 0.000010 0.000010 0.059455 0.000010 0.000010
0.889188 0.000010 0.017364 0.000010 0.000010 0.093419
0.000010 0.000010 0.000010 0.000010 0.999950 0.000010
0.971920 0.000010 0.000010 0.028040 0.000010 0.000010
0.999950 0.000010 0.000010 0.000010 0.000010 0.000010
0.000010 0.000010 0.000010 0.000010 0.999950 0.000010
0.999950 0.000010 0.000010 0.000010 0.000010 0.000010
0.879576 0.000010 0.000010 0.000010 0.000010 0.120384
0.999950 0.000010 0.000010 0.000010 0.000010 0.000010
0.999950 0.000010 0.000010 0.000010 0.000010 0.000010
0.999950 0.000010 0.000010 0.000010 0.000010 0.000010
0.976788 0.000010 0.000010 0.000010 0.023172 0.000010
0.999950 0.000010 0.000010 0.000010 0.000010 0.000010
0.000010 0.000010 0.000010 0.000010 0.999950 0.000010
0.999950 0.000010 0.000010 0.000010 0.000010 0.000010
0.989920 0.000010 0.000010 0.000010 0.004165 0.005885
0.999950 0.000010 0.000010 0.000010 0.000010 0.000010
0.999950 0.000010 0.000010 0.000010 0.000010 0.000010
0.999950 0.000010 0.000010 0.000010 0.000010 0.000010
0.000010 0.000010 0.118057 0.000010 0.000010 0.881903
