0.251644 0.562403 0.105047 0.000010 0.080875 0.000010 0.000010
0.048797 0.919178 0.031985 0.000010 0.000010 0.000010 0.000010
0.082713 0.908547 0.000010 0.008700 0.000010 0.000010 0.000010
0.000010 0.999940 0.000010 0.000010 0.000010 0.000010 0.000010
0.218073 0.542231 0.239656 0.000010 0.000010 0.000010 0.000010
0.000010 0.685190 0.116567 0.000010 0.000010 0.000010 0.198203
0.087683 0.912267 0.000010 0.000010 0.000010 0.000010 0.000010
0.152550 0.847400 0.000010 0.000010 0.000010 0.000010 0.000010
0.031857 0.868163 0.000010 0.006789 0.064752 0.028419 0.000010
0.000010 0.000010 0.000010 0.000010 0.000010 0.999940 0.000010
0.000010 0.000010 0.000010 0.000010 0.000010 0.999940 0.000010
0.000010 0.791595 0.208355 0.000010 0.000010 0.000010 0.000010
0.000010 0.999940 0.000010 0.000010 0.000010 0.000010 0.000010
0.108127 0.862802 0.029031 0.000010 0.000010 0.000010 0.000010
0.000010 0.999940 0.000010 0.000010 0.000010 0.000010 0.000010
0.000010 0.759450 0.123728 0.000010 0.000010 0.000010 0.116782
0.018188 0.968391 0.000010 0.013381 0.000010 0.000010 0.000010
0.000010 0.863884 0.000010 0.000010 0.047579 0.000010 0.088497
0.040418 0.710221 0.223293 0.026037 0.000010 0.000010 0.000010
0.000010 0.968574 0.000010 0.031376 0.000010 0.000010 0.000010
0.000010 0.754047 0.000010 0.000010 0.202726 0.000010 0.043187
0.000010 0.918195 0.000010 0.007262 0.074503 0.000010 0.000010
0.148667 0.851283 0.000010 0.000010 0.000010 0.000010 0.000010
0.088038 0.911912 0.000010 0.000010 0.000010 0.000010 0.000010
0.000010 0.935525 0.000010 0.000010 0.000010 0.000010 0.064425
0.000010 0.943700 0.000010 0.000010 0.056250 0.000010 0.000010
0.000010 0.770389 0.229561 0.000010 0.000010 0.000010 0.000010
0.339294 0.000010 0.058483 0.000010 0.165624 0.000010 0.436569
0.115623 0.794878 0.000010 0.000010 0.089460 0.000010 0.000010
0.019563 0.712817 0.134683 0.000010 0.000010 0.000010 0.132907
0.000010 0.867752 0.000010 0.000010 0.132198 0.000010 0.000010
0.000010 0.786992 0.000010 0.000010 0.212958 0.000010 0.000010
0.266334 0.668430 0.000010 0.000010 0.000010 0.065196 0.000010
0.074727 0.925223 0.000010 0.000010 0.000010 0.000010 0.000010
0.000010 0.000010 0.000010 0.000010 0.000010 0.999940 0.000010
0.000010 0.341107 0.000010 0.000010 0.141325 0.517528 0.000010
0.144722 0.557240 0.205898 0.000010 0.092110 0.000010 0.000010
0.000010 0.875204 0.000010 0.000010 0.124746 0.000010 0.000010
0.000010 0.731055 0.000010 0.000010 0.268895 0.000010 0.000010
0.228432 0.519471 0.000010 0.000010 0.252057 0.000010 0.000010
0.000010 0.677186 0.000010 0.000010 0.322764 0.000010 0.000010
0.242263 0.482962 0.148479 0.000010 0.063127 0.063148 0.000010
0.125385 0.856471 0.000010 0.000010 0.018104 0.000010 0.000010
0.157622 0.842328 0.000010 0.000010 0.000010 0.000010 0.000010
0.000010 0.000010 0.000010 0.999940 0.000010 0.000010 0.000010
0.031288 0.734688 0.000010 0.040092 0.193902 0.000010 0.000010
0.065112 0.736401 0.000010 0.015239 0.094067 0.000010 0.089161
0.142946 0.653856 0.203157 0.000010 0.000010 0.000010 0.000010
0.184652 0.815298 0.000010 0.000010 0.000010 0.000010 0.000010
0.000010 0.000010 0.000010 0.999940 0.000010 0.000010 0.000010
0.000010 0.839074 0.000010 0.000010 0.017310 0.127989 0.015598
0.054137 0.566598 0.051294 0.000010 0.077456 0.000010 0.250495
0.000010 0.000010 0.000010 0.999940 0.000010 0.000010 0.000010
0.131680 0.515287 0.165170 0.004423 0.012240 0.000010 0.171190
0.000010 0.000010 0.000010 0.999940 0.000010 0.000010 0.000010
0.000010 0.000010 0.000010 0.999940 0.000010 0.000010 0.000010
0.000010 0.930394 0.000010 0.000010 0.001173 0.000010 0.068392
0.000010 0.000010 0.000010 0.999940 0.000010 0.000010 0.000010
0.000010 0.000010 0.000010 0.000010 0.000010 0.999940 0.000010
0.000010 0.000010 0.000010 0.999940 0.000010 0.000010 0.000010
0.000010 0.000010 0.000010 0.000010 0.000010 0.999940 0.000010
0.135599 0.419361 0.101503 0.000010 0.343506 0.000010 0.000010
0.101781 0.611580 0.270606 0.000010 0.000010 0.000010 0.016003
0.211078 0.761667 0.000010 0.000010 0.012624 0.000010 0.014600
0.000010 0.577065 0.350800 0.000010 0.000010 0.000010 0.072094
0.000010 0.000010 0.000010 0.000010 0.149218 0.000010 0.850732
0.189454 0.036250 0.000010 0.007631 0.044508 0.000010 0.722136
0.592557 0.000010 0.000010 0.000010 0.388550 0.000010 0.018853
0.231643 0.086306 0.010158 0.000010 0.000010 0.000010 0.671863
0.000010 0.000010 0.000010 0.015632 0.000010 0.000010 0.984318
0.261014 0.000011 0.000010 0.022003 0.063713 0.000010 0.653240
0.213472 0.000010 0.000010 0.000010 0.512474 0.000010 0.274014
0.375026 0.000010 0.000010 0.026017 0.067392 0.000010 0.531535
0.000010 0.000010 0.000010 0.999940 0.000010 0.000010 0.000010
0.253697 0.015634 0.092445 0.000010 0.000010 0.000010 0.638195
0.169647 0.100335 0.015544 0.000010 0.000010 0.000010 0.714444
0.000010 0.000010 0.000010 0.000010 0.306901 0.000010 0.693049
0.132060 0.000010 0.075776 0.000010 0.000010 0.000010 0.792124
0.095415 0.000010 0.000010 0.000010 0.177220 0.000010 0.727325
0.000010 0.000010 0.000010 0.000010 0.253716 0.000010 0.746234
0.000010 0.000010 0.000010 0.000010 0.228012 0.000010 0.771938
0.137429 0.554504 0.280287 0.000010 0.000010 0.027750 0.000010
0.523372 0.073554 0.000010 0.000010 0.000010 0.000010 0.403034
0.000010 0.000010 0.000010 0.999940 0.000010 0.000010 0.000010
0.031646 0.000010 0.000010 0.000010 0.279910 0.000010 0.688404
0.000010 0.000010 0.000010 0.000011 0.000010 0.000010 0.999939
0.000010 0.000010 0.052888 0.000010 0.113212 0.000010 0.833860
0.106133 0.000010 0.000010 0.000010 0.212439 0.000010 0.681388
0.123812 0.000010 0.153873 0.000010 0.000010 0.000010 0.722275
0.000010 0.000010 0.000010 0.999940 0.000010 0.000010 0.000010
0.000010 0.000010 0.000010 0.000010 0.176458 0.000010 0.823492
0.000010 0.000010 0.000010 0.000010 0.194108 0.000010 0.805842
0.000010 0.000010 0.000010 0.999940 0.000010 0.000010 0.000010
0.000010 0.000010 0.000010 0.000010 0.429103 0.000010 0.570847
0.000010 0.000010 0.000010 0.999940 0.000010 0.000010 0.000010
0.000010 0.000010 0.000010 0.999940 0.000010 0.000010 0.000010
0.000010 0.000010 0.000010 0.999940 0.000010 0.000010 0.000010
0.344300 0.000010 0.000010 0.000010 0.227960 0.000010 0.427701
0.513060 0.000010 0.040307 0.000010 0.000010 0.000010 0.446593
0.000010 0.000010 0.930492 0.000010 0.000010 0.046043 0.023425
0.266607 0.058793 0.674560 0.000010 0.000010 0.000010 0.000010
0.145879 0.090222 0.690921 0.000010 0.072948 0.000010 0.000010
0.000010 0.000010 0.999940 0.000010 0.000010 0.000010 0.000010
0.056149 0.000010 0.730282 0.043540 0.169999 0.000010 0.000010
0.218987 0.051005 0.729968 0.000010 0.000010 0.000010 0.000010
0.125775 0.000010 0.000010 0.000010 0.031471 0.000010 0.842714
0.000010 0.000010 0.000010 0.999940 0.000010 0.000010 0.000010
0.102951 0.001345 0.076331 0.000010 0.000010 0.000010 0.819343
0.000010 0.000010 0.041829 0.000010 0.263147 0.000010 0.694984
0.465567 0.000010 0.000010 0.000010 0.000010 0.000010 0.534383
0.000010 0.000010 0.000010 0.999940 0.000010 0.000010 0.000010
0.316090 0.000010 0.000010 0.000010 0.000010 0.000010 0.683860
0.000010 0.000010 0.000010 0.000010 0.246386 0.000010 0.753564
0.114875 0.000010 0.118384 0.000010 0.141274 0.000010 0.625437
0.093009 0.000010 0.000010 0.000010 0.186787 0.000010 0.720164
0.345427 0.000010 0.052552 0.000010 0.269820 0.000010 0.332171
0.090486 0.000010 0.000010 0.000010 0.000010 0.000010 0.909464
0.000010 0.000010 0.000010 0.000010 0.410011 0.000010 0.589939
0.233743 0.000010 0.000010 0.000010 0.299755 0.000010 0.466462
0.000010 0.042159 0.066070 0.000010 0.092399 0.000010 0.799342
0.000010 0.000010 0.000010 0.999940 0.000010 0.000010 0.000010
0.000010 0.000010 0.000010 0.000010 0.999940 0.000010 0.000010
0.223731 0.000010 0.008186 0.000010 0.000010 0.000010 0.768044
0.000010 0.000010 0.000010 0.000010 0.261754 0.000010 0.738196
0.000010 0.000010 0.000010 0.000010 0.999940 0.000010 0.000010
0.999940 0.000010 0.000010 0.000010 0.000010 0.000010 0.000010
0.087796 0.097794 0.000010 0.000010 0.173988 0.000010 0.640393
0.999940 0.000010 0.000010 0.000010 0.000010 0.000010 0.000010
0.000010 0.000010 0.000010 0.000010 0.282366 0.000010 0.717584
0.242124 0.061976 0.000010 0.000010 0.000010 0.000010 0.695860
0.999940 0.000010 0.000010 0.000010 0.000010 0.000010 0.000010
0.279096 0.000010 0.181307 0.000010 0.194573 0.000010 0.344993
0.000010 0.000010 0.000010 0.000010 0.802106 0.000010 0.197844
0.000010 0.000010 0.000010 0.000010 0.999940 0.000010 0.000010
0.224016 0.000010 0.000010 0.000010 0.000010 0.000010 0.775934
0.058647 0.000010 0.000010 0.013731 0.000010 0.000010 0.927582
0.285173 0.000010 0.000010 0.011631 0.000010 0.000010 0.703156
0.000010 0.000010 0.000010 0.000010 0.767331 0.000010 0.232619
0.010755 0.000010 0.130525 0.000010 0.196447 0.000010 0.662243
0.000010 0.000010 0.000010 0.000010 0.999940 0.000010 0.000010
0.258428 0.000010 0.000010 0.000010 0.138952 0.000010 0.602580
0.000010 0.000010 0.000010 0.999940 0.000010 0.000010 0.000010
0.000010 0.000010 0.000010 0.999940 0.000010 0.000010 0.000010
0.338742 0.000010 0.000010 0.000010 0.661208 0.000010 0.000010
0.000010 0.000010 0.000010 0.999940 0.000010 0.000010 0.000010
0.505808 0.000010 0.000010 0.000010 0.000010 0.000010 0.494142
0.250985 0.000010 0.000010 0.000010 0.000010 0.000010 0.748965
0.000010 0.000010 0.000010 0.999940 0.000010 0.000010 0.000010
0.000010 0.000010 0.000010 0.999940 0.000010 0.000010 0.000010
0.426159 0.000010 0.000010 0.000010 0.150223 0.000010 0.423578
0.000010 0.000010 0.000010 0.999940 0.000010 0.000010 0.000010
0.000010 0.000010 0.000010 0.999940 0.000010 0.000010 0.000010
0.000010 0.000010 0.000010 0.999940 0.000010 0.000010 0.000010
0.000010 0.787766 0.000010 0.000010 0.212184 0.000010 0.000010
0.000010 0.840078 0.000010 0.000010 0.000010 0.000010 0.159872
0.000010 0.767848 0.105982 0.000010 0.121304 0.000010 0.004836
0.000010 0.931944 0.000010 0.000010 0.000010 0.000010 0.068006
0.000010 0.000010 0.000010 0.999940 0.000010 0.000010 0.000010
0.540057 0.017885 0.000010 0.000010 0.146171 0.000010 0.295856
0.251330 0.643643 0.104987 0.000010 0.000010 0.000010 0.000010
0.000010 0.973931 0.012198 0.013831 0.000010 0.000010 0.000010
0.126536 0.746053 0.000010 0.000010 0.127371 0.000010 0.000010
0.290354 0.704180 0.000010 0.005426 0.000010 0.000010 0.000010
0.207388 0.647083 0.145489 0.000010 0.000010 0.000010 0.000010
0.000010 0.999940 0.000010 0.000010 0.000010 0.000010 0.000010
0.078077 0.831164 0.000010 0.000010 0.090719 0.000010 0.000010
0.000010 0.854436 0.000010 0.000010 0.000010 0.000010 0.145514
0.029301 0.758315 0.000010 0.000010 0.212345 0.000010 0.000010
0.000010 0.999940 0.000010 0.000010 0.000010 0.000010 0.000010
0.000010 0.687252 0.202953 0.006189 0.000010 0.000010 0.103575
0.000010 0.703657 0.161310 0.000010 0.134994 0.000010 0.000010
0.000010 0.670950 0.145224 0.000010 0.081197 0.000010 0.102599
0.000010 0.999940 0.000010 0.000010 0.000010 0.000010 0.000010
0.000010 0.953630 0.000010 0.000010 0.046320 0.000010 0.000010
0.132694 0.675077 0.159116 0.000010 0.000010 0.000010 0.033082
0.000010 0.818773 0.012448 0.000010 0.000010 0.000010 0.168739
0.049582 0.611293 0.272700 0.000010 0.000010 0.000010 0.066395
0.000010 0.800584 0.199366 0.000010 0.000010 0.000010 0.000010
0.000010 0.999940 0.000010 0.000010 0.000010 0.000010 0.000010
0.000010 0.920814 0.000010 0.016497 0.000010 0.000010 0.062649
0.000010 0.000010 0.000010 0.999940 0.000010 0.000010 0.000010
0.000010 0.889755 0.000010 0.000010 0.110195 0.000010 0.000010
0.041737 0.704481 0.219142 0.004352 0.000010 0.000010 0.030269
0.000010 0.999940 0.000010 0.000010 0.000010 0.000010 0.000010
0.000010 0.000010 0.000010 0.999940 0.000010 0.000010 0.000010
0.000010 0.949646 0.000010 0.000010 0.000010 0.000010 0.050304
0.000010 0.000010 0.000010 0.999940 0.000010 0.000010 0.000010
0.000010 0.882625 0.054839 0.000010 0.044901 0.000010 0.017604
0.000010 0.999940 0.000010 0.000010 0.000010 0.000010 0.000010
0.000010 0.646432 0.250691 0.000010 0.102837 0.000010 0.000010
0.105853 0.760822 0.000010 0.000010 0.104171 0.000010 0.029124
0.004572 0.861944 0.133444 0.000010 0.000010 0.000010 0.000010
0.134927 0.688667 0.176366 0.000010 0.000010 0.000010 0.000010
0.000010 0.778518 0.221432 0.000010 0.000010 0.000010 0.000010
0.111743 0.837205 0.040833 0.010189 0.000010 0.000010 0.000010
0.000010 0.999940 0.000010 0.000010 0.000010 0.000010 0.000010
0.000010 0.844360 0.000010 0.000010 0.155590 0.000010 0.000010
0.000010 0.999940 0.000010 0.000010 0.000010 0.000010 0.000010
0.000010 0.656108 0.135728 0.000010 0.133649 0.000010 0.074484
0.054263 0.659711 0.155132 0.000010 0.130864 0.000010 0.000010
0.000010 0.000010 0.000010 0.000010 0.378098 0.000010 0.621852
0.638021 0.000010 0.060690 0.000010 0.301249 0.000010 0.000010
0.035667 0.000010 0.000010 0.000010 0.521348 0.000010 0.442945
0.417936 0.000010 0.000010 0.000010 0.000010 0.000010 0.582014
0.109724 0.000010 0.000010 0.000010 0.083730 0.000010 0.806505
0.424527 0.000010 0.000010 0.000010 0.103099 0.000010 0.472334
0.200683 0.016076 0.122621 0.000010 0.347197 0.000010 0.313403
0.158039 0.000010 0.000010 0.000010 0.145481 0.000010 0.696440
0.001721 0.000010 0.064967 0.000010 0.000010 0.000010 0.933272
0.000010 0.105381 0.037407 0.000010 0.174329 0.000010 0.682853
0.155294 0.000010 0.000010 0.000010 0.077991 0.000010 0.766676
0.191754 0.000010 0.020796 0.000010 0.282044 0.000010 0.505376
0.000010 0.000010 0.000010 0.999940 0.000010 0.000010 0.000010
0.446290 0.009126 0.000010 0.000010 0.000010 0.000010 0.544544
0.140946 0.018219 0.000010 0.000010 0.145143 0.000010 0.695662
0.081242 0.000010 0.000010 0.000010 0.098851 0.000010 0.819868
0.130891 0.000010 0.073219 0.000010 0.012937 0.000010 0.782923
0.447575 0.000010 0.222312 0.000010 0.000010 0.000010 0.330073
0.286972 0.000010 0.000010 0.000010 0.091110 0.000010 0.621879
0.000010 0.000010 0.018293 0.000010 0.068382 0.000010 0.913285
0.478431 0.000010 0.000010 0.000010 0.000010 0.000010 0.521519
0.292121 0.000010 0.000010 0.000010 0.000010 0.000010 0.707829
0.611971 0.000010 0.000010 0.000010 0.000010 0.000010 0.387979
0.404651 0.001406 0.000010 0.000010 0.008039 0.000010 0.585874
0.000010 0.000010 0.000010 0.000010 0.000010 0.000010 0.999940
0.178350 0.000010 0.000010 0.000010 0.218383 0.000010 0.603227
0.681915 0.000010 0.000010 0.000010 0.000010 0.000010 0.318035
0.587174 0.000010 0.000010 0.000018 0.000010 0.000010 0.412769
0.410023 0.029908 0.000010 0.000010 0.154815 0.000010 0.405224
0.391579 0.074740 0.000010 0.000010 0.136044 0.000010 0.397608
0.243510 0.000010 0.078927 0.000010 0.110021 0.000010 0.567511
0.097032 0.000010 0.284086 0.000010 0.000010 0.000010 0.618842
0.246195 0.000010 0.000010 0.000010 0.296194 0.000010 0.457571
0.000010 0.768150 0.094395 0.012517 0.053687 0.000010 0.071230
0.287835 0.000010 0.000010 0.000010 0.168206 0.000010 0.543920
0.000010 0.000010 0.178374 0.000010 0.076892 0.000010 0.744693
0.000010 0.000010 0.000010 0.000010 0.230004 0.000010 0.769946
0.027079 0.000010 0.072132 0.000010 0.259488 0.000010 0.641271
0.113160 0.000010 0.000010 0.000010 0.000010 0.000010 0.886790
0.247290 0.139038 0.000010 0.000010 0.066924 0.000010 0.546718
0.444788 0.000010 0.000010 0.000010 0.000010 0.000010 0.555162
0.247429 0.000010 0.049360 0.000010 0.225386 0.000010 0.477796
0.200455 0.000010 0.000010 0.000010 0.000010 0.000010 0.799495
0.345392 0.000010 0.000010 0.000010 0.017075 0.000010 0.637493
0.403884 0.000010 0.074640 0.000010 0.062519 0.000010 0.458927
0.605194 0.000010 0.000010 0.000010 0.104068 0.000010 0.290698
0.269516 0.000010 0.000010 0.000010 0.206394 0.000010 0.524050
0.000010 0.100274 0.000010 0.000010 0.000010 0.000010 0.899676
0.477319 0.000010 0.000010 0.000010 0.219386 0.000010 0.303255
0.288191 0.050181 0.000010 0.000010 0.308732 0.000010 0.352866
0.533088 0.000010 0.000010 0.000010 0.000010 0.000010 0.466862
0.000010 0.044578 0.000010 0.000010 0.232248 0.000010 0.723134
0.632473 0.000010 0.057653 0.000010 0.309834 0.000010 0.000010
0.161955 0.012821 0.000010 0.000010 0.000010 0.000010 0.825184
0.541943 0.000010 0.000010 0.000010 0.172458 0.000010 0.285559
0.167520 0.000010 0.000010 0.000010 0.000010 0.000010 0.832430
0.399736 0.000010 0.000010 0.000010 0.230339 0.000010 0.369885
0.245872 0.000010 0.000010 0.000010 0.000010 0.000010 0.754077
0.686464 0.000010 0.000010 0.000010 0.000010 0.000010 0.313486
0.999940 0.000010 0.000010 0.000010 0.000010 0.000010 0.000010
0.000010 0.000010 0.000010 0.000010 0.000010 0.040562 0.959388
0.999940 0.000010 0.000010 0.000010 0.000010 0.000010 0.000010
0.248043 0.000010 0.000019 0.000011 0.148583 0.000010 0.603324
0.000010 0.133353 0.020409 0.000010 0.034200 0.000010 0.812009
0.307518 0.054947 0.000010 0.000010 0.000010 0.000010 0.637496
0.467668 0.000010 0.000010 0.000010 0.093190 0.000010 0.439102
0.000010 0.000010 0.000010 0.999940 0.000010 0.000010 0.000010
0.257728 0.000010 0.000010 0.000010 0.000010 0.000010 0.742222
0.254925 0.000010 0.000010 0.000010 0.000010 0.000010 0.745025
0.086641 0.000010 0.000010 0.000010 0.287365 0.000010 0.625953
0.106269 0.000010 0.000010 0.000010 0.000010 0.000010 0.893681
0.000010 0.078964 0.031099 0.000010 0.147323 0.000010 0.742584
0.164901 0.000010 0.000010 0.000010 0.000010 0.000010 0.835049
0.181250 0.000010 0.000010 0.000010 0.322857 0.000010 0.495853
0.000010 0.000010 0.000010 0.000010 0.999940 0.000010 0.000010
0.000010 0.000010 0.000010 0.000010 0.999940 0.000010 0.000010
0.426826 0.000010 0.000010 0.000010 0.125358 0.000010 0.447776
0.202703 0.140248 0.000010 0.000010 0.000010 0.000010 0.657009
0.491122 0.000010 0.000010 0.000010 0.120777 0.000010 0.388060
0.053820 0.000010 0.000010 0.000010 0.335894 0.000010 0.610246
0.112101 0.000010 0.005119 0.000010 0.256353 0.000010 0.626396
0.452864 0.000010 0.000010 0.000010 0.000010 0.000010 0.547086
0.000010 0.050373 0.925215 0.009824 0.000010 0.000010 0.014558
0.000010 0.250546 0.661521 0.037451 0.000010 0.000010 0.050452
0.026399 0.051860 0.901913 0.019798 0.000010 0.000010 0.000010
0.292060 0.095778 0.539811 0.000010 0.072320 0.000010 0.000010
0.000010 0.014281 0.985669 0.000010 0.000010 0.000010 0.000010
0.000010 0.000010 0.999940 0.000010 0.000010 0.000010 0.000010
0.000010 0.078359 0.902711 0.018890 0.000010 0.000010 0.000010
0.000010 0.000010 0.900211 0.000010 0.082035 0.000010 0.017715
0.084440 0.172577 0.714648 0.000010 0.028305 0.000010 0.000010
0.196044 0.000010 0.803906 0.000010 0.000010 0.000010 0.000010
0.043143 0.000010 0.821927 0.000010 0.000010 0.000010 0.134890
0.000010 0.000010 0.859990 0.000010 0.000010 0.000010 0.139960
0.105382 0.060851 0.833727 0.000010 0.000010 0.000010 0.000010
0.000010 0.000010 0.942356 0.000010 0.057594 0.000010 0.000010
0.000010 0.000010 0.918572 0.000010 0.000010 0.000010 0.081378
0.000010 0.000010 0.000010 0.999940 0.000010 0.000010 0.000010
0.055934 0.000010 0.906814 0.000010 0.000010 0.000010 0.037212
0.139711 0.000010 0.860239 0.000010 0.000010 0.000010 0.000010
0.000010 0.000010 0.954590 0.000010 0.000010 0.000010 0.045360
0.176960 0.111814 0.710448 0.000748 0.000010 0.000010 0.000010
0.252742 0.153451 0.588285 0.005493 0.000010 0.000010 0.000010
0.050831 0.000010 0.949119 0.000010 0.000010 0.000010 0.000010
0.000010 0.000010 0.920928 0.016080 0.062952 0.000010 0.000010
0.000010 0.000010 0.819515 0.000010 0.099259 0.000010 0.081186
0.000010 0.000010 0.999940 0.000010 0.000010 0.000010 0.000010
0.000010 0.000010 0.999940 0.000010 0.000010 0.000010 0.000010
0.000010 0.000010 0.982668 0.000010 0.012589 0.000010 0.004703
0.000010 0.065002 0.918960 0.015998 0.000010 0.000010 0.000010
0.122657 0.000010 0.877293 0.000010 0.000010 0.000010 0.000010
0.000010 0.000010 0.789446 0.000010 0.210504 0.000010 0.000010
0.000010 0.000010 0.985281 0.000010 0.000010 0.000010 0.014669
0.000010 0.000010 0.894700 0.000010 0.051412 0.000010 0.053848
0.036602 0.000010 0.963348 0.000010 0.000010 0.000010 0.000010
0.000010 0.000010 0.934719 0.000010 0.000010 0.000010 0.065231
0.174006 0.000010 0.825944 0.000010 0.000010 0.000010 0.000010
0.000010 0.000010 0.000010 0.999940 0.000010 0.000010 0.000010
0.000010 0.000010 0.919689 0.000010 0.080261 0.000010 0.000010
0.000010 0.000010 0.999940 0.000010 0.000010 0.000010 0.000010
0.000010 0.000010 0.000010 0.999940 0.000010 0.000010 0.000010
0.043053 0.000010 0.956897 0.000010 0.000010 0.000010 0.000010
0.150030 0.000010 0.849920 0.000010 0.000010 0.000010 0.000010
0.003677 0.000010 0.996273 0.000010 0.000010 0.000010 0.000010
0.000010 0.000010 0.999940 0.000010 0.000010 0.000010 0.000010
0.000010 0.000010 0.999940 0.000010 0.000010 0.000010 0.000010
0.000010 0.000010 0.971293 0.028657 0.000010 0.000010 0.000010
0.000010 0.000010 0.999940 0.000010 0.000010 0.000010 0.000010
0.000010 0.000010 0.000010 0.999940 0.000010 0.000010 0.000010
0.000010 0.000010 0.999940 0.000010 0.000010 0.000010 0.000010
0.137131 0.000010 0.862819 0.000010 0.000010 0.000010 0.000010
0.000010 0.000010 0.999940 0.000010 0.000010 0.000010 0.000010
0.000010 0.000010 0.984048 0.000010 0.000010 0.000010 0.015902
0.000010 0.000010 0.999940 0.000010 0.000010 0.000010 0.000010
0.532633 0.080280 0.000010 0.000010 0.000010 0.000010 0.387047
