0.218874 0.000010 0.691745 0.089351 0.000010 0.000010
0.052541 0.000010 0.947419 0.000010 0.000010 0.000010
0.072759 0.000010 0.839910 0.087300 0.000010 0.000010
0.000010 0.000010 0.999950 0.000010 0.000010 0.000010
0.000010 0.000010 0.746059 0.109002 0.000010 0.144909
0.000010 0.000010 0.762910 0.000010 0.000010 0.237050
0.000010 0.000010 0.999950 0.000010 0.000010 0.000010
0.076136 0.000010 0.842850 0.000010 0.000010 0.080985
0.001323 0.000010 0.998637 0.000010 0.000010 0.000010
0.000010 0.406560 0.593400 0.000010 0.000010 0.000010
0.000010 0.060510 0.939450 0.000010 0.000010 0.000010
0.222875 0.000010 0.732442 0.044653 0.000010 0.000010
0.098014 0.000010 0.709162 0.000010 0.000010 0.192794
0.000010 0.000010 0.942586 0.000010 0.000010 0.057374
0.000010 0.000010 0.999950 0.000010 0.000010 0.000010
0.038656 0.000010 0.794543 0.000010 0.000010 0.166771
0.172409 0.000010 0.827551 0.000010 0.000010 0.000010
0.156293 0.000010 0.843667 0.000010 0.000010 0.000010
0.000010 0.000010 0.999950 0.000010 0.000010 0.000010
0.000010 0.000010 0.924125 0.073816 0.002029 0.000010
0.154618 0.000010 0.845342 0.000010 0.000010 0.000010
0.000010 0.000010 0.999950 0.000010 0.000010 0.000010
0.000010 0.000010 0.999950 0.000010 0.000010 0.000010
0.000010 0.000010 0.999950 0.000010 0.000010 0.000010
0.000010 0.000010 0.931611 0.068349 0.000010 0.000010
0.000010 0.000010 0.999950 0.000010 0.000010 0.000010
0.283778 0.000010 0.699826 0.016366 0.000010 0.000010
0.000010 0.000010 0.070307 0.478291 0.000010 0.451372
0.000010 0.079807 0.722295 0.197867 0.000010 0.000010
0.000010 0.000010 0.854904 0.145056 0.000010 0.000010
0.000010 0.000010 0.999950 0.000010 0.000010 0.000010
0.000010 0.168364 0.570714 0.259492 0.001410 0.000010
0.203218 0.177212 0.564350 0.000010 0.000010 0.055199
0.000010 0.000010 0.999950 0.000010 0.000010 0.000010
0.000010 0.999950 0.000010 0.000010 0.000010 0.000010
0.000010 0.999950 0.000010 0.000010 0.000010 0.000010
0.120313 0.000010 0.867117 0.000010 0.000010 0.012541
0.000010 0.000010 0.999950 0.000010 0.000010 0.000010
0.047733 0.104088 0.726820 0.121339 0.000010 0.000010
0.071112 0.000010 0.928848 0.000010 0.000010 0.000010
0.000010 0.000010 0.976361 0.000010 0.023599 0.000010
0.000010 0.000010 0.961707 0.000010 0.000010 0.038253
0.000010 0.000010 0.802087 0.000010 0.000010 0.197873
0.452387 0.228053 0.319530 0.000010 0.000010 0.000010
0.000010 0.000010 0.000010 0.000010 0.999950 0.000010
0.023030 0.074457 0.673458 0.137140 0.000010 0.091905
0.100663 0.000010 0.741197 0.158110 0.000010 0.000010
0.256297 0.026070 0.612776 0.104836 0.000010 0.000010
0.000010 0.029042 0.857200 0.113728 0.000010 0.000010
0.000010 0.000010 0.000010 0.023001 0.976959 0.000010
0.000010 0.181266 0.748305 0.070400 0.000010 0.000010
0.199880 0.000010 0.785890 0.000010 0.000010 0.014201
0.000010 0.000010 0.000010 0.000010 0.999950 0.000010
0.077832 0.147142 0.774996 0.000010 0.000010 0.000010
0.000010 0.000010 0.000010 0.000010 0.999950 0.000010
0.000010 0.000010 0.000010 0.000010 0.999950 0.000010
0.091514 0.000010 0.908446 0.000010 0.000010 0.000010
0.008023 0.000010 0.000010 0.043485 0.948462 0.000010
0.000010 0.999950 0.000010 0.000010 0.000010 0.000010
0.000010 0.000010 0.000010 0.000010 0.999950 0.000010
0.000010 0.999950 0.000010 0.000010 0.000010 0.000010
0.204390 0.269107 0.362205 0.164278 0.000010 0.000010
0.135736 0.000010 0.798909 0.065325 0.000010 0.000010
0.000010 0.000010 0.857412 0.000010 0.000010 0.142548
0.266790 0.000010 0.733170 0.000010 0.000010 0.000010
0.000010 0.000010 0.000010 0.430748 0.000010 0.569212
0.000010 0.000010 0.000010 0.225270 0.029069 0.745631
0.000010 0.000010 0.000010 0.390490 0.000010 0.609470
0.157783 0.000010 0.000010 0.596149 0.000010 0.246038
0.000010 0.000010 0.000010 0.841628 0.000010 0.158332
0.000010 0.000010 0.000010 0.571225 0.010438 0.418307
0.000010 0.000010 0.000010 0.257285 0.000010 0.742675
0.000010 0.000010 0.000010 0.237654 0.000010 0.762306
0.000010 0.000010 0.000010 0.000010 0.999950 0.000010
0.000010 0.000010 0.003578 0.195821 0.000010 0.800571
0.000010 0.000010 0.112124 0.631261 0.000010 0.256585
0.000010 0.000010 0.035808 0.260858 0.011362 0.691952
0.012034 0.000010 0.148276 0.256796 0.000010 0.582875
0.000010 0.000010 0.000010 0.835679 0.000010 0.164281
0.000010 0.000010 0.000010 0.999950 0.000010 0.000010
0.000010 0.000010 0.000010 0.595594 0.000010 0.404366
0.000010 0.000010 0.990517 0.000010 0.000010 0.009443
0.000010 0.000010 0.126689 0.130367 0.000010 0.742913
0.000010 0.000010 0.000010 0.000010 0.999950 0.000010
0.000010 0.000010 0.000010 0.530534 0.000010 0.469426
0.000010 0.000010 0.000010 0.494919 0.001381 0.503670
0.000010 0.000010 0.000010 0.549784 0.000010 0.450176
0.000010 0.000010 0.000010 0.350024 0.000010 0.649936
0.080082 0.000010 0.000010 0.027760 0.000010 0.892128
0.000010 0.000010 0.000010 0.000010 0.999950 0.000010
0.000010 0.000010 0.000010 0.776425 0.000010 0.223535
0.142452 0.000010 0.000010 0.348354 0.000010 0.509164
0.000010 0.000010 0.000010 0.000010 0.999950 0.000010
0.000010 0.000010 0.000010 0.999950 0.000010 0.000010
0.000014 0.000010 0.000010 0.000010 0.999946 0.000010
0.000010 0.000010 0.000010 0.000010 0.999950 0.000010
0.000010 0.000010 0.000010 0.000010 0.999950 0.000010
0.039788 0.000010 0.000010 0.386395 0.000010 0.573787
0.000010 0.000010 0.000010 0.628488 0.000010 0.371472
0.904879 0.000010 0.000010 0.000010 0.000010 0.095081
0.856576 0.000010 0.097138 0.000010 0.039467 0.006799
0.753887 0.000010 0.095424 0.150659 0.000010 0.000010
0.999950 0.000010 0.000010 0.000010 0.000010 0.000010
0.623437 0.000010 0.181109 0.184749 0.010686 0.000010
0.957252 0.000010 0.000010 0.000010 0.000010 0.042708
0.000010 0.000010 0.000010 0.172409 0.000010 0.827551
0.000010 0.000010 0.000010 0.000010 0.999950 0.000010
0.000010 0.000010 0.000010 0.218139 0.000010 0.781821
0.000010 0.000010 0.000010 0.999950 0.000010 0.000010
0.000010 0.000010 0.000010 0.179798 0.000010 0.820162
0.000010 0.000010 0.000010 0.000010 0.999950 0.000010
0.000010 0.000010 0.000010 0.573517 0.000010 0.426443
0.000010 0.000010 0.000010 0.000010 0.000010 0.999950
0.038882 0.000010 0.000010 0.507288 0.000010 0.453800
0.000010 0.000010 0.000010 0.005789 0.000010 0.994171
0.000010 0.000010 0.000010 0.244949 0.000010 0.755011
0.000010 0.000010 0.000010 0.431729 0.000010 0.568231
0.068981 0.000010 0.000010 0.677141 0.000010 0.253848
0.000010 0.000010 0.000010 0.268847 0.000010 0.731113
0.076386 0.000010 0.094773 0.353640 0.000010 0.475181
0.000010 0.000010 0.000010 0.000010 0.999950 0.000010
0.000010 0.000010 0.000010 0.999950 0.000010 0.000010
0.000010 0.000010 0.000010 0.203435 0.000010 0.796525
0.000010 0.000010 0.000010 0.629339 0.000010 0.370621
0.000010 0.000010 0.000010 0.999950 0.000010 0.000010
0.000010 0.000010 0.000010 0.000010 0.000010 0.999950
0.000010 0.000010 0.000010 0.184747 0.012755 0.802467
0.000010 0.000010 0.000010 0.000010 0.000010 0.999950
0.000010 0.000010 0.044820 0.425544 0.000010 0.529606
0.000010 0.000010 0.000010 0.000010 0.000010 0.999950
0.000010 0.000010 0.000010 0.000010 0.000010 0.999950
0.000010 0.000010 0.077529 0.320252 0.000010 0.602188
0.000010 0.000010 0.000010 0.999950 0.000010 0.000010
0.000010 0.000010 0.000010 0.999950 0.000010 0.000010
0.000010 0.000010 0.084184 0.000010 0.000010 0.915776
0.000010 0.000010 0.094106 0.355236 0.000010 0.550628
0.000010 0.000010 0.000010 0.279940 0.000010 0.720020
0.000010 0.000010 0.000010 0.999950 0.000010 0.000010
0.000010 0.000010 0.000010 0.720210 0.000010 0.279750
0.000010 0.000010 0.000010 0.999950 0.000010 0.000010
0.000010 0.000010 0.000010 0.215425 0.000010 0.784535
0.000010 0.000010 0.000010 0.000010 0.999950 0.000010
0.000010 0.000010 0.000010 0.000010 0.999950 0.000010
0.000010 0.000010 0.000010 0.442449 0.000010 0.557511
0.000010 0.000010 0.000010 0.000010 0.999950 0.000010
0.000010 0.000010 0.000010 0.458077 0.000010 0.541883
0.000010 0.000010 0.000010 0.397897 0.000010 0.602063
0.000010 0.000010 0.000010 0.000013 0.999947 0.000010
0.000010 0.000010 0.000012 0.000010 0.999948 0.000010
0.000010 0.000010 0.000010 0.176433 0.000010 0.823527
0.000010 0.000010 0.000010 0.000010 0.999950 0.000010
0.000010 0.000010 0.000010 0.000010 0.999950 0.000010
0.000010 0.000010 0.000010 0.000010 0.999950 0.000010
0.000010 0.000010 0.889833 0.000010 0.000010 0.110127
0.000010 0.000010 0.931763 0.000010 0.000010 0.068197
0.006130 0.000010 0.946986 0.046854 0.000010 0.000010
0.000010 0.000010 0.997816 0.002144 0.000010 0.000010
0.000010 0.000010 0.000010 0.000010 0.999950 0.000010
0.055545 0.000010 0.000010 0.345344 0.000010 0.599081
0.000010 0.000010 0.913721 0.000010 0.000010 0.086239
0.137886 0.000010 0.803727 0.000010 0.000010 0.058357
0.128524 0.037136 0.748141 0.086178 0.000010 0.000010
0.225379 0.000010 0.736413 0.018842 0.019347 0.000010
0.059998 0.000010 0.805757 0.000010 0.015526 0.118698
0.239195 0.000010 0.749663 0.000010 0.011112 0.000010
0.000010 0.000010 0.945408 0.054552 0.000010 0.000010
0.070492 0.000010 0.799714 0.129764 0.000010 0.000010
0.000010 0.000010 0.923251 0.076709 0.000010 0.000010
0.047012 0.000010 0.940001 0.000010 0.012957 0.000010
0.082922 0.000010 0.836693 0.000010 0.000010 0.080355
0.110176 0.000010 0.856922 0.000010 0.002648 0.030234
0.000010 0.000010 0.926920 0.046601 0.026449 0.000010
0.045548 0.000010 0.781160 0.173261 0.000010 0.000010
0.150103 0.000010 0.849856 0.000011 0.000010 0.000010
0.005381 0.000010 0.817801 0.176788 0.000010 0.000010
0.000010 0.000010 0.941293 0.058667 0.000010 0.000010
0.187466 0.000010 0.707956 0.000010 0.000010 0.104547
0.168216 0.000010 0.831744 0.000010 0.000010 0.000010
0.000010 0.000010 0.999950 0.000010 0.000010 0.000010
0.000010 0.000010 0.982732 0.000010 0.017228 0.000010
0.000010 0.000010 0.000010 0.000010 0.999950 0.000010
0.011570 0.000010 0.810401 0.000010 0.000010 0.177999
0.261457 0.000010 0.738503 0.000010 0.000010 0.000010
0.000010 0.000010 0.999950 0.000010 0.000010 0.000010
0.000010 0.000010 0.000010 0.000010 0.999950 0.000010
0.097225 0.000010 0.902735 0.000010 0.000010 0.000010
0.016797 0.000010 0.000018 0.000010 0.983155 0.000010
0.000010 0.000010 0.988932 0.011028 0.000010 0.000010
0.005623 0.000010 0.969190 0.000010 0.000010 0.025157
0.117500 0.000010 0.746672 0.135798 0.000010 0.000010
0.000010 0.000010 0.970368 0.029592 0.000010 0.000010
0.182622 0.000010 0.817338 0.000010 0.000010 0.000010
0.207015 0.000010 0.792945 0.000010 0.000010 0.000010
0.000010 0.000010 0.999950 0.000010 0.000010 0.000010
0.050085 0.000010 0.675186 0.000010 0.000010 0.274700
0.000010 0.000010 0.899024 0.000010 0.001332 0.099614
0.251871 0.000010 0.622683 0.000010 0.000010 0.125416
0.000010 0.000010 0.999950 0.000010 0.000010 0.000010
0.159638 0.000010 0.748316 0.000010 0.001282 0.090744
0.168760 0.000010 0.831200 0.000010 0.000010 0.000010
0.000010 0.000010 0.000010 0.773153 0.000010 0.226807
0.091547 0.000010 0.000010 0.436776 0.015326 0.456331
0.000010 0.000010 0.000010 0.492791 0.000010 0.507169
0.005465 0.000010 0.000010 0.339699 0.000010 0.654805
0.000010 0.000010 0.000010 0.000010 0.000010 0.999950
0.000010 0.000010 0.000017 0.495160 0.000010 0.504793
0.082291 0.000010 0.000010 0.210175 0.000010 0.707505
0.000010 0.000010 0.000010 0.356300 0.000010 0.643660
0.000010 0.000010 0.000010 0.358588 0.000010 0.641372
0.150381 0.000010 0.000010 0.746191 0.000010 0.103398
0.000010 0.000010 0.000010 0.096852 0.000010 0.903108
0.109363 0.000010 0.000010 0.440166 0.000010 0.450442
0.000010 0.000010 0.000010 0.000010 0.999950 0.000010
0.000010 0.000010 0.000010 0.199301 0.000010 0.800659
0.000010 0.000010 0.000010 0.701437 0.000010 0.298523
0.023468 0.000010 0.048201 0.339556 0.000010 0.588754
0.090900 0.000010 0.037865 0.324419 0.000010 0.546796
0.135407 0.000010 0.000010 0.415440 0.000010 0.449123
0.000010 0.000010 0.000010 0.311462 0.000010 0.688498
0.000010 0.000010 0.101092 0.354543 0.000010 0.544335
0.038521 0.000010 0.000010 0.443816 0.000010 0.517633
0.000010 0.000010 0.000010 0.000010 0.000010 0.999950
0.000010 0.000010 0.000010 0.228385 0.000010 0.771575
0.000010 0.000010 0.000010 0.000010 0.000010 0.999950
0.000010 0.000010 0.000010 0.413140 0.000010 0.586820
0.088205 0.000010 0.000010 0.034319 0.000010 0.877446
0.000010 0.000010 0.038878 0.475185 0.000010 0.485907
0.000010 0.000010 0.079227 0.069991 0.000010 0.850752
0.000010 0.000010 0.000010 0.000010 0.000010 0.999950
0.056981 0.000010 0.000010 0.000010 0.000010 0.942979
0.000010 0.000010 0.000010 0.670662 0.000010 0.329298
0.071805 0.000010 0.177096 0.289001 0.000010 0.462078
0.000010 0.000010 0.000010 0.386084 0.000010 0.613876
0.088077 0.000010 0.789264 0.122629 0.000010 0.000010
0.064401 0.000010 0.000010 0.246742 0.000010 0.688827
0.111095 0.000010 0.000010 0.260770 0.000010 0.628105
0.060818 0.000010 0.000010 0.527512 0.000010 0.411641
0.000010 0.000010 0.000010 0.669994 0.000010 0.329966
0.000010 0.000010 0.000010 0.424636 0.000010 0.575324
0.000010 0.000010 0.000010 0.289484 0.000010 0.710476
0.000010 0.000010 0.022085 0.415203 0.000010 0.562682
0.108191 0.000010 0.000010 0.319501 0.000010 0.572278
0.000010 0.000010 0.000010 0.469740 0.000010 0.530220
0.000010 0.000010 0.000010 0.335273 0.000010 0.664687
0.214253 0.000010 0.000010 0.180047 0.000010 0.605669
0.120212 0.000010 0.000010 0.223393 0.013752 0.642623
0.000010 0.000010 0.000010 0.000010 0.000010 0.999950
0.000010 0.000010 0.000010 0.000010 0.027231 0.972729
0.000010 0.000010 0.028223 0.125061 0.000010 0.846686
0.000010 0.000010 0.000010 0.000010 0.000010 0.999950
0.000010 0.000010 0.000010 0.106527 0.008149 0.885294
0.092413 0.000010 0.000010 0.453373 0.000010 0.454183
0.056247 0.000010 0.000010 0.377252 0.000010 0.566471
0.000010 0.000010 0.000010 0.210146 0.011338 0.778486
0.000010 0.046431 0.000010 0.346749 0.003113 0.603688
0.000010 0.000010 0.000010 0.402265 0.000010 0.597695
0.000010 0.000010 0.000010 0.466224 0.000010 0.533736
0.027746 0.000010 0.000010 0.369447 0.000010 0.602777
0.000010 0.000010 0.000010 0.437089 0.000010 0.562871
0.000010 0.000010 0.000010 0.162584 0.000010 0.837376
0.000010 0.000010 0.000010 0.000010 0.000010 0.999950
0.000010 0.000010 0.030586 0.000010 0.000010 0.969374
0.000010 0.000010 0.000010 0.069378 0.000010 0.930582
0.071104 0.000010 0.012761 0.408743 0.000010 0.507373
0.000010 0.000010 0.000010 0.999950 0.000010 0.000010
0.000010 0.000010 0.000010 0.000010 0.000010 0.999950
0.000010 0.000010 0.000010 0.000010 0.999950 0.000010
0.000010 0.000010 0.000010 0.634799 0.000010 0.365161
0.000010 0.000010 0.000010 0.373201 0.000010 0.626759
0.000010 0.000010 0.000010 0.478748 0.000010 0.521212
0.000010 0.000010 0.000010 0.399501 0.000010 0.600459
0.000010 0.000010 0.173304 0.200823 0.000010 0.625843
0.086685 0.000010 0.000010 0.369453 0.000010 0.543832
0.000010 0.000010 0.000010 0.675075 0.000010 0.324885
0.000010 0.000010 0.000010 0.999950 0.000010 0.000010
0.000010 0.000010 0.000010 0.999950 0.000010 0.000010
0.000010 0.000010 0.107154 0.305134 0.000010 0.587683
0.000010 0.000010 0.000010 0.326297 0.000010 0.673663
0.033539 0.000010 0.000010 0.291342 0.000010 0.675089
0.074560 0.000010 0.000010 0.272485 0.000010 0.652925
0.000010 0.000010 0.025584 0.392866 0.000010 0.581520
0.000010 0.000010 0.000010 0.230732 0.000010 0.769228
0.757927 0.000010 0.000010 0.242033 0.000010 0.000010
0.834361 0.000010 0.083224 0.000010 0.031882 0.050514
0.991386 0.000010 0.000010 0.008574 0.000010 0.000010
0.585852 0.000010 0.202706 0.000010 0.000010 0.211412
0.999950 0.000010 0.000010 0.000010 0.000010 0.000010
0.999950 0.000010 0.000010 0.000010 0.000010 0.000010
0.969599 0.000010 0.000010 0.030361 0.000010 0.000010
0.958048 0.000010 0.000010 0.041912 0.000010 0.000010
0.640919 0.000010 0.359041 0.000010 0.000010 0.000010
0.965026 0.000010 0.000010 0.000010 0.000010 0.034934
0.999950 0.000010 0.000010 0.000010 0.000010 0.000010
0.887697 0.000010 0.035199 0.077075 0.000010 0.000010
0.849625 0.000010 0.035945 0.000010 0.000010 0.114399
0.999950 0.000010 0.000010 0.000010 0.000010 0.000010
0.934854 0.000010 0.000010 0.065106 0.000010 0.000010
0.000010 0.000010 0.000010 0.000010 0.999950 0.000010
0.907191 0.000010 0.000010 0.092769 0.000010 0.000010
0.834822 0.000010 0.000010 0.000010 0.000010 0.165138
0.755140 0.000010 0.000010 0.000010 0.000010 0.244820
0.888784 0.000010 0.000010 0.111176 0.000010 0.000010
0.541053 0.000010 0.326917 0.000010 0.000010 0.132000
0.824453 0.000010 0.175507 0.000010 0.000010 0.000010
0.985340 0.000010 0.000010 0.010280 0.000010 0.004350
0.960839 0.000010 0.000010 0.000010 0.000010 0.039121
0.999950 0.000010 0.000010 0.000010 0.000010 0.000010
0.773214 0.000010 0.000010 0.221533 0.005223 0.000010
0.799980 0.000010 0.000010 0.176087 0.001439 0.022474
0.999950 0.000010 0.000010 0.000010 0.000010 0.000010
0.741864 0.000010 0.185339 0.072767 0.000010 0.000010
0.999950 0.000010 0.000010 0.000010 0.000010 0.000010
0.999950 0.000010 0.000010 0.000010 0.000010 0.000010
0.999950 0.000010 0.000010 0.000010 0.000010 0.000010
0.999950 0.000010 0.000010 0.000010 0.000010 0.000010
0.794158 0.000010 0.066459 0.139354 0.000010 0.000010
0.878240 0.000010 0.051852 0.069878 0.000010 0.000010
0.000010 0.000010 0.000010 0.000010 0.999950 0.000010
0.936738 0.000010 0.000010 0.063222 0.000010 0.000010
0.999950 0.000010 0.000010 0.000010 0.000010 0.000010
0.000010 0.000010 0.000010 0.000010 0.999950 0.000010
0.999950 0.000010 0.000010 0.000010 0.000010 0.000010
0.883296 0.000010 0.000010 0.000010 0.000010 0.116664
0.913725 0.000010 0.000010 0.000010 0.000010 0.086235
0.781298 0.000010 0.082541 0.136131 0.000010 0.000010
0.999950 0.000010 0.000010 0.000010 0.000010 0.000010
0.751385 0.000010 0.066478 0.156045 0.026072 0.000010
0.978106 0.000010 0.000010 0.000010 0.021854 0.000010
0.000010 0.000010 0.000010 0.000010 0.999950 0.000010
0.999950 0.000010 0.000010 0.000010 0.000010 0.000010
0.729705 0.000010 0.270255 0.000010 0.000010 0.000010
0.999950 0.000010 0.000010 0.000010 0.000010 0.000010
0.937222 0.000010 0.000010 0.019877 0.000010 0.042871
0.999950 0.000010 0.000010 0.000010 0.000010 0.000010
0.000010 0.000010 0.000010 0.000010 0.000010 0.999950
