0.000010 0.000010 0.325891 0.404736 0.242461 0.000010 0.000010 0.000010 0.000010 0.026851
0.000010 0.000010 0.000010 0.999910 0.000010 0.000010 0.000010 0.000010 0.000010 0.000010
0.000010 0.000010 0.068453 0.790468 0.000010 0.000010 0.000010 0.141010 0.000010 0.000010
0.000010 0.000010 0.000010 0.893089 0.000010 0.000010 0.000010 0.000010 0.000010 0.106831
0.000010 0.103061 0.000011 0.590322 0.000010 0.230724 0.000010 0.000010 0.000010 0.075833
0.000010 0.000010 0.000010 0.696573 0.000010 0.000010 0.000010 0.233996 0.000010 0.069361
0.000010 0.000010 0.000010 0.841226 0.000010 0.000010 0.000010 0.000010 0.000010 0.158694
0.000010 0.000010 0.381005 0.532751 0.000010 0.000010 0.000010 0.000010 0.000010 0.086174
0.000010 0.000010 0.276796 0.723124 0.000010 0.000010 0.000010 0.000010 0.000010 0.000010
0.000010 0.000010 0.000010 0.000010 0.000010 0.000010 0.000010 0.000010 0.999910 0.000010
0.000010 0.000010 0.000010 0.000010 0.000010 0.000010 0.000010 0.000010 0.999910 0.000010
0.000010 0.000010 0.000010 0.792981 0.000010 0.000010 0.000010 0.000010 0.000010 0.206939
0.000010 0.094450 0.000010 0.760705 0.032105 0.065279 0.000010 0.000010 0.000010 0.047411
0.000010 0.000010 0.194927 0.734468 0.000010 0.070535 0.000010 0.000010 0.000010 0.000010
0.000010 0.000010 0.243004 0.670132 0.000010 0.000010 0.000010 0.000010 0.000010 0.086793
0.000010 0.000010 0.458970 0.383803 0.000010 0.000010 0.000010 0.156035 0.000010 0.001131
0.000010 0.000010 0.000010 0.839996 0.159924 0.000010 0.000010 0.000010 0.000010 0.000010
0.000010 0.000010 0.351574 0.523590 0.124766 0.000010 0.000010 0.000010 0.000010 0.000010
0.000010 0.087361 0.000010 0.850423 0.000010 0.000010 0.000010 0.000010 0.000010 0.062146
0.014251 0.000010 0.252897 0.684780 0.000010 0.000010 0.000010 0.000010 0.000010 0.048012
0.000010 0.000010 0.416065 0.528337 0.000010 0.000010 0.000010 0.000010 0.000010 0.055528
0.000010 0.000010 0.085148 0.914772 0.000010 0.000010 0.000010 0.000010 0.000010 0.000010
0.000010 0.000010 0.260679 0.733143 0.000010 0.000010 0.006108 0.000010 0.000010 0.000010
0.000010 0.165429 0.000010 0.834491 0.000010 0.000010 0.000010 0.000010 0.000010 0.000010
0.000010 0.000010 0.305276 0.694644 0.000010 0.000010 0.000010 0.000010 0.000010 0.000010
0.000010 0.000010 0.000010 0.999910 0.000010 0.000010 0.000010 0.000010 0.000010 0.000010
0.000010 0.000010 0.000010 0.757345 0.170681 0.000010 0.000010 0.000010 0.000010 0.071904
0.000010 0.000010 0.194295 0.000010 0.000010 0.166064 0.000010 0.639571 0.000010 0.000010
0.000010 0.000010 0.768886 0.000010 0.000010 0.000010 0.003021 0.011872 0.000010 0.216161
0.000010 0.041889 0.958031 0.000010 0.000010 0.000010 0.000010 0.000010 0.000010 0.000010
0.000010 0.999910 0.000010 0.000010 0.000010 0.000010 0.000010 0.000010 0.000010 0.000010
0.000010 0.000010 0.731313 0.000010 0.000010 0.000010 0.025705 0.053090 0.000010 0.189832
0.000010 0.174064 0.745288 0.000010 0.000010 0.000010 0.000010 0.000010 0.000010 0.080578
0.000010 0.999910 0.000010 0.000010 0.000010 0.000010 0.000010 0.000010 0.000010 0.000010
0.000010 0.000010 0.000010 0.000010 0.000010 0.000010 0.000010 0.000010 0.999910 0.000010
0.000010 0.000010 0.000010 0.000010 0.000010 0.000010 0.000010 0.000010 0.999910 0.000010
0.000010 0.302603 0.679408 0.000010 0.017919 0.000010 0.000010 0.000010 0.000010 0.000010
0.000010 0.999910 0.000010 0.000010 0.000010 0.000010 0.000010 0.000010 0.000010 0.000010
0.000010 0.036276 0.963644 0.000010 0.000010 0.000010 0.000010 0.000010 0.000010 0.000010
0.000010 0.259420 0.740500 0.000010 0.000010 0.000010 0.000010 0.000010 0.000010 0.000010
0.005218 0.000010 0.994702 0.000010 0.000010 0.000010 0.000010 0.000010 0.000010 0.000010
0.000010 0.000010 0.999910 0.000010 0.000010 0.000010 0.000010 0.000010 0.000010 0.000010
0.000010 0.072753 0.927167 0.000010 0.000010 0.000010 0.000010 0.000010 0.000010 0.000010
0.000010 0.000010 0.869880 0.000010 0.000010 0.000010 0.000010 0.000010 0.000010 0.130040
0.999910 0.000010 0.000010 0.000010 0.000010 0.000010 0.000010 0.000010 0.000010 0.000010
0.000010 0.000010 0.902910 0.000010 0.000010 0.097010 0.000010 0.000010 0.000010 0.000010
0.000010 0.000010 0.777858 0.000010 0.000010 0.144517 0.000010 0.000010 0.000010 0.077555
0.000010 0.189049 0.482682 0.000010 0.328199 0.000010 0.000010 0.000010 0.000010 0.000010
0.000011 0.309826 0.398025 0.015012 0.000010 0.000010 0.000010 0.075247 0.000010 0.201839
0.999910 0.000010 0.000010 0.000010 0.000010 0.000010 0.000010 0.000010 0.000010 0.000010
0.000010 0.306464 0.693456 0.000010 0.000010 0.000010 0.000010 0.000010 0.000010 0.000010
0.000010 0.268584 0.568757 0.000010 0.000010 0.000010 0.000010 0.000010 0.000010 0.162589
0.999910 0.000010 0.000010 0.000010 0.000010 0.000010 0.000010 0.000010 0.000010 0.000010
0.000010 0.347179 0.384361 0.212986 0.000010 0.038473 0.016951 0.000010 0.000010 0.000010
0.999910 0.000010 0.000010 0.000010 0.000010 0.000010 0.000010 0.000010 0.000010 0.000010
0.999910 0.000010 0.000010 0.000010 0.000010 0.000010 0.000010 0.000010 0.000010 0.000010
0.000010 0.055719 0.873498 0.000010 0.070713 0.000010 0.000010 0.000010 0.000010 0.000010
0.999910 0.000010 0.000010 0.000010 0.000010 0.000010 0.000010 0.000010 0.000010 0.000010
0.000010 0.999910 0.000010 0.000010 0.000010 0.000010 0.000010 0.000010 0.000010 0.000010
0.999910 0.000010 0.000010 0.000010 0.000010 0.000010 0.000010 0.000010 0.000010 0.000010
0.000010 0.999910 0.000010 0.000010 0.000010 0.000010 0.000010 0.000010 0.000010 0.000010
0.000010 0.368401 0.389168 0.000010 0.000010 0.000010 0.000010 0.189553 0.000010 0.052818
0.000010 0.280348 0.591877 0.000010 0.000010 0.000010 0.000010 0.000010 0.000010 0.127705
0.000010 0.000010 0.575062 0.261072 0.000010 0.000010 0.000010 0.058965 0.000010 0.104840
0.000010 0.307030 0.692890 0.000010 0.000010 0.000010 0.000010 0.000010 0.000010 0.000010
0.000010 0.000010 0.000010 0.000010 0.000010 0.255648 0.000010 0.631412 0.000010 0.112871
0.028714 0.000010 0.000010 0.000010 0.000010 0.409490 0.003310 0.558426 0.000010 0.000010
0.000010 0.000010 0.000010 0.000010 0.000010 0.493571 0.000010 0.435190 0.000010 0.071169
0.000010 0.000010 0.000010 0.000010 0.175451 0.824469 0.000010 0.000010 0.000010 0.000010
0.001415 0.000010 0.000010 0.000010 0.000010 0.766896 0.000010 0.196020 0.000010 0.035608
0.000010 0.028933 0.000010 0.000010 0.000010 0.844103 0.009146 0.000010 0.000010 0.117758
0.000010 0.000010 0.000010 0.000010 0.000010 0.000010 0.000010 0.999910 0.000010 0.000010
0.000010 0.000010 0.000010 0.000010 0.000010 0.278131 0.000010 0.692906 0.000010 0.028893
0.000010 0.000010 0.000010 0.000010 0.000010 0.000010 0.999910 0.000010 0.000010 0.000010
0.000010 0.034192 0.000010 0.037375 0.000010 0.603793 0.000010 0.324580 0.000010 0.000010
0.000010 0.189841 0.000010 0.004645 0.000010 0.603400 0.000010 0.202054 0.000010 0.000010
0.006914 0.000010 0.150215 0.000010 0.000010 0.642810 0.000010 0.200000 0.000010 0.000010
0.000010 0.000010 0.266140 0.000010 0.000010 0.362635 0.000010 0.371155 0.000010 0.000010
0.000010 0.000010 0.000010 0.000010 0.000010 0.999910 0.000010 0.000010 0.000010 0.000010
0.000010 0.000010 0.000010 0.000010 0.000010 0.483412 0.000010 0.516508 0.000010 0.000010
0.000010 0.000010 0.026127 0.000010 0.000010 0.152703 0.000010 0.734671 0.000010 0.086439
0.000010 0.000010 0.537674 0.455817 0.000010 0.000010 0.000010 0.000010 0.000010 0.006439
0.000010 0.000010 0.251828 0.000010 0.000010 0.390715 0.000010 0.357387 0.000010 0.000010
0.015288 0.000010 0.000010 0.000010 0.000010 0.000010 0.984632 0.000010 0.000010 0.000010
0.000010 0.000010 0.000010 0.000010 0.000010 0.643876 0.000010 0.356044 0.000010 0.000010
0.000010 0.000646 0.000010 0.000010 0.000010 0.564768 0.016483 0.418043 0.000010 0.000010
0.000010 0.037803 0.000010 0.000010 0.000010 0.409891 0.000010 0.504188 0.000010 0.048058
0.000010 0.000010 0.004575 0.000010 0.000010 0.353439 0.000010 0.641916 0.000010 0.000010
0.000246 0.000010 0.000010 0.106528 0.009002 0.400265 0.000010 0.483909 0.000010 0.000010
0.000010 0.000010 0.000010 0.000010 0.000010 0.000010 0.999910 0.000010 0.000010 0.000010
0.000010 0.010836 0.000010 0.000010 0.000010 0.770227 0.000010 0.155556 0.000010 0.063321
0.000010 0.000010 0.017221 0.000010 0.000010 0.406781 0.000010 0.359715 0.000010 0.216223
0.000010 0.000010 0.000010 0.000010 0.000010 0.000010 0.999910 0.000010 0.000010 0.000010
0.000010 0.000010 0.000010 0.000010 0.000010 0.580666 0.000010 0.419254 0.000010 0.000010
0.000010 0.000010 0.000010 0.000010 0.000010 0.000010 0.999910 0.000010 0.000010 0.000010
0.000010 0.000010 0.000010 0.000010 0.000010 0.000010 0.999910 0.000010 0.000010 0.000010
0.293916 0.000010 0.000010 0.000010 0.000010 0.000010 0.706004 0.000010 0.000010 0.000010
0.000010 0.000010 0.000010 0.000010 0.000010 0.923115 0.000010 0.000010 0.000010 0.076805
0.000010 0.033601 0.000010 0.000010 0.000010 0.819926 0.000010 0.146403 0.000010 0.000010
0.000010 0.000010 0.166256 0.000010 0.740459 0.000010 0.000010 0.093215 0.000010 0.000010
0.000010 0.130468 0.026645 0.000010 0.688164 0.000010 0.038244 0.000010 0.000010 0.116429
0.000010 0.000010 0.028432 0.020069 0.705576 0.000010 0.000010 0.076879 0.000010 0.168994
0.000010 0.000010 0.120566 0.000010 0.803881 0.000010 0.000010 0.000010 0.000010 0.075482
0.012796 0.082015 0.104419 0.069679 0.530277 0.000010 0.000010 0.147050 0.000010 0.053735
0.000010 0.000010 0.000010 0.000010 0.742825 0.063470 0.000010 0.000010 0.000010 0.193635
0.000010 0.000010 0.000010 0.000010 0.000010 0.529649 0.000010 0.434865 0.000010 0.035416
0.000010 0.000010 0.000010 0.000010 0.000010 0.000010 0.999910 0.000010 0.000010 0.000010
0.000010 0.000010 0.000010 0.000010 0.000010 0.570543 0.000010 0.347037 0.000010 0.082350
0.000010 0.000010 0.000010 0.000010 0.000010 0.939008 0.000010 0.060912 0.000010 0.000010
0.000010 0.000010 0.000010 0.000010 0.000010 0.902962 0.000010 0.000010 0.000010 0.096958
0.000010 0.000010 0.000010 0.000010 0.000010 0.000010 0.999910 0.000010 0.000010 0.000010
0.000010 0.077743 0.000010 0.000010 0.000010 0.554044 0.000457 0.367695 0.000010 0.000010
0.000010 0.000010 0.000010 0.000010 0.000010 0.000010 0.000010 0.999910 0.000010 0.000010
0.000010 0.000010 0.000010 0.000010 0.000010 0.527447 0.000010 0.312333 0.000010 0.160151
0.000010 0.000010 0.139789 0.000010 0.000010 0.186143 0.000010 0.673998 0.000010 0.000010
0.000010 0.000010 0.000010 0.000010 0.000010 0.813951 0.000010 0.185969 0.000010 0.000010
0.000010 0.000010 0.000010 0.000010 0.000010 0.554474 0.000010 0.445446 0.000010 0.000010
0.000010 0.000010 0.000010 0.000010 0.094969 0.310767 0.000010 0.560427 0.000010 0.033776
0.000010 0.000010 0.000010 0.000010 0.000010 0.363392 0.000010 0.584573 0.000010 0.051965
0.000010 0.000010 0.145974 0.000010 0.000010 0.364810 0.000010 0.378268 0.000010 0.110889
0.000010 0.000010 0.000010 0.000010 0.000010 0.000010 0.999910 0.000010 0.000010 0.000010
0.000010 0.000010 0.000010 0.000010 0.000010 0.000010 0.000010 0.999910 0.000010 0.000010
0.000010 0.000010 0.000010 0.000010 0.000010 0.388697 0.000010 0.611223 0.000010 0.000010
0.000010 0.000010 0.000010 0.000010 0.000010 0.000010 0.000010 0.910910 0.000010 0.089010
0.000010 0.000010 0.000010 0.000010 0.000010 0.000010 0.000010 0.999910 0.000010 0.000010
0.000010 0.000010 0.000010 0.000010 0.000010 0.877036 0.000010 0.000010 0.000010 0.122884
0.001657 0.000010 0.000010 0.000010 0.000010 0.316727 0.005232 0.676324 0.000010 0.000010
0.000010 0.000010 0.000010 0.000010 0.000010 0.727176 0.000010 0.000010 0.000010 0.272744
0.000010 0.056762 0.000010 0.000010 0.000010 0.465512 0.000010 0.455162 0.000010 0.022505
0.000010 0.016412 0.100401 0.000010 0.000010 0.364339 0.000010 0.424826 0.000010 0.093972
0.000010 0.000010 0.000010 0.000010 0.000010 0.505858 0.000010 0.319736 0.000010 0.174337
0.000010 0.039525 0.074455 0.028147 0.000010 0.233316 0.000010 0.624507 0.000010 0.000010
0.000010 0.000010 0.000010 0.000010 0.000010 0.000010 0.000010 0.999910 0.000010 0.000010
0.000010 0.034720 0.000010 0.000010 0.000010 0.000010 0.000010 0.965200 0.000010 0.000010
0.000010 0.041008 0.000010 0.000010 0.000010 0.527844 0.000010 0.328247 0.000010 0.102841
0.000010 0.000010 0.000010 0.172951 0.000010 0.057360 0.000010 0.769619 0.000010 0.000010
0.000010 0.000010 0.000010 0.000010 0.000010 0.463168 0.000010 0.536752 0.000010 0.000010
0.000010 0.000010 0.000010 0.000010 0.000010 0.255515 0.000010 0.744405 0.000010 0.000010
0.000010 0.043941 0.000010 0.000010 0.000010 0.717379 0.000010 0.133265 0.000010 0.105354
0.000010 0.000010 0.000010 0.000010 0.000010 0.000010 0.000010 0.999910 0.000010 0.000010
0.000010 0.000010 0.000010 0.000010 0.000010 0.000010 0.000010 0.999910 0.000010 0.000010
0.000010 0.000010 0.000010 0.000010 0.000010 0.000010 0.999910 0.000010 0.000010 0.000010
0.000010 0.000010 0.000010 0.000010 0.000010 0.000010 0.999910 0.000010 0.000010 0.000010
0.000010 0.000010 0.088009 0.000010 0.000010 0.000010 0.000010 0.911911 0.000010 0.000010
0.032932 0.000010 0.000010 0.000010 0.000010 0.000010 0.966988 0.000010 0.000010 0.000010
0.000010 0.000010 0.000010 0.000010 0.000010 0.999910 0.000010 0.000010 0.000010 0.000010
0.000010 0.000010 0.000010 0.000010 0.000010 0.999910 0.000010 0.000010 0.000010 0.000010
0.000010 0.000010 0.000010 0.000010 0.000010 0.000010 0.999910 0.000010 0.000010 0.000010
0.000010 0.000010 0.000010 0.000010 0.000010 0.000010 0.999910 0.000010 0.000010 0.000010
0.000010 0.000010 0.000010 0.000010 0.000010 0.444387 0.000010 0.399188 0.000010 0.156355
0.000010 0.000010 0.000010 0.000010 0.000010 0.000010 0.999910 0.000010 0.000010 0.000010
0.111091 0.000010 0.000010 0.000010 0.000010 0.000010 0.888829 0.000010 0.000010 0.000010
0.132127 0.000010 0.000010 0.000010 0.000010 0.000010 0.867793 0.000010 0.000010 0.000010
0.000010 0.000010 0.000010 0.938036 0.000010 0.004350 0.000010 0.000010 0.000010 0.057544
0.000010 0.129905 0.000010 0.869217 0.000010 0.000808 0.000010 0.000010 0.000010 0.000010
0.000010 0.000010 0.158808 0.805110 0.000010 0.036012 0.000010 0.000010 0.000010 0.000010
0.000010 0.000010 0.000010 0.971982 0.000010 0.000010 0.000010 0.027938 0.000010 0.000010
0.898222 0.000010 0.000010 0.000010 0.000010 0.000010 0.101698 0.000010 0.000010 0.000010
0.000010 0.000010 0.000010 0.000010 0.000010 0.576503 0.000010 0.329859 0.000010 0.093568
0.000010 0.000010 0.575130 0.410374 0.000010 0.014426 0.000010 0.000010 0.000010 0.000010
0.000010 0.000010 0.198169 0.601492 0.129609 0.000010 0.000010 0.070670 0.000010 0.000010
0.000010 0.082830 0.169456 0.643806 0.077463 0.000010 0.000010 0.000010 0.016114 0.010291
0.019928 0.000010 0.250402 0.552799 0.170384 0.000010 0.000010 0.000010 0.000010 0.006436
0.000010 0.000010 0.796074 0.000010 0.000010 0.000010 0.002309 0.000010 0.000010 0.201547
0.000010 0.000010 0.308967 0.492326 0.091288 0.000010 0.011014 0.000010 0.000010 0.096355
0.000010 0.000010 0.000010 0.999910 0.000010 0.000010 0.000010 0.000010 0.000010 0.000010
0.000010 0.171397 0.196122 0.473071 0.084567 0.051078 0.000010 0.023726 0.000010 0.000010
0.018101 0.000010 0.000010 0.981819 0.000010 0.000010 0.000010 0.000010 0.000010 0.000010
0.000168 0.097131 0.000010 0.902631 0.000010 0.000010 0.000010 0.000010 0.000010 0.000010
0.000010 0.000010 0.672096 0.246148 0.000010 0.040455 0.000010 0.000010 0.000010 0.041240
0.000010 0.000010 0.242172 0.587777 0.103489 0.000010 0.000010 0.066502 0.000010 0.000010
0.018901 0.094634 0.805950 0.000010 0.000010 0.000010 0.000010 0.000010 0.000010 0.080455
0.000010 0.000010 0.410407 0.336474 0.000010 0.064267 0.000010 0.000010 0.000010 0.188792
0.000010 0.000010 0.312183 0.544148 0.143599 0.000010 0.000010 0.000010 0.000010 0.000010
0.000010 0.000010 0.250231 0.519084 0.000010 0.126356 0.000010 0.000010 0.000010 0.104268
0.000010 0.117253 0.000010 0.746371 0.000010 0.000010 0.000010 0.136306 0.000010 0.000010
0.000010 0.000010 0.000010 0.805878 0.117876 0.076175 0.000010 0.000010 0.000010 0.000010
0.000010 0.000010 0.441550 0.421346 0.137034 0.000010 0.000010 0.000010 0.000010 0.000010
0.000010 0.000010 0.000010 0.999910 0.000010 0.000010 0.000010 0.000010 0.000010 0.000010
0.019401 0.000010 0.000010 0.845876 0.000010 0.000010 0.000010 0.000010 0.000010 0.134653
0.999910 0.000010 0.000010 0.000010 0.000010 0.000010 0.000010 0.000010 0.000010 0.000010
0.000010 0.101671 0.000010 0.711448 0.000010 0.000010 0.000010 0.133809 0.000010 0.053012
0.000010 0.059246 0.184205 0.454925 0.010268 0.000010 0.000010 0.000010 0.000010 0.291307
0.000010 0.000010 0.000010 0.999910 0.000010 0.000010 0.000010 0.000010 0.000010 0.000010
0.999910 0.000010 0.000010 0.000010 0.000010 0.000010 0.000010 0.000010 0.000010 0.000010
0.000010 0.000010 0.513465 0.486455 0.000010 0.000010 0.000010 0.000010 0.000010 0.000010
0.999910 0.000010 0.000010 0.000010 0.000010 0.000010 0.000010 0.000010 0.000010 0.000010
0.000010 0.000010 0.187647 0.812273 0.000010 0.000010 0.000010 0.000010 0.000010 0.000010
0.000010 0.000010 0.000010 0.999910 0.000010 0.000010 0.000010 0.000010 0.000010 0.000010
0.000010 0.000010 0.459186 0.398944 0.000010 0.045757 0.000010 0.000010 0.000010 0.096053
0.000010 0.000010 0.738252 0.261668 0.000010 0.000010 0.000010 0.000010 0.000010 0.000010
0.000010 0.000010 0.000010 0.877050 0.122870 0.000010 0.000010 0.000010 0.000010 0.000010
0.000010 0.000010 0.377725 0.426993 0.143301 0.000010 0.000010 0.000010 0.000010 0.051920
0.000010 0.000010 0.000010 0.999910 0.000010 0.000010 0.000010 0.000010 0.000010 0.000010
0.000010 0.000010 0.618443 0.000010 0.192453 0.000010 0.000010 0.189034 0.000010 0.000010
0.000010 0.000010 0.000010 0.999910 0.000010 0.000010 0.000010 0.000010 0.000010 0.000010
0.000010 0.000010 0.788803 0.001425 0.000010 0.000010 0.000010 0.012182 0.000010 0.197530
0.000010 0.000010 0.275214 0.714817 0.000010 0.000010 0.000010 0.009899 0.000010 0.000010
0.000010 0.000010 0.000010 0.749693 0.000010 0.000010 0.000010 0.000010 0.000010 0.250227
0.000010 0.000010 0.285715 0.548816 0.000010 0.000010 0.000010 0.000010 0.000010 0.165399
0.000010 0.000010 0.000010 0.000010 0.000010 0.420820 0.000010 0.579100 0.000010 0.000010
0.000010 0.000010 0.000010 0.000010 0.082341 0.517088 0.014528 0.360698 0.000010 0.025295
0.000010 0.000010 0.000010 0.000010 0.000010 0.655291 0.000010 0.344629 0.000010 0.000010
0.002811 0.000010 0.040080 0.000010 0.000010 0.650579 0.000010 0.224159 0.000010 0.082321
0.000010 0.000010 0.000010 0.000010 0.008723 0.686420 0.000010 0.253367 0.000010 0.051430
0.000010 0.040470 0.000010 0.000010 0.000010 0.471777 0.000010 0.487683 0.000010 0.000010
0.000010 0.000010 0.000010 0.000010 0.079683 0.000010 0.000010 0.893054 0.000010 0.027193
0.000010 0.034638 0.000010 0.000010 0.000010 0.381023 0.000010 0.584269 0.000010 0.000010
0.000010 0.000010 0.000010 0.000010 0.000010 0.838873 0.000010 0.058646 0.000010 0.102411
0.000010 0.069927 0.000010 0.000010 0.073371 0.661442 0.000010 0.152151 0.000010 0.043058
0.000010 0.000010 0.000010 0.000010 0.000010 0.577394 0.000010 0.294686 0.000010 0.127850
0.000010 0.068814 0.000010 0.000010 0.000010 0.489829 0.000010 0.303991 0.000010 0.137305
0.999910 0.000010 0.000010 0.000010 0.000010 0.000010 0.000010 0.000010 0.000010 0.000010
0.000010 0.000010 0.000010 0.000010 0.000010 0.496305 0.000010 0.268194 0.000010 0.235431
0.000010 0.081438 0.038912 0.000010 0.000010 0.342185 0.000010 0.537406 0.000010 0.000010
0.000010 0.000010 0.113714 0.000010 0.000010 0.391708 0.000010 0.494507 0.000010 0.000010
0.000010 0.016069 0.076028 0.000732 0.000010 0.539261 0.000010 0.203111 0.000010 0.164759
0.000010 0.000010 0.000010 0.000010 0.115885 0.801354 0.000010 0.000010 0.000010 0.082691
0.000010 0.000010 0.000010 0.000010 0.000010 0.448569 0.000010 0.527597 0.000010 0.023764
0.000010 0.000010 0.176601 0.000010 0.000010 0.823319 0.000010 0.000010 0.000010 0.000010
0.000010 0.009387 0.000010 0.000010 0.000010 0.990533 0.000010 0.000010 0.000010 0.000010
0.000010 0.000010 0.000010 0.000010 0.128994 0.682288 0.000010 0.188648 0.000010 0.000010
0.000010 0.000010 0.000010 0.000010 0.000010 0.832165 0.000010 0.167755 0.000010 0.000010
0.000010 0.000010 0.000010 0.036946 0.000010 0.844386 0.000010 0.000010 0.000010 0.118598
0.000010 0.000010 0.000010 0.000010 0.000010 0.634496 0.000010 0.365424 0.000010 0.000010
0.000010 0.000010 0.017739 0.000010 0.063552 0.320020 0.000010 0.551012 0.000010 0.047627
0.000010 0.000010 0.000010 0.095268 0.000010 0.904652 0.000010 0.000010 0.000010 0.000010
0.000010 0.000010 0.094708 0.000010 0.000010 0.905212 0.000010 0.000010 0.000010 0.000010
0.000010 0.000010 0.000010 0.000010 0.000010 0.887291 0.000010 0.000010 0.000010 0.112629
0.000010 0.000010 0.000010 0.000010 0.000010 0.823994 0.000010 0.000010 0.000010 0.175926
0.000010 0.000010 0.000010 0.016821 0.000010 0.687169 0.000010 0.295940 0.000010 0.000010
0.000010 0.000010 0.133612 0.000010 0.137679 0.387334 0.000010 0.341315 0.000010 0.000010
0.000010 0.000010 0.000010 0.000010 0.000010 0.436042 0.000010 0.563878 0.000010 0.000010
0.000010 0.000010 0.000010 0.817700 0.000010 0.182220 0.000010 0.000010 0.000010 0.000010
0.000010 0.055574 0.000010 0.000010 0.003473 0.440200 0.000010 0.442177 0.000010 0.058527
0.000010 0.000010 0.000010 0.000010 0.038182 0.500626 0.000010 0.390287 0.000010 0.070846
0.000010 0.000010 0.000010 0.000010 0.168753 0.426124 0.000010 0.405053 0.000010 0.000010
0.000010 0.000010 0.000010 0.000010 0.000010 0.466470 0.000010 0.533450 0.000010 0.000010
0.000010 0.000010 0.000010 0.000010 0.000010 0.893888 0.000010 0.066497 0.000010 0.039545
0.000010 0.000010 0.000010 0.000010 0.000010 0.609828 0.000010 0.301527 0.000010 0.088574
0.000010 0.000010 0.132485 0.000010 0.000010 0.867435 0.000010 0.000010 0.000010 0.000010
0.000010 0.000010 0.000010 0.000010 0.108343 0.504690 0.000010 0.354306 0.000010 0.032601
0.000010 0.000010 0.000010 0.000010 0.000010 0.686711 0.000010 0.313209 0.000010 0.000010
0.000010 0.000010 0.000010 0.000010 0.000010 0.636044 0.000010 0.363876 0.000010 0.000010
0.000010 0.000010 0.052316 0.000010 0.000010 0.599636 0.000010 0.049470 0.000010 0.298517
0.017533 0.000010 0.000010 0.000010 0.000010 0.785179 0.000010 0.000010 0.000010 0.197218
0.000010 0.000010 0.000010 0.000010 0.000010 0.318345 0.000010 0.681575 0.000010 0.000010
0.000010 0.000010 0.052419 0.000010 0.000010 0.345041 0.018332 0.504823 0.000010 0.079335
0.000010 0.000010 0.099475 0.000010 0.000010 0.626881 0.000010 0.262588 0.000010 0.010997
0.000010 0.000010 0.117797 0.000010 0.000010 0.626680 0.000010 0.255452 0.000010 0.000010
0.003001 0.000010 0.000010 0.100235 0.000010 0.896694 0.000010 0.000010 0.000010 0.000010
0.000010 0.000010 0.000010 0.000692 0.115039 0.494766 0.000010 0.389443 0.000010 0.000010
0.000010 0.000010 0.000010 0.000010 0.095251 0.820941 0.000010 0.083738 0.000010 0.000010
0.000010 0.000010 0.073126 0.000010 0.000010 0.506552 0.008161 0.412101 0.000010 0.000010
0.000010 0.000010 0.166757 0.000010 0.000010 0.506844 0.004656 0.321684 0.000010 0.000010
0.000010 0.000010 0.000010 0.000010 0.000010 0.999910 0.000010 0.000010 0.000010 0.000010
0.000010 0.000010 0.000010 0.000010 0.000010 0.434612 0.000010 0.425912 0.000010 0.139406
0.006081 0.000010 0.009053 0.000010 0.101278 0.402293 0.000010 0.444143 0.000010 0.037111
0.000010 0.000010 0.052651 0.000010 0.000010 0.705687 0.000010 0.241592 0.000010 0.000010
0.000010 0.000010 0.000010 0.000010 0.000010 0.999910 0.000010 0.000010 0.000010 0.000010
0.000010 0.150967 0.000010 0.000010 0.000010 0.321993 0.000010 0.526970 0.000010 0.000010
0.000010 0.000010 0.007125 0.000010 0.000010 0.992795 0.000010 0.000010 0.000010 0.000010
0.000010 0.000010 0.162550 0.000010 0.000010 0.534645 0.000010 0.302735 0.000010 0.000010
0.000010 0.000010 0.000010 0.140812 0.000010 0.438298 0.000010 0.366103 0.000010 0.054727
0.000010 0.019167 0.050395 0.000010 0.000010 0.404921 0.000010 0.525456 0.000010 0.000010
0.000010 0.000010 0.000010 0.000010 0.000010 0.655828 0.000010 0.145007 0.000010 0.199095
0.000010 0.000010 0.000010 0.000010 0.000010 0.000010 0.999910 0.000010 0.000010 0.000010
0.000010 0.000010 0.000010 0.000019 0.000010 0.814657 0.000010 0.185254 0.000010 0.000010
0.000010 0.000010 0.000010 0.000010 0.000010 0.955817 0.000010 0.044103 0.000010 0.000010
0.000010 0.000010 0.000010 0.000010 0.000010 0.695455 0.000010 0.304465 0.000010 0.000010
0.000010 0.000010 0.000010 0.000010 0.048806 0.692831 0.000010 0.251762 0.000010 0.006541
0.000010 0.000010 0.041433 0.000010 0.000010 0.000010 0.000010 0.674855 0.000010 0.283642
0.000010 0.000010 0.000010 0.000010 0.090475 0.909445 0.000010 0.000010 0.000010 0.000010
0.000010 0.108772 0.000010 0.000010 0.000010 0.541327 0.000010 0.303141 0.000010 0.046700
0.000010 0.000010 0.031914 0.000010 0.000010 0.968006 0.000010 0.000010 0.000010 0.000010
0.000010 0.000010 0.027460 0.000010 0.000010 0.893194 0.000010 0.000010 0.079275 0.000010
0.000010 0.000010 0.235691 0.000010 0.000010 0.556449 0.000010 0.159394 0.000010 0.048406
0.000010 0.000010 0.075528 0.000010 0.000010 0.364173 0.000010 0.560229 0.000010 0.000010
0.000010 0.015014 0.111382 0.000010 0.022348 0.658452 0.000010 0.192754 0.000010 0.000010
0.000010 0.000010 0.000010 0.000010 0.083069 0.627604 0.000010 0.199540 0.000010 0.089727
0.001453 0.000010 0.104622 0.000010 0.000010 0.504351 0.000010 0.371672 0.000010 0.017852
0.000010 0.000010 0.000010 0.000010 0.000010 0.673778 0.000010 0.312872 0.000010 0.013280
0.000010 0.000010 0.057609 0.000010 0.618105 0.000010 0.000010 0.151649 0.000010 0.172577
0.030766 0.000010 0.000010 0.316282 0.463022 0.000010 0.000010 0.000010 0.000010 0.189870
0.000010 0.000013 0.346693 0.000010 0.571481 0.000010 0.000010 0.000010 0.000010 0.081754
0.000010 0.000010 0.253235 0.000010 0.589512 0.000010 0.000010 0.157183 0.000010 0.000010
0.000010 0.000010 0.000010 0.000010 0.999910 0.000010 0.000010 0.000010 0.000010 0.000010
0.000010 0.000010 0.000010 0.000010 0.999910 0.000010 0.000010 0.000010 0.000010 0.000010
0.000010 0.000010 0.194797 0.000010 0.758379 0.000010 0.000010 0.000010 0.000010 0.046755
0.000010 0.000010 0.000010 0.000010 0.880859 0.040246 0.000010 0.000010 0.000010 0.078826
0.000010 0.000010 0.368944 0.000010 0.630976 0.000010 0.000010 0.000010 0.000010 0.000010
0.000010 0.000010 0.000010 0.000010 0.802090 0.000010 0.000010 0.000010 0.000010 0.197830
0.000010 0.065522 0.112181 0.000010 0.822227 0.000010 0.000010 0.000010 0.000010 0.000010
0.000010 0.000010 0.095734 0.000010 0.752558 0.000010 0.000010 0.047350 0.000010 0.104298
0.000010 0.000010 0.232380 0.000010 0.708521 0.000010 0.000010 0.059028 0.000010 0.000010
0.000010 0.000010 0.002602 0.000010 0.828904 0.000010 0.000010 0.000010 0.000010 0.168424
0.000010 0.082455 0.000010 0.000010 0.917465 0.000010 0.000010 0.000010 0.000010 0.000010
0.999910 0.000010 0.000010 0.000010 0.000010 0.000010 0.000010 0.000010 0.000010 0.000010
0.000010 0.000010 0.000010 0.000010 0.934832 0.065088 0.000010 0.000010 0.000010 0.000010
0.000010 0.000010 0.000010 0.000010 0.784830 0.098212 0.000010 0.000010 0.000010 0.116888
0.000010 0.027310 0.000010 0.000010 0.590901 0.000010 0.000010 0.267589 0.000010 0.114140
0.000010 0.123591 0.000010 0.000010 0.808692 0.000010 0.000010 0.067647 0.000010 0.000010
0.000010 0.000010 0.435424 0.000010 0.564496 0.000010 0.000010 0.000010 0.000010 0.000010
0.000010 0.000010 0.290022 0.000010 0.709898 0.000010 0.000010 0.000010 0.000010 0.000010
0.000010 0.000010 0.000010 0.000010 0.763328 0.000010 0.000010 0.036093 0.000010 0.200508
0.000010 0.000010 0.000010 0.000010 0.855740 0.041379 0.000010 0.000010 0.000010 0.102810
0.000010 0.000010 0.047299 0.000010 0.757496 0.000010 0.000010 0.000010 0.000010 0.195135
0.005232 0.000010 0.000010 0.000010 0.719456 0.174178 0.000010 0.000010 0.000010 0.101073
0.000010 0.000010 0.023110 0.000010 0.477921 0.000010 0.000010 0.300609 0.000010 0.198300
0.000010 0.000010 0.000010 0.000010 0.822911 0.000010 0.000010 0.000010 0.000010 0.177009
0.000010 0.000010 0.000010 0.101979 0.773542 0.124409 0.000010 0.000010 0.000010 0.000010
0.000010 0.000010 0.000010 0.000010 0.863458 0.000010 0.000010 0.000010 0.000010 0.136462
0.000010 0.000010 0.000010 0.000010 0.785694 0.000010 0.000010 0.000010 0.000010 0.214226
0.000010 0.000010 0.000010 0.000010 0.687084 0.000010 0.000010 0.000010 0.000010 0.312836
0.000010 0.000010 0.000010 0.000010 0.796656 0.000010 0.000010 0.000010 0.000010 0.203264
0.000010 0.073675 0.000010 0.059113 0.755831 0.000010 0.000010 0.111321 0.000010 0.000010
0.000010 0.000010 0.124259 0.000010 0.685988 0.067364 0.000010 0.000010 0.000010 0.122329
0.999910 0.000010 0.000010 0.000010 0.000010 0.000010 0.000010 0.000010 0.000010 0.000010
0.000010 0.090442 0.000010 0.000010 0.691189 0.000010 0.000010 0.000010 0.000010 0.218299
0.000010 0.002514 0.000010 0.000010 0.813456 0.000010 0.000010 0.000010 0.000010 0.183959
0.999910 0.000010 0.000010 0.000010 0.000010 0.000010 0.000010 0.000010 0.000010 0.000010
0.000010 0.012271 0.000010 0.000010 0.987649 0.000010 0.000010 0.000010 0.000010 0.000010
0.000010 0.000010 0.000010 0.000010 0.597427 0.142586 0.000010 0.000010 0.000010 0.259917
0.000010 0.000010 0.000010 0.000010 0.536366 0.151778 0.000010 0.000010 0.000010 0.311786
0.000010 0.062905 0.000010 0.084920 0.651233 0.000010 0.000010 0.146843 0.000010 0.054048
0.000010 0.000010 0.000010 0.000010 0.891236 0.000010 0.000010 0.000010 0.000010 0.108684
0.025764 0.000010 0.000010 0.094784 0.740506 0.076146 0.000010 0.047880 0.000010 0.014879
0.026885 0.000010 0.135455 0.000010 0.702207 0.000010 0.000010 0.000010 0.000010 0.135393
0.634726 0.000010 0.000010 0.000010 0.000010 0.000010 0.365194 0.000010 0.000010 0.000010
0.000010 0.000010 0.000010 0.000010 0.000010 0.000010 0.000010 0.000010 0.000010 0.999910
0.000010 0.046470 0.215151 0.000010 0.610518 0.000010 0.000010 0.000010 0.000010 0.127802
0.000010 0.000010 0.000010 0.000010 0.000010 0.000010 0.000010 0.000010 0.000010 0.999910
0.000010 0.000010 0.000010 0.000010 0.000010 0.000010 0.000010 0.000010 0.000010 0.999910
0.000010 0.000010 0.000010 0.000010 0.000010 0.000010 0.000010 0.000010 0.000010 0.999910
0.000010 0.000010 0.207761 0.000010 0.000010 0.540124 0.000010 0.148106 0.000010 0.103949
