0.000010 0.692780 0.227067 0.000010 0.005910 0.000010 0.074212
0.000010 0.948089 0.051861 0.000010 0.000010 0.000010 0.000010
0.000010 0.756867 0.038494 0.007997 0.055759 0.000010 0.140863
0.054287 0.945663 0.000010 0.000010 0.000010 0.000010 0.000010
0.107797 0.728946 0.000010 0.000010 0.084617 0.000010 0.078611
0.240731 0.743518 0.015711 0.000010 0.000010 0.000010 0.000010
0.000010 0.999940 0.000010 0.000010 0.000010 0.000010 0.000010
0.046296 0.845159 0.095277 0.000010 0.013237 0.000010 0.000010
0.000010 0.851079 0.068990 0.000010 0.000010 0.000010 0.079891
0.000010 0.605631 0.000010 0.000010 0.000010 0.394319 0.000010
0.000010 0.951282 0.000010 0.000010 0.000010 0.048668 0.000010
0.000010 0.720362 0.212071 0.000010 0.067527 0.000010 0.000010
0.172146 0.691835 0.081986 0.000010 0.000010 0.000010 0.054002
0.000010 0.856462 0.000010 0.000010 0.000010 0.000010 0.143488
0.000010 0.989118 0.000010 0.000010 0.000010 0.000010 0.010832
0.042882 0.724877 0.054320 0.000010 0.177891 0.000010 0.000010
0.005965 0.826476 0.167519 0.000010 0.000010 0.000010 0.000010
0.000010 0.832462 0.167488 0.000010 0.000010 0.000010 0.000010
0.000010 0.964126 0.000010 0.000010 0.000010 0.000010 0.035824
0.000010 0.890618 0.000010 0.002474 0.000010 0.000010 0.106868
0.000010 0.838208 0.161742 0.000010 0.000010 0.000010 0.000010
0.000372 0.999578 0.000010 0.000010 0.000010 0.000010 0.000010
0.000010 0.968882 0.000010 0.000010 0.000010 0.000010 0.031068
0.000010 0.999940 0.000010 0.000010 0.000010 0.000010 0.000010
0.000010 0.938011 0.000010 0.000010 0.000010 0.000010 0.061939
0.089965 0.909985 0.000010 0.000010 0.000010 0.000010 0.000010
0.000010 0.649844 0.236530 0.000010 0.000010 0.000010 0.113587
0.000010 0.000010 0.000010 0.000010 0.627372 0.000010 0.372578
0.000010 0.729063 0.000010 0.000010 0.270887 0.000010 0.000010
0.000010 0.825355 0.000010 0.000010 0.174595 0.000010 0.000010
0.000010 0.999940 0.000010 0.000010 0.000010 0.000010 0.000010
0.067950 0.524124 0.000010 0.000010 0.238883 0.169013 0.000010
0.165912 0.450805 0.185922 0.000010 0.000010 0.197331 0.000010
0.000010 0.999940 0.000010 0.000010 0.000010 0.000010 0.000010
0.000010 0.000010 0.000010 0.000010 0.000010 0.999940 0.000010
0.000010 0.000010 0.000010 0.000010 0.067236 0.932714 0.000010
0.047128 0.838471 0.102275 0.000010 0.012096 0.000010 0.000010
0.000010 0.999940 0.000010 0.000010 0.000010 0.000010 0.000010
0.000010 0.839430 0.004208 0.000010 0.098957 0.000010 0.057375
0.000010 0.873965 0.035085 0.000010 0.018003 0.000010 0.072917
0.000010 0.867216 0.000010 0.024294 0.037300 0.071160 0.000010
0.017054 0.953574 0.000010 0.000010 0.029333 0.000010 0.000010
0.014864 0.804806 0.000010 0.000010 0.025185 0.000010 0.155115
0.000010 0.314190 0.439844 0.000010 0.000010 0.245926 0.000010
0.000010 0.000010 0.000010 0.999940 0.000010 0.000010 0.000010
0.139023 0.753373 0.025159 0.000010 0.000010 0.000010 0.082415
0.118171 0.699356 0.110429 0.000010 0.072015 0.000010 0.000010
0.000010 0.616207 0.258603 0.000010 0.000010 0.023954 0.101206
0.000010 0.811812 0.000010 0.000010 0.161277 0.026871 0.000010
0.000010 0.000010 0.000010 0.978523 0.021427 0.000010 0.000010
0.000010 0.715782 0.000010 0.000010 0.110028 0.174150 0.000010
0.000010 0.788540 0.158264 0.000010 0.002428 0.000010 0.050738
0.000010 0.000010 0.000010 0.999940 0.000010 0.000010 0.000010
0.000010 0.763952 0.080034 0.000010 0.000010 0.132239 0.023746
0.000010 0.000010 0.000010 0.999940 0.000010 0.000010 0.000010
0.000010 0.000010 0.000010 0.999940 0.000010 0.000010 0.000010
0.049737 0.875170 0.075052 0.000010 0.000010 0.000010 0.000010
0.000010 0.000010 0.011842 0.948479 0.039639 0.000010 0.000010
0.000010 0.000010 0.000010 0.000010 0.000010 0.999940 0.000010
0.000010 0.000010 0.000010 0.999940 0.000010 0.000010 0.000010
0.000010 0.000010 0.000010 0.000010 0.000010 0.999940 0.000010
0.000010 0.323152 0.113110 0.000010 0.280334 0.283374 0.000010
0.000010 0.678611 0.101527 0.000010 0.069530 0.150301 0.000010
0.180954 0.793749 0.000010 0.000010 0.025257 0.000010 0.000010
0.000010 0.750041 0.249909 0.000010 0.000010 0.000010 0.000010
0.144767 0.000010 0.000010 0.000010 0.510553 0.000010 0.344639
0.580953 0.000010 0.000010 0.025991 0.393016 0.000010 0.000010
0.321843 0.000010 0.000010 0.000010 0.363852 0.000010 0.314266
0.000010 0.000010 0.061826 0.000010 0.000010 0.000010 0.938124
0.056509 0.000010 0.000010 0.000010 0.014342 0.000010 0.929109
0.253098 0.000010 0.000010 0.010953 0.000010 0.000010 0.735909
0.109439 0.000010 0.000010 0.000010 0.890511 0.000010 0.000010
0.585553 0.000010 0.000010 0.000010 0.414397 0.000010 0.000010
0.000010 0.000010 0.000010 0.999940 0.000010 0.000010 0.000010
0.452902 0.001932 0.000010 0.000010 0.209046 0.000010 0.336090
0.000010 0.000010 0.000010 0.000010 0.000020 0.000010 0.999930
0.355684 0.003049 0.000010 0.007466 0.144228 0.000010 0.489553
0.311403 0.096622 0.022411 0.000010 0.268199 0.000010 0.301345
0.000010 0.000010 0.000010 0.000010 0.000010 0.000010 0.999940
0.000010 0.000010 0.000010 0.000010 0.431994 0.000010 0.567956
0.000010 0.000010 0.000010 0.000010 0.545657 0.000010 0.454293
0.108366 0.891584 0.000010 0.000010 0.000010 0.000010 0.000010
0.472492 0.175437 0.000010 0.000010 0.342115 0.000010 0.009926
0.000010 0.000010 0.000010 0.999940 0.000010 0.000010 0.000010
0.532203 0.000010 0.000010 0.000010 0.328343 0.000010 0.139414
0.486339 0.000010 0.000010 0.005048 0.296801 0.000010 0.211782
0.386851 0.000010 0.000010 0.000010 0.413284 0.000010 0.199825
0.289685 0.000010 0.000010 0.000010 0.471694 0.000010 0.238582
0.610134 0.000010 0.079832 0.000010 0.309994 0.000010 0.000010
0.000010 0.000010 0.000010 0.999940 0.000010 0.000010 0.000010
0.108068 0.000010 0.000010 0.000010 0.259857 0.000010 0.632035
0.354472 0.000010 0.120981 0.000010 0.330094 0.000010 0.194423
0.000010 0.000010 0.000010 0.999940 0.000010 0.000010 0.000010
0.000010 0.000010 0.000010 0.000010 0.341496 0.000010 0.658454
0.000010 0.000010 0.000010 0.999940 0.000010 0.000010 0.000010
0.000010 0.000010 0.000010 0.999940 0.000010 0.000010 0.000010
0.000010 0.000010 0.000010 0.999940 0.000010 0.000010 0.000010
0.446299 0.000010 0.000010 0.000010 0.000010 0.000010 0.553651
0.188626 0.000010 0.000010 0.000010 0.000010 0.000010 0.811324
0.000010 0.000010 0.816444 0.000010 0.183506 0.000010 0.000010
0.071124 0.094596 0.795414 0.038830 0.000016 0.000010 0.000010
0.000010 0.113436 0.718728 0.000010 0.167796 0.000010 0.000010
0.000010 0.000010 0.999940 0.000010 0.000010 0.000010 0.000010
0.000010 0.193675 0.618742 0.011563 0.153085 0.000010 0.022915
0.010957 0.000010 0.892301 0.000010 0.000010 0.000010 0.096702
0.497888 0.000010 0.000010 0.000010 0.276377 0.000010 0.225696
0.000010 0.000010 0.000010 0.999940 0.000010 0.000010 0.000010
0.533534 0.000010 0.000010 0.000010 0.261355 0.000010 0.205071
0.000010 0.000010 0.000010 0.000010 0.000010 0.000010 0.999940
0.506697 0.008930 0.000010 0.000010 0.119998 0.000010 0.364346
0.000010 0.000010 0.000010 0.999940 0.000010 0.000010 0.000010
0.000010 0.000010 0.000010 0.000010 0.392747 0.000010 0.607203
0.294862 0.000010 0.000010 0.000010 0.705088 0.000010 0.000010
0.329578 0.000010 0.029667 0.000010 0.401993 0.000010 0.238732
0.198675 0.000010 0.000010 0.000010 0.551744 0.000010 0.249541
0.505475 0.000010 0.000010 0.000010 0.000010 0.000010 0.494475
0.156541 0.000010 0.000010 0.000010 0.429146 0.000010 0.414273
0.000010 0.000010 0.016599 0.000010 0.547867 0.000010 0.435494
0.385817 0.000010 0.000010 0.000010 0.479712 0.000010 0.134431
0.250116 0.086888 0.074085 0.000010 0.261679 0.000010 0.327212
0.000010 0.000010 0.000010 0.999940 0.000010 0.000010 0.000010
0.000010 0.000010 0.000010 0.000010 0.999940 0.000010 0.000010
0.493760 0.000010 0.000010 0.000010 0.506190 0.000010 0.000010
0.000010 0.000010 0.000010 0.000010 0.999940 0.000010 0.000010
0.000010 0.000010 0.000010 0.000010 0.999940 0.000010 0.000010
0.999940 0.000010 0.000010 0.000010 0.000010 0.000010 0.000010
0.652795 0.000010 0.000010 0.017759 0.195280 0.000010 0.134135
0.999940 0.000010 0.000010 0.000010 0.000010 0.000010 0.000010
0.304674 0.003300 0.001998 0.000010 0.406238 0.000010 0.283770
0.642927 0.000010 0.000010 0.000010 0.357023 0.000010 0.000010
0.816084 0.000010 0.000010 0.000010 0.183866 0.000010 0.000010
0.437573 0.080045 0.000010 0.000010 0.482342 0.000010 0.000010
0.000010 0.000010 0.000010 0.000010 0.999940 0.000010 0.000010
0.000010 0.000010 0.000010 0.000010 0.999940 0.000010 0.000010
0.662352 0.083218 0.000010 0.000010 0.109474 0.000010 0.144926
0.296768 0.008448 0.000010 0.000010 0.694743 0.000010 0.000010
0.346219 0.000010 0.000010 0.000010 0.427176 0.000010 0.226564
0.063377 0.000010 0.000010 0.000010 0.733484 0.000010 0.203099
0.043976 0.000010 0.000010 0.000010 0.000010 0.000010 0.955974
0.000010 0.000010 0.000010 0.000010 0.999940 0.000010 0.000010
0.236498 0.000010 0.000010 0.000010 0.763452 0.000010 0.000010
0.000010 0.000010 0.000010 0.999940 0.000010 0.000010 0.000010
0.000010 0.000010 0.000010 0.999940 0.000010 0.000010 0.000010
0.269275 0.000010 0.000010 0.000010 0.730675 0.000010 0.000010
0.000010 0.000010 0.000010 0.999940 0.000010 0.000010 0.000010
0.372591 0.000010 0.000010 0.000010 0.000010 0.000010 0.627359
0.206501 0.000010 0.000010 0.000010 0.000010 0.000010 0.793449
0.000010 0.000010 0.000010 0.999940 0.000010 0.000010 0.000010
0.000010 0.000010 0.000010 0.999940 0.000010 0.000010 0.000010
0.523174 0.000010 0.000010 0.000010 0.476776 0.000010 0.000010
0.000010 0.000010 0.000010 0.999940 0.000010 0.000010 0.000010
0.000010 0.000010 0.000010 0.999940 0.000010 0.000010 0.000010
0.000010 0.000010 0.000010 0.999940 0.000010 0.000010 0.000010
0.190665 0.809285 0.000010 0.000010 0.000010 0.000010 0.000010
0.080922 0.912507 0.006530 0.000010 0.000010 0.000010 0.000010
0.083212 0.810327 0.000010 0.000010 0.000010 0.000010 0.106421
0.000010 0.953356 0.000010 0.000010 0.016110 0.000010 0.030494
0.000010 0.000010 0.000010 0.999940 0.000010 0.000010 0.000010
0.253747 0.000010 0.074498 0.000010 0.315806 0.000010 0.355919
0.000010 0.847547 0.000010 0.000010 0.017748 0.000010 0.134665
0.000010 0.814336 0.063200 0.000010 0.088425 0.000010 0.034009
0.000010 0.794893 0.130651 0.000010 0.000010 0.000010 0.074416
0.000010 0.760741 0.173424 0.020295 0.000010 0.000010 0.045510
0.038055 0.784166 0.077105 0.013552 0.087103 0.000010 0.000010
0.000010 0.760492 0.228275 0.011194 0.000010 0.000010 0.000010
0.000010 0.885335 0.000010 0.000010 0.000010 0.000010 0.114615
0.062778 0.758582 0.068921 0.000010 0.109689 0.000010 0.000010
0.000010 0.840821 0.000010 0.000010 0.000010 0.000010 0.159129
0.000010 0.937464 0.049671 0.012825 0.000010 0.000010 0.000010
0.168560 0.737264 0.094135 0.000010 0.000010 0.000010 0.000010
0.000010 0.810027 0.092072 0.000258 0.097613 0.000010 0.000010
0.053401 0.887431 0.000010 0.020662 0.038476 0.000010 0.000010
0.079051 0.770942 0.035653 0.000010 0.033108 0.000010 0.081226
0.000010 0.816941 0.157972 0.000010 0.000010 0.000010 0.025046
0.036372 0.785086 0.000010 0.000010 0.007011 0.000010 0.171501
0.000010 0.910401 0.000010 0.000010 0.075018 0.000010 0.014541
0.169603 0.648410 0.181947 0.000010 0.000010 0.000010 0.000010
0.000010 0.765833 0.128193 0.000010 0.000010 0.000010 0.105934
0.000010 0.951226 0.000010 0.000010 0.048724 0.000010 0.000010
0.000010 0.982612 0.000010 0.017338 0.000010 0.000010 0.000010
0.000010 0.000010 0.000010 0.999940 0.000010 0.000010 0.000010
0.162294 0.773404 0.032545 0.000010 0.031727 0.000010 0.000010
0.000010 0.732161 0.267789 0.000010 0.000010 0.000010 0.000010
0.000010 0.999940 0.000010 0.000010 0.000010 0.000010 0.000010
0.000010 0.000010 0.000010 0.999940 0.000010 0.000010 0.000010
0.000010 0.837250 0.068791 0.000010 0.000010 0.000010 0.093919
0.000010 0.000010 0.000010 0.983275 0.016675 0.000010 0.000010
0.000010 0.987846 0.000010 0.000010 0.012104 0.000010 0.000010
0.137505 0.842776 0.019678 0.000010 0.000010 0.000010 0.000010
0.000010 0.724264 0.113680 0.000010 0.000010 0.000010 0.162016
0.000010 0.873213 0.000010 0.000010 0.078235 0.000010 0.048512
0.000010 0.816405 0.183545 0.000010 0.000010 0.000010 0.000010
0.000010 0.775074 0.224876 0.000010 0.000010 0.000010 0.000010
0.129234 0.870716 0.000010 0.000010 0.000010 0.000010 0.000010
0.047683 0.685036 0.041417 0.000010 0.225834 0.000010 0.000010
0.101956 0.896383 0.000010 0.000010 0.001622 0.000010 0.000010
0.059234 0.619497 0.187168 0.000010 0.134072 0.000010 0.000010
0.000010 0.959244 0.000010 0.000010 0.040706 0.000010 0.000010
0.115086 0.713514 0.171360 0.000010 0.000010 0.000010 0.000010
0.000010 0.819183 0.180767 0.000010 0.000010 0.000010 0.000010
0.409418 0.000010 0.000010 0.000010 0.590532 0.000010 0.000010
0.341853 0.000010 0.076494 0.000010 0.264325 0.000010 0.317298
0.627832 0.000010 0.000010 0.000010 0.372118 0.000010 0.000010
0.302271 0.015543 0.000010 0.000010 0.282426 0.000010 0.399730
0.694789 0.000010 0.000010 0.000010 0.032383 0.000010 0.272788
0.344129 0.000010 0.000010 0.000010 0.492674 0.000010 0.163157
0.136689 0.000010 0.097498 0.000010 0.765773 0.000010 0.000010
0.442429 0.000010 0.000010 0.000010 0.384345 0.000010 0.173186
0.390043 0.000010 0.000010 0.000010 0.075312 0.000010 0.534605
0.000010 0.000010 0.096576 0.000010 0.120352 0.000010 0.783033
0.738965 0.000010 0.000010 0.000010 0.260985 0.000010 0.000010
0.289777 0.000010 0.091604 0.000010 0.346842 0.000010 0.271747
0.000010 0.000010 0.000010 0.999940 0.000010 0.000010 0.000010
0.584655 0.000010 0.000010 0.000010 0.342981 0.000010 0.072324
0.000010 0.000010 0.000010 0.000010 0.522489 0.000010 0.477461
0.014294 0.000010 0.000010 0.000010 0.548467 0.000010 0.437200
0.300378 0.008549 0.086632 0.000010 0.187550 0.000010 0.416871
0.280888 0.000010 0.116494 0.000010 0.029626 0.000010 0.572962
0.523401 0.000010 0.000010 0.000010 0.350912 0.000010 0.125647
0.000010 0.000010 0.000010 0.000010 0.000010 0.000010 0.999940
0.313800 0.000010 0.000010 0.000010 0.000010 0.000010 0.686150
0.666368 0.000010 0.019386 0.000010 0.000010 0.000010 0.314205
0.120055 0.000010 0.000010 0.000010 0.109134 0.000010 0.770771
0.999940 0.000010 0.000010 0.000010 0.000010 0.000010 0.000010
0.307887 0.000010 0.000010 0.000010 0.255162 0.000010 0.436911
0.519703 0.000010 0.079095 0.000010 0.401162 0.000010 0.000010
0.000010 0.000010 0.000010 0.000010 0.000010 0.000010 0.999940
0.549015 0.000010 0.000010 0.000010 0.000010 0.000010 0.450935
0.999940 0.000010 0.000010 0.000010 0.000010 0.000010 0.000010
0.999940 0.000010 0.000010 0.000010 0.000010 0.000010 0.000010
0.000010 0.000010 0.000010 0.000010 0.152352 0.000010 0.847598
0.376501 0.051310 0.120453 0.000010 0.158221 0.000010 0.293494
0.332411 0.000010 0.000010 0.000010 0.423468 0.000010 0.244081
0.013620 0.678497 0.119277 0.000010 0.000010 0.000010 0.188575
0.253335 0.000010 0.068533 0.000010 0.293806 0.000010 0.384295
0.000010 0.000010 0.000010 0.000010 0.373155 0.000010 0.626795
0.000010 0.000010 0.040971 0.000010 0.287966 0.000010 0.671023
0.191454 0.000010 0.000010 0.000010 0.341833 0.000010 0.466674
0.142811 0.000010 0.000010 0.000010 0.000010 0.000010 0.857139
0.745756 0.000010 0.000010 0.000010 0.254194 0.000010 0.000010
0.343602 0.065919 0.000010 0.000010 0.012326 0.000010 0.578123
0.356398 0.000010 0.104764 0.000010 0.190412 0.000010 0.348396
0.308454 0.000010 0.000010 0.000010 0.250207 0.000010 0.441299
0.319688 0.000010 0.000010 0.000010 0.248154 0.000010 0.432118
0.353715 0.000010 0.197223 0.000010 0.137078 0.000010 0.311954
0.529259 0.000010 0.098139 0.005308 0.000010 0.000010 0.367263
0.454746 0.000010 0.000010 0.000010 0.545204 0.000010 0.000010
0.765841 0.000010 0.000010 0.000010 0.234109 0.000010 0.000010
0.528351 0.074632 0.017951 0.000010 0.379036 0.000010 0.000010
0.405495 0.000010 0.000010 0.000010 0.261146 0.000010 0.333320
0.699306 0.000010 0.000010 0.000733 0.000010 0.000010 0.299921
0.376018 0.000010 0.072744 0.000010 0.342122 0.000010 0.209086
0.167931 0.000010 0.000010 0.000010 0.075337 0.000010 0.756692
0.647364 0.000010 0.001155 0.000010 0.208827 0.000010 0.142624
0.332054 0.000010 0.000010 0.000010 0.372953 0.024150 0.270813
0.334467 0.000010 0.000010 0.000010 0.000010 0.000010 0.665483
0.273681 0.009243 0.000010 0.000010 0.450049 0.000010 0.266997
0.350165 0.000010 0.032808 0.000010 0.438319 0.000010 0.178677
0.167103 0.000010 0.000010 0.000010 0.243052 0.000010 0.589805
0.884377 0.000010 0.000010 0.000010 0.000010 0.000010 0.115573
0.711394 0.000010 0.000010 0.000010 0.288556 0.000010 0.000010
0.999940 0.000010 0.000010 0.000010 0.000010 0.000010 0.000010
0.420835 0.049359 0.000010 0.000010 0.302618 0.000010 0.227158
0.323155 0.021273 0.050073 0.000010 0.321138 0.000010 0.284341
0.000010 0.000010 0.000010 0.000010 0.494493 0.000010 0.505457
0.480917 0.021991 0.000010 0.000010 0.224615 0.000010 0.272447
0.000010 0.000010 0.000010 0.999940 0.000010 0.000010 0.000010
0.228191 0.000010 0.000010 0.000010 0.133754 0.000010 0.638015
0.894473 0.000010 0.000010 0.000010 0.105477 0.000010 0.000010
0.296955 0.000010 0.000010 0.000010 0.048367 0.000010 0.654637
0.286685 0.000010 0.000010 0.000010 0.000010 0.000010 0.713265
0.087639 0.207128 0.000010 0.000010 0.459785 0.000010 0.245418
0.999940 0.000010 0.000010 0.000010 0.000010 0.000010 0.000010
0.197251 0.000010 0.000010 0.000010 0.249450 0.000010 0.553259
0.000010 0.000010 0.000010 0.000010 0.000010 0.000010 0.999940
0.000010 0.000010 0.000010 0.000010 0.000010 0.000010 0.999940
0.000010 0.043788 0.000010 0.000010 0.419554 0.000010 0.536619
0.279777 0.000010 0.000010 0.000010 0.534866 0.000010 0.185317
0.245885 0.000010 0.000010 0.000010 0.201985 0.000010 0.552090
0.077170 0.000010 0.064427 0.000010 0.000010 0.000010 0.858363
0.363342 0.052211 0.008013 0.000344 0.464032 0.000010 0.112047
0.287568 0.000010 0.000010 0.000010 0.198931 0.000010 0.513461
0.000010 0.000010 0.751862 0.000010 0.069989 0.000010 0.178109
0.155843 0.065413 0.750737 0.027976 0.000010 0.000010 0.000010
0.000010 0.001506 0.960803 0.000010 0.029646 0.000010 0.008015
0.094652 0.186689 0.558560 0.000010 0.160068 0.000010 0.000010
0.000010 0.000010 0.912717 0.000010 0.000010 0.000010 0.087233
0.000010 0.000010 0.999940 0.000010 0.000010 0.000010 0.000010
0.000010 0.000010 0.891910 0.000010 0.108040 0.000010 0.000010
0.000010 0.000010 0.940967 0.000010 0.000010 0.000010 0.058983
0.000010 0.376292 0.623658 0.000010 0.000010 0.000010 0.000010
0.117437 0.000010 0.882513 0.000010 0.000010 0.000010 0.000010
0.000010 0.000010 0.907973 0.000010 0.000010 0.000010 0.091977
0.000010 0.108136 0.808093 0.000010 0.083730 0.000010 0.000010
0.000010 0.076692 0.784805 0.000010 0.138463 0.000010 0.000010
0.000010 0.000010 0.999940 0.000010 0.000010 0.000010 0.000010
0.000010 0.000010 0.941535 0.000010 0.058415 0.000010 0.000010
0.000010 0.000010 0.000010 0.999940 0.000010 0.000010 0.000010
0.000010 0.000010 0.758514 0.000010 0.000010 0.000010 0.241436
0.209488 0.000010 0.790462 0.000010 0.000010 0.000010 0.000010
0.246534 0.000010 0.709150 0.000010 0.044276 0.000010 0.000010
0.000010 0.000010 0.858219 0.000010 0.000010 0.000010 0.141731
0.145594 0.319231 0.535135 0.000010 0.000010 0.000010 0.000010
0.000010 0.165111 0.793024 0.000010 0.041825 0.000010 0.000010
0.000010 0.000010 0.866429 0.000010 0.133521 0.000010 0.000010
0.093054 0.000010 0.906896 0.000010 0.000010 0.000010 0.000010
0.000010 0.000010 0.952669 0.000010 0.000010 0.000010 0.047281
0.000010 0.000010 0.757896 0.005908 0.000010 0.000010 0.236156
0.000010 0.000010 0.684748 0.002653 0.312559 0.000010 0.000010
0.000010 0.000010 0.999940 0.000010 0.000010 0.000010 0.000010
0.000010 0.120021 0.691684 0.000010 0.000010 0.000010 0.188255
0.000010 0.000010 0.926227 0.000010 0.000010 0.000010 0.073723
0.000010 0.000010 0.999940 0.000010 0.000010 0.000010 0.000010
0.000010 0.000010 0.999940 0.000010 0.000010 0.000010 0.000010
0.000010 0.000010 0.871891 0.000010 0.128059 0.000010 0.000010
0.000010 0.071655 0.752805 0.000010 0.000010 0.000010 0.175499
0.000010 0.000010 0.790694 0.000010 0.000010 0.000010 0.209256
0.000010 0.000010 0.000010 0.999940 0.000010 0.000010 0.000010
0.000010 0.000010 0.910327 0.000010 0.000010 0.000010 0.089623
0.000010 0.000010 0.999940 0.000010 0.000010 0.000010 0.000010
0.000010 0.000010 0.000010 0.999940 0.000010 0.000010 0.000010
0.000010 0.000010 0.999940 0.000010 0.000010 0.000010 0.000010
0.198160 0.000010 0.801790 0.000010 0.000010 0.000010 0.000010
0.079596 0.000010 0.855156 0.000010 0.000010 0.000010 0.065208
0.000010 0.028687 0.775877 0.000010 0.195395 0.000010 0.000010
0.000010 0.000010 0.952390 0.000010 0.047560 0.000010 0.000010
0.000010 0.066032 0.730932 0.026512 0.040891 0.000010 0.135613
0.122677 0.000010 0.854756 0.022527 0.000010 0.000010 0.000010
0.000010 0.000010 0.000010 0.999940 0.000010 0.000010 0.000010
0.066950 0.000010 0.933000 0.000010 0.000010 0.000010 0.000010
0.000010 0.262965 0.736985 0.000010 0.000010 0.000010 0.000010
0.000010 0.000010 0.999940 0.000010 0.000010 0.000010 0.000010
0.003109 0.000010 0.880307 0.000010 0.116544 0.000010 0.000010
0.000010 0.000010 0.965302 0.000010 0.034648 0.000010 0.000010
0.991472 0.000010 0.008478 0.000010 0.000010 0.000010 0.000010
