0.451195 0.000010 0.548785 0.000010
0.000010 0.999970 0.000010 0.000010
0.467249 0.000010 0.532731 0.000010
0.455280 0.000010 0.544700 0.000010
0.000010 0.000010 0.644669 0.355311
0.000010 0.000010 0.999970 0.000010
0.392823 0.038192 0.568975 0.000010
0.999970 0.000010 0.000010 0.000010
0.837189 0.000010 0.000010 0.162791
0.000010 0.999970 0.000010 0.000010
0.000010 0.000010 0.999970 0.000010
0.000010 0.999970 0.000010 0.000010
0.277418 0.023916 0.698656 0.000010
0.999970 0.000010 0.000010 0.000010
0.000010 0.000010 0.577707 0.422273
0.999970 0.000010 0.000010 0.000010
0.000010 0.950342 0.049638 0.000010
0.000010 0.970641 0.029339 0.000010
0.511394 0.000010 0.000010 0.488586
0.824822 0.000010 0.175158 0.000010
0.999970 0.000010 0.000010 0.000010
0.560010 0.000010 0.439970 0.000010
0.043838 0.956142 0.000010 0.000010
0.000010 0.000010 0.999970 0.000010
0.000010 0.999970 0.000010 0.000010
0.000010 0.000010 0.000010 0.999970
0.000010 0.999970 0.000010 0.000010
0.721568 0.000010 0.000010 0.278412
0.000010 0.999970 0.000010 0.000010
0.000010 0.999970 0.000010 0.000010
0.305871 0.000010 0.694109 0.000010
0.000010 0.000010 0.691706 0.308274
0.999970 0.000010 0.000010 0.000010
0.000010 0.000010 0.999970 0.000010
0.000010 0.999970 0.000010 0.000010
0.999970 0.000010 0.000010 0.000010
0.000010 0.000010 0.559782 0.440198
0.000010 0.000010 0.999970 0.000010
0.000010 0.000010 0.683937 0.316043
0.000010 0.000010 0.999970 0.000010
0.817065 0.000010 0.182915 0.000010
0.999970 0.000010 0.000010 0.000010
0.065645 0.934335 0.000010 0.000010
0.637795 0.000010 0.362185 0.000010
0.999970 0.000010 0.000010 0.000010
0.000010 0.000010 0.000010 0.999970
0.448681 0.000010 0.425195 0.126114
0.999970 0.000010 0.000010 0.000010
0.000010 0.000010 0.999970 0.000010
0.000010 0.999970 0.000010 0.000010
0.000010 0.999970 0.000010 0.000010
0.319499 0.524798 0.155693 0.000010
0.277926 0.000010 0.722054 0.000010
0.000010 0.999970 0.000010 0.000010
0.999970 0.000010 0.000010 0.000010
0.000010 0.000010 0.999970 0.000010
0.545206 0.000010 0.349902 0.104882
0.511124 0.000010 0.227129 0.261737
0.999970 0.000010 0.000010 0.000010
0.920363 0.000010 0.000010 0.079617
0.000010 0.999970 0.000010 0.000010
0.000010 0.000010 0.834622 0.165358
0.445753 0.000010 0.554227 0.000010
0.033040 0.966940 0.000010 0.000010
0.000010 0.000010 0.999970 0.000010
0.000010 0.000010 0.999970 0.000010
0.907520 0.000010 0.000010 0.092460
0.000842 0.999138 0.000010 0.000010
0.002795 0.997185 0.000010 0.000010
0.710810 0.000010 0.289170 0.000010
0.000010 0.999970 0.000010 0.000010
0.000010 0.000010 0.832362 0.167618
0.000010 0.999970 0.000010 0.000010
0.000010 0.999970 0.000010 0.000010
0.000010 0.999970 0.000010 0.000010
0.000010 0.999970 0.000010 0.000010
0.999970 0.000010 0.000010 0.000010
0.000010 0.999970 0.000010 0.000010
0.714310 0.000010 0.000010 0.285670
0.709330 0.000010 0.000010 0.290650
0.000010 0.000010 0.999970 0.000010
0.000010 0.999970 0.000010 0.000010
0.000010 0.000010 0.999970 0.000010
0.000010 0.999970 0.000010 0.000010
0.999970 0.000010 0.000010 0.000010
0.748434 0.000010 0.000010 0.251546
0.493285 0.000010 0.506695 0.000010
0.000010 0.000010 0.000010 0.999970
0.999970 0.000010 0.000010 0.000010
0.000010 0.999970 0.000010 0.000010
0.000010 0.999970 0.000010 0.000010
0.000010 0.000010 0.000010 0.999970
0.000010 0.890080 0.109900 0.000010
0.999970 0.000010 0.000010 0.000010
0.884594 0.000010 0.115386 0.000010
0.000010 0.999970 0.000010 0.000010
0.999970 0.000010 0.000010 0.000010
0.000010 0.999970 0.000010 0.000010
