0.000010 0.000010 0.999980
0.996187 0.003803 0.000010
0.000010 0.999980 0.000010
0.000010 0.446069 0.553921
0.001248 0.000010 0.998742
0.000010 0.000010 0.999980
0.000010 0.405576 0.594414
0.000010 0.168209 0.831781
0.000010 0.000010 0.999980
0.999980 0.000010 0.000010
0.011100 0.600077 0.388823
0.999980 0.000010 0.000010
0.000010 0.999980 0.000010
0.000010 0.000010 0.999980
0.000010 0.000010 0.999980
0.000010 0.000010 0.999980
0.959525 0.000010 0.040465
0.999980 0.000010 0.000010
0.000010 0.530903 0.469087
0.013387 0.986603 0.000010
0.000010 0.529635 0.470355
0.000010 0.497567 0.502423
0.999980 0.000010 0.000010
0.000010 0.000010 0.999980
0.999980 0.000010 0.000010
0.000010 0.999980 0.000010
0.999980 0.000010 0.000010
0.000010 0.999980 0.000010
0.999980 0.000010 0.000010
0.999980 0.000010 0.000010
0.000010 0.418628 0.581362
0.000010 0.348765 0.651225
0.000010 0.276078 0.723912
0.000010 0.000010 0.999980
0.999980 0.000010 0.000010
0.000010 0.770749 0.229241
0.000010 0.224998 0.774992
0.000010 0.462481 0.537509
0.000010 0.436325 0.563665
0.000010 0.000010 0.999980
0.000010 0.552643 0.447347
0.000010 0.999980 0.000010
0.999980 0.000010 0.000010
0.000010 0.000010 0.999980
0.000010 0.000010 0.999980
0.000010 0.999980 0.000010
0.000010 0.283940 0.716050
0.000010 0.478621 0.521369
0.000010 0.000010 0.999980
0.999980 0.000010 0.000010
0.999980 0.000010 0.000010
0.484563 0.000010 0.515427
0.000010 0.000010 0.999980
0.999980 0.000010 0.000010
0.000010 0.450741 0.549249
0.000010 0.258477 0.741513
0.000010 0.999980 0.000010
0.000010 0.257692 0.742298
0.000010 0.000010 0.999980
0.000010 0.486580 0.513410
0.999980 0.000010 0.000010
0.000010 0.000010 0.999980
0.000010 0.441052 0.558938
0.967019 0.000010 0.032971
0.000010 0.000010 0.999980
0.000010 0.000010 0.999980
0.000010 0.999980 0.000010
0.999980 0.000010 0.000010
0.949903 0.000010 0.050087
0.000010 0.642020 0.357970
0.976444 0.000010 0.023546
0.000010 0.565033 0.434957
0.999980 0.000010 0.000010
0.999980 0.000010 0.000010
0.999980 0.000010 0.000010
0.999980 0.000010 0.000010
0.000010 0.307285 0.692705
0.999980 0.000010 0.000010
0.050317 0.133441 0.816241
0.000010 0.999980 0.000010
0.000010 0.000010 0.999980
0.999980 0.000010 0.000010
0.000010 0.715940 0.284050
0.999980 0.000010 0.000010
0.000010 0.000010 0.999980
0.000010 0.999980 0.000010
0.000010 0.000010 0.999980
0.000010 0.000010 0.999980
0.004345 0.000010 0.995645
0.999980 0.000010 0.000010
0.965631 0.034359 0.000010
0.000010 0.640190 0.359800
