0.000010 0.165133 0.000010 0.534061 0.000010 0.000010 0.000010 0.300756
0.203606 0.076652 0.000010 0.577720 0.000010 0.000010 0.141982 0.000010
0.000010 0.000010 0.000010 0.000010 0.999930 0.000010 0.000010 0.000010
0.000010 0.285007 0.000010 0.176831 0.000010 0.000010 0.193907 0.344215
0.000010 0.000010 0.000010 0.000010 0.287669 0.712271 0.000010 0.000010
0.000010 0.408870 0.000010 0.163526 0.000010 0.000010 0.249411 0.178153
0.000010 0.735672 0.000010 0.071160 0.000010 0.000010 0.193118 0.000010
0.000010 0.849172 0.000010 0.150768 0.000010 0.000010 0.000010 0.000010
0.000010 0.000010 0.000010 0.000010 0.999930 0.000010 0.000010 0.000010
0.000010 0.000010 0.174863 0.000010 0.561138 0.263949 0.000010 0.000010
0.000010 0.494678 0.000010 0.505262 0.000010 0.000010 0.000010 0.000010
0.000010 0.000010 0.434992 0.000010 0.564948 0.000010 0.000010 0.000010
0.000010 0.000010 0.000010 0.000010 0.000010 0.000010 0.000010 0.999930
0.000010 0.000010 0.999930 0.000010 0.000010 0.000010 0.000010 0.000010
0.000010 0.000010 0.278812 0.000010 0.650959 0.070179 0.000010 0.000010
0.000010 0.000010 0.000010 0.000010 0.000010 0.000010 0.000010 0.999930
0.000010 0.000010 0.000010 0.000010 0.999930 0.000010 0.000010 0.000010
0.000010 0.000010 0.503186 0.000010 0.496754 0.000010 0.000010 0.000010
0.000010 0.000010 0.000010 0.000010 0.999930 0.000010 0.000010 0.000010
0.000010 0.000010 0.000010 0.000010 0.999930 0.000010 0.000010 0.000010
0.000010 0.000010 0.999930 0.000010 0.000010 0.000010 0.000010 0.000010
0.000010 0.718603 0.000010 0.281337 0.000010 0.000010 0.000010 0.000010
0.000010 0.391123 0.000010 0.380322 0.000010 0.000010 0.228504 0.000010
0.000010 0.000010 0.000010 0.516340 0.000010 0.000010 0.483600 0.000010
0.000010 0.000010 0.000010 0.000010 0.000010 0.000010 0.999930 0.000010
0.111845 0.527103 0.000010 0.000010 0.000010 0.000010 0.361002 0.000010
0.028980 0.418481 0.000010 0.000010 0.000010 0.000010 0.552489 0.000010
0.000010 0.252117 0.000010 0.000010 0.000010 0.000010 0.747823 0.000010
0.077025 0.847664 0.000010 0.042904 0.000010 0.000010 0.032367 0.000010
0.000010 0.999930 0.000010 0.000010 0.000010 0.000010 0.000010 0.000010
0.000010 0.481463 0.000010 0.028181 0.000010 0.000010 0.389594 0.100722
0.215631 0.784309 0.000010 0.000010 0.000010 0.000010 0.000010 0.000010
0.000010 0.790931 0.000010 0.209009 0.000010 0.000010 0.000010 0.000010
0.000010 0.692147 0.000010 0.000010 0.000010 0.000010 0.307793 0.000010
0.000010 0.369438 0.000010 0.166336 0.000010 0.000010 0.251350 0.212836
0.000010 0.321561 0.000010 0.139531 0.000010 0.000010 0.538859 0.000010
0.000010 0.738322 0.000010 0.000010 0.000010 0.000010 0.261618 0.000010
0.999930 0.000010 0.000010 0.000010 0.000010 0.000010 0.000010 0.000010
0.999930 0.000010 0.000010 0.000010 0.000010 0.000010 0.000010 0.000010
0.000010 0.456239 0.000010 0.095703 0.000010 0.000010 0.448008 0.000010
0.000010 0.707989 0.000010 0.000010 0.000010 0.000010 0.291951 0.000010
0.000010 0.000010 0.000010 0.999930 0.000010 0.000010 0.000010 0.000010
0.000010 0.000010 0.000010 0.000010 0.000010 0.000010 0.999930 0.000010
0.000010 0.651899 0.000010 0.348041 0.000010 0.000010 0.000010 0.000010
0.192781 0.000010 0.000010 0.731715 0.000010 0.000010 0.048740 0.026724
0.000010 0.408634 0.000010 0.591306 0.000010 0.000010 0.000010 0.000010
0.000010 0.013430 0.000010 0.572859 0.000010 0.000010 0.413661 0.000010
0.999930 0.000010 0.000010 0.000010 0.000010 0.000010 0.000010 0.000010
0.000010 0.000010 0.000010 0.999930 0.000010 0.000010 0.000010 0.000010
0.999930 0.000010 0.000010 0.000010 0.000010 0.000010 0.000010 0.000010
0.000010 0.000010 0.255005 0.000010 0.000010 0.744935 0.000010 0.000010
0.000010 0.000010 0.000010 0.000010 0.000010 0.999930 0.000010 0.000010
0.000010 0.000010 0.217448 0.000010 0.003986 0.778516 0.000010 0.000010
0.228442 0.056312 0.000010 0.427636 0.000010 0.000010 0.233171 0.054408
0.451771 0.000010 0.000010 0.227428 0.000010 0.000010 0.247866 0.072896
0.000010 0.000010 0.000010 0.999930 0.000010 0.000010 0.000010 0.000010
0.116952 0.113569 0.000010 0.434987 0.000010 0.000010 0.334452 0.000010
0.000010 0.000010 0.000010 0.110645 0.000010 0.000010 0.889295 0.000010
0.000010 0.000010 0.000010 0.000010 0.000010 0.000010 0.999930 0.000010
0.000010 0.000010 0.000010 0.000010 0.000010 0.999930 0.000010 0.000010
0.541555 0.000010 0.000010 0.000010 0.000010 0.000010 0.000010 0.458385
0.193690 0.045859 0.000010 0.506282 0.000010 0.000010 0.222982 0.031156
0.000010 0.000010 0.000010 0.999930 0.000010 0.000010 0.000010 0.000010
0.000010 0.092538 0.000010 0.711327 0.000010 0.000010 0.196085 0.000010
0.000010 0.000010 0.000010 0.999930 0.000010 0.000010 0.000010 0.000010
0.351183 0.000010 0.000010 0.000010 0.000010 0.000010 0.648757 0.000010
0.000010 0.178167 0.000010 0.308586 0.000010 0.000010 0.513197 0.000010
0.000010 0.058011 0.000010 0.451234 0.000010 0.000010 0.429632 0.061084
0.000010 0.000010 0.000010 0.835183 0.000010 0.000010 0.164757 0.000010
0.215294 0.000010 0.000010 0.536113 0.000010 0.000010 0.248542 0.000010
0.325349 0.056262 0.000010 0.320614 0.000010 0.000010 0.244678 0.053067
0.000010 0.057036 0.000010 0.651495 0.000010 0.000010 0.291419 0.000010
0.020661 0.197681 0.000010 0.330542 0.000010 0.000010 0.451076 0.000010
0.000010 0.000010 0.000010 0.000010 0.000010 0.000010 0.999930 0.000010
0.000010 0.000010 0.000010 0.905516 0.000010 0.000010 0.094424 0.000010
0.000010 0.000010 0.273118 0.000010 0.035775 0.691057 0.000010 0.000010
0.999930 0.000010 0.000010 0.000010 0.000010 0.000010 0.000010 0.000010
0.386926 0.009491 0.000010 0.311407 0.000010 0.000010 0.292136 0.000010
0.435701 0.000010 0.000010 0.000010 0.000010 0.000010 0.000010 0.564239
0.860190 0.000010 0.000010 0.139750 0.000010 0.000010 0.000010 0.000010
0.000010 0.000010 0.589304 0.000010 0.000010 0.410636 0.000010 0.000010
0.000010 0.000010 0.000010 0.999930 0.000010 0.000010 0.000010 0.000010
0.000010 0.000010 0.000010 0.999930 0.000010 0.000010 0.000010 0.000010
0.105685 0.065416 0.000010 0.259172 0.000010 0.000010 0.512694 0.057003
0.000010 0.000010 0.000010 0.999930 0.000010 0.000010 0.000010 0.000010
0.000010 0.113057 0.000010 0.000010 0.000010 0.000010 0.886883 0.000010
0.000010 0.000010 0.000010 0.000010 0.000010 0.999930 0.000010 0.000010
0.999930 0.000010 0.000010 0.000010 0.000010 0.000010 0.000010 0.000010
0.516587 0.053932 0.000010 0.003262 0.000010 0.000010 0.186934 0.239255
0.999930 0.000010 0.000010 0.000010 0.000010 0.000010 0.000010 0.000010
0.999924 0.000010 0.000010 0.000010 0.000010 0.000016 0.000010 0.000010
0.000010 0.000010 0.204112 0.000010 0.055408 0.740430 0.000010 0.000010
0.000010 0.000010 0.476458 0.000010 0.000010 0.523482 0.000010 0.000010
0.850087 0.000010 0.000010 0.000010 0.000010 0.000010 0.000010 0.149853
0.110821 0.000010 0.000010 0.662972 0.000010 0.000010 0.226158 0.000010
0.999930 0.000010 0.000010 0.000010 0.000010 0.000010 0.000010 0.000010
0.125234 0.000010 0.000010 0.474582 0.000010 0.000010 0.400133 0.000010
0.000010 0.079638 0.000010 0.291435 0.000010 0.000010 0.598263 0.030623
0.101074 0.000010 0.000010 0.227261 0.000010 0.000010 0.142783 0.528842
0.000010 0.000010 0.556586 0.000010 0.000010 0.443354 0.000010 0.000010
0.000010 0.000010 0.999930 0.000010 0.000010 0.000010 0.000010 0.000010
0.000010 0.000010 0.512814 0.000010 0.000010 0.487126 0.000010 0.000010
0.000010 0.000010 0.999930 0.000010 0.000010 0.000010 0.000010 0.000010
0.000010 0.000010 0.000010 0.000010 0.000010 0.000010 0.000010 0.999930
0.000010 0.000010 0.000010 0.000010 0.000010 0.999930 0.000010 0.000010
0.000010 0.000010 0.000010 0.000010 0.000010 0.999930 0.000010 0.000010
0.000010 0.000010 0.000010 0.000010 0.000010 0.999930 0.000010 0.000010
0.000010 0.000010 0.000010 0.000010 0.000010 0.999930 0.000010 0.000010
0.000010 0.999930 0.000010 0.000010 0.000010 0.000010 0.000010 0.000010
0.059225 0.907138 0.000010 0.000010 0.000010 0.000010 0.033587 0.000010
0.000010 0.999930 0.000010 0.000010 0.000010 0.000010 0.000010 0.000010
0.160357 0.356864 0.000010 0.000010 0.000010 0.000010 0.398757 0.083982
0.000010 0.641771 0.000010 0.358169 0.000010 0.000010 0.000010 0.000010
0.053927 0.256219 0.000010 0.000010 0.000010 0.000010 0.414695 0.275119
0.000010 0.605071 0.000010 0.394869 0.000010 0.000010 0.000010 0.000010
0.000010 0.368115 0.000010 0.195105 0.000010 0.000010 0.414391 0.022348
0.000010 0.524392 0.000010 0.218010 0.000010 0.000010 0.257548 0.000010
0.000010 0.939664 0.000010 0.060276 0.000010 0.000010 0.000010 0.000010
0.000010 0.000010 0.000010 0.000010 0.000010 0.000010 0.999930 0.000010
0.000010 0.690636 0.000010 0.000010 0.000010 0.000010 0.309304 0.000010
0.177175 0.416645 0.000010 0.108860 0.000010 0.000010 0.297280 0.000010
