0.788857 0.000010 0.211133
0.777661 0.000010 0.222329
0.000010 0.999980 0.000010
0.704690 0.000010 0.295300
0.000010 0.999980 0.000010
0.840861 0.000010 0.159129
0.999980 0.000010 0.000010
0.999980 0.000010 0.000010
0.000010 0.999980 0.000010
0.000010 0.999980 0.000010
0.999980 0.000010 0.000010
0.000014 0.999976 0.000010
0.000010 0.000010 0.999980
0.000010 0.999980 0.000010
0.000010 0.999980 0.000010
0.000010 0.000010 0.999980
0.000010 0.999980 0.000010
0.000010 0.999980 0.000010
0.000010 0.999980 0.000010
0.000010 0.999980 0.000010
0.000010 0.999980 0.000010
0.999980 0.000010 0.000010
0.999980 0.000010 0.000010
0.999980 0.000010 0.000010
0.895450 0.000010 0.104540
0.864361 0.000010 0.135629
0.951237 0.000010 0.048753
0.999980 0.000010 0.000010
0.925196 0.000010 0.074794
0.999980 0.000010 0.000010
0.921697 0.000010 0.078293
0.753789 0.000010 0.246201
0.999980 0.000010 0.000010
0.999980 0.000010 0.000010
0.803125 0.000010 0.196865
0.993800 0.000010 0.006190
0.999980 0.000010 0.000010
0.000010 0.000010 0.999980
0.000010 0.000010 0.999980
0.999980 0.000010 0.000010
0.999980 0.000010 0.000010
0.999980 0.000010 0.000010
0.999980 0.000010 0.000010
0.999980 0.000010 0.000010
0.772589 0.000010 0.227401
0.999980 0.000010 0.000010
0.999980 0.000010 0.000010
0.000010 0.000010 0.999980
0.999980 0.000010 0.000010
0.000010 0.000010 0.999980
0.000010 0.999980 0.000010
0.000010 0.999980 0.000010
0.000010 0.999980 0.000010
0.702405 0.000010 0.297585
0.453955 0.000010 0.546035
0.999980 0.000010 0.000010
0.868522 0.000010 0.131468
0.999980 0.000010 0.000010
0.999980 0.000010 0.000010
0.000010 0.999980 0.000010
0.000010 0.000010 0.999980
0.770528 0.000010 0.229462
0.999980 0.000010 0.000010
0.999980 0.000010 0.000010
0.992139 0.000010 0.007851
0.624604 0.000010 0.375386
0.999980 0.000010 0.000010
0.933800 0.000010 0.066190
0.978815 0.000010 0.021175
0.767369 0.000010 0.232621
0.599502 0.000010 0.400488
0.999980 0.000010 0.000010
0.962899 0.000010 0.037091
0.971099 0.000010 0.028891
0.974093 0.000010 0.025897
0.000010 0.999980 0.000010
0.000010 0.000010 0.999980
0.589204 0.000010 0.410786
0.000010 0.000010 0.999980
0.107786 0.000010 0.892204
0.000010 0.999980 0.000010
0.999980 0.000010 0.000010
0.999980 0.000010 0.000010
0.827244 0.000010 0.172746
0.931159 0.000010 0.068831
0.999980 0.000010 0.000010
0.000010 0.999980 0.000010
0.000010 0.000010 0.999980
0.253794 0.000010 0.746196
0.000010 0.000010 0.999980
0.000010 0.000010 0.999980
0.000010 0.999980 0.000010
0.000010 0.999980 0.000010
0.000010 0.000010 0.999980
0.878735 0.000010 0.121255
0.000010 0.000010 0.999980
0.851446 0.000010 0.148544
0.975722 0.000010 0.024268
0.446142 0.000010 0.553848
0.000010 0.999980 0.000010
0.000010 0.999980 0.000010
0.000010 0.999980 0.000010
0.000010 0.999980 0.000010
0.224918 0.000010 0.775072
0.000010 0.999980 0.000010
0.000010 0.999980 0.000010
0.000010 0.999980 0.000010
0.000010 0.999980 0.000010
0.999980 0.000010 0.000010
0.933564 0.000010 0.066426
0.999980 0.000010 0.000010
0.761142 0.000010 0.238848
0.999980 0.000010 0.000010
0.692111 0.000010 0.307879
0.999980 0.000010 0.000010
0.999980 0.000010 0.000010
0.999980 0.000010 0.000010
0.982956 0.000010 0.017034
0.975351 0.000010 0.024639
0.951317 0.000010 0.048673
0.815145 0.000010 0.184845
