0.000010 0.000010 0.999970 0.000010
0.000010 0.999970 0.000010 0.000010
0.999970 0.000010 0.000010 0.000010
0.999970 0.000010 0.000010 0.000010
0.000010 0.000017 0.999963 0.000010
0.000010 0.000010 0.999970 0.000010
0.999970 0.000010 0.000010 0.000010
0.552829 0.000010 0.447151 0.000010
0.421256 0.000010 0.578724 0.000010
0.000010 0.999970 0.000010 0.000010
0.481212 0.000010 0.518768 0.000010
0.000010 0.999970 0.000010 0.000010
0.671732 0.000010 0.328248 0.000010
0.999968 0.000010 0.000012 0.000010
0.357500 0.000010 0.642480 0.000010
0.000010 0.000010 0.999970 0.000010
0.000010 0.999970 0.000010 0.000010
0.033139 0.966841 0.000010 0.000010
0.000010 0.000010 0.999970 0.000010
0.999970 0.000010 0.000010 0.000010
0.623681 0.000010 0.376299 0.000010
0.000010 0.000010 0.999970 0.000010
0.000010 0.999970 0.000010 0.000010
0.000010 0.000010 0.999970 0.000010
0.000010 0.999970 0.000010 0.000010
0.999970 0.000010 0.000010 0.000010
0.000010 0.999970 0.000010 0.000010
0.999970 0.000010 0.000010 0.000010
0.000010 0.999970 0.000010 0.000010
0.000010 0.999970 0.000010 0.000010
0.999970 0.000010 0.000010 0.000010
0.000010 0.000010 0.999970 0.000010
0.529106 0.000010 0.470874 0.000010
0.230789 0.000010 0.769191 0.000010
0.000010 0.999970 0.000010 0.000010
0.493159 0.000010 0.506821 0.000010
0.999970 0.000010 0.000010 0.000010
0.425186 0.000010 0.574794 0.000010
0.649067 0.000010 0.350913 0.000010
0.000010 0.000010 0.999970 0.000010
0.339624 0.013638 0.646728 0.000010
0.867841 0.000010 0.132139 0.000010
0.000010 0.999970 0.000010 0.000010
0.253446 0.000010 0.746534 0.000010
0.999970 0.000010 0.000010 0.000010
0.000010 0.000010 0.000010 0.999970
0.999970 0.000010 0.000010 0.000010
0.000010 0.038989 0.925025 0.035976
0.720664 0.000010 0.279316 0.000010
0.000010 0.999970 0.000010 0.000010
0.000010 0.999970 0.000010 0.000010
0.000010 0.467336 0.532644 0.000010
0.000010 0.000010 0.999970 0.000010
0.000010 0.999970 0.000010 0.000010
0.466209 0.000010 0.416838 0.116943
0.000010 0.000010 0.999970 0.000010
0.957684 0.000010 0.000010 0.042296
0.999970 0.000010 0.000010 0.000010
0.636458 0.000010 0.363522 0.000010
0.999970 0.000010 0.000010 0.000010
0.000010 0.999970 0.000010 0.000010
0.000010 0.000010 0.999970 0.000010
0.663988 0.000010 0.335992 0.000010
0.000010 0.999970 0.000010 0.000010
0.000010 0.000010 0.999970 0.000010
0.000010 0.000010 0.999970 0.000010
0.999970 0.000010 0.000010 0.000010
0.031107 0.968873 0.000010 0.000010
0.000010 0.924411 0.075569 0.000010
0.999970 0.000010 0.000010 0.000010
0.000010 0.943470 0.056510 0.000010
0.956796 0.043184 0.000010 0.000010
0.000010 0.999970 0.000010 0.000010
0.000010 0.999970 0.000010 0.000010
0.000010 0.636020 0.000010 0.363960
0.000010 0.999970 0.000010 0.000010
0.999970 0.000010 0.000010 0.000010
0.000010 0.999970 0.000010 0.000010
0.000010 0.000010 0.999970 0.000010
0.999970 0.000010 0.000010 0.000010
0.000010 0.000010 0.999970 0.000010
0.000010 0.999970 0.000010 0.000010
0.790006 0.000010 0.209974 0.000010
0.000010 0.999970 0.000010 0.000010
0.000010 0.000010 0.999970 0.000010
0.567069 0.000010 0.432911 0.000010
0.409643 0.000010 0.590337 0.000010
0.741097 0.000010 0.258883 0.000010
0.579273 0.032316 0.388401 0.000010
0.000010 0.999970 0.000010 0.000010
0.000010 0.999970 0.000010 0.000010
0.999970 0.000010 0.000010 0.000010
0.000010 0.999970 0.000010 0.000010
0.456542 0.022403 0.521045 0.000010
0.376183 0.000010 0.623797 0.000010
0.000010 0.999970 0.000010 0.000010
0.999970 0.000010 0.000010 0.000010
0.000010 0.999970 0.000010 0.000010
