0.000010 0.999980 0.000010
0.999980 0.000010 0.000010
0.000010 0.000010 0.999980
0.000010 0.246181 0.753809
0.000010 0.000010 0.999980
0.000010 0.304739 0.695251
0.004487 0.000010 0.995503
0.000010 0.999980 0.000010
0.000010 0.999980 0.000010
0.999980 0.000010 0.000010
0.000010 0.000010 0.999980
0.999980 0.000010 0.000010
0.000010 0.417696 0.582294
0.000010 0.000010 0.999980
0.000010 0.195869 0.804121
0.000010 0.000010 0.999980
0.999980 0.000010 0.000010
0.976995 0.000010 0.022995
0.000010 0.815682 0.184308
0.000010 0.000010 0.999980
0.000010 0.999980 0.000010
0.000010 0.815679 0.184311
0.999980 0.000010 0.000010
0.000010 0.415053 0.584937
0.999980 0.000010 0.000010
0.000010 0.436489 0.563501
0.999980 0.000010 0.000010
0.000010 0.000010 0.999980
0.999980 0.000010 0.000010
0.999980 0.000010 0.000010
0.000010 0.000010 0.999980
0.000010 0.999980 0.000010
0.000010 0.349426 0.650564
0.000010 0.473609 0.526381
0.999980 0.000010 0.000010
0.000010 0.000010 0.999980
0.000010 0.000010 0.999980
0.000010 0.000010 0.999980
0.000010 0.000010 0.999980
0.000010 0.000010 0.999980
0.000010 0.999980 0.000010
0.000010 0.629427 0.370563
0.999980 0.000010 0.000010
0.000010 0.999980 0.000010
0.000010 0.000010 0.999980
0.000010 0.999980 0.000010
0.000010 0.000010 0.999980
0.023671 0.583620 0.392709
0.000010 0.000010 0.999980
0.999980 0.000010 0.000010
0.999980 0.000010 0.000010
0.494387 0.059873 0.445741
0.012025 0.397828 0.590147
0.999980 0.000010 0.000010
0.026913 0.000010 0.973077
0.000010 0.999980 0.000010
0.000010 0.999980 0.000010
0.000010 0.320036 0.679954
0.000010 0.000010 0.999980
0.000010 0.000010 0.999980
0.999980 0.000010 0.000010
0.000010 0.472707 0.527283
0.000010 0.999980 0.000010
0.999980 0.000010 0.000010
0.000010 0.000010 0.999980
0.000010 0.203641 0.796349
0.000010 0.357327 0.642663
0.988079 0.000010 0.011911
0.915655 0.000010 0.084335
0.000010 0.000010 0.999980
0.950914 0.049076 0.000010
0.032640 0.449426 0.517934
0.999980 0.000010 0.000010
0.999980 0.000010 0.000010
0.999980 0.000010 0.000010
0.999980 0.000010 0.000010
0.000010 0.000010 0.999980
0.999980 0.000010 0.000010
0.000010 0.000010 0.999980
0.000010 0.000010 0.999980
0.000010 0.000010 0.999980
0.999980 0.000010 0.000010
0.000010 0.999980 0.000010
0.999980 0.000010 0.000010
0.000010 0.000010 0.999980
0.000010 0.000010 0.999980
0.000010 0.000010 0.999980
0.000010 0.999980 0.000010
0.028360 0.287191 0.684449
0.999980 0.000010 0.000010
0.999980 0.000010 0.000010
0.000010 0.000010 0.999980
0.999980 0.000010 0.000010
0.000010 0.705058 0.294932
0.000010 0.325094 0.674896
0.999980 0.000010 0.000010
0.000010 0.000010 0.999980
0.999980 0.000010 0.000010
