0.000010 0.000010 0.394257 0.089406 0.000010 0.000010 0.000010 0.379312 0.000010 0.136965
0.000010 0.000010 0.000010 0.000010 0.999910 0.000010 0.000010 0.000010 0.000010 0.000010
0.000010 0.000010 0.587241 0.138871 0.000010 0.000010 0.273819 0.000010 0.000010 0.000010
0.000010 0.000010 0.438575 0.000010 0.000010 0.000010 0.247643 0.313712 0.000010 0.000010
0.231687 0.000010 0.235705 0.162854 0.000010 0.000010 0.174832 0.000010 0.000010 0.194872
0.278413 0.000010 0.000010 0.000010 0.000010 0.000010 0.721507 0.000010 0.000010 0.000010
0.198822 0.000010 0.000010 0.157525 0.000010 0.111972 0.494433 0.000010 0.000010 0.037199
0.000010 0.000010 0.690626 0.085745 0.000010 0.000010 0.223559 0.000010 0.000010 0.000010
0.000010 0.000010 0.000010 0.000010 0.000010 0.000010 0.634023 0.258108 0.000010 0.107800
0.000010 0.999910 0.000010 0.000010 0.000010 0.000010 0.000010 0.000010 0.000010 0.000010
0.000010 0.999910 0.000010 0.000010 0.000010 0.000010 0.000010 0.000010 0.000010 0.000010
0.000010 0.000010 0.404877 0.080131 0.000010 0.000010 0.000010 0.460717 0.000010 0.054215
0.000010 0.000010 0.000010 0.000010 0.000010 0.999910 0.000010 0.000010 0.000010 0.000010
0.236710 0.000010 0.000010 0.000010 0.000010 0.000010 0.687691 0.000010 0.000010 0.075529
0.999910 0.000010 0.000010 0.000010 0.000010 0.000010 0.000010 0.000010 0.000010 0.000010
0.000010 0.000010 0.000010 0.000010 0.000010 0.000010 0.923218 0.000010 0.000010 0.076702
0.999910 0.000010 0.000010 0.000010 0.000010 0.000010 0.000010 0.000010 0.000010 0.000010
0.239598 0.000010 0.668005 0.000010 0.016197 0.000010 0.000010 0.076140 0.000010 0.000010
0.000010 0.000010 0.000010 0.000010 0.234222 0.721238 0.000010 0.000010 0.000010 0.044470
0.000010 0.102536 0.000010 0.000010 0.000010 0.897384 0.000010 0.000010 0.000010 0.000010
0.000010 0.000010 0.000010 0.000010 0.000010 0.999910 0.000010 0.000010 0.000010 0.000010
0.000010 0.000010 0.000010 0.999910 0.000010 0.000010 0.000010 0.000010 0.000010 0.000010
0.000010 0.000010 0.000010 0.999910 0.000010 0.000010 0.000010 0.000010 0.000010 0.000010
0.000010 0.000010 0.000010 0.999910 0.000010 0.000010 0.000010 0.000010 0.000010 0.000010
0.000010 0.000010 0.000010 0.999910 0.000010 0.000010 0.000010 0.000010 0.000010 0.000010
0.024626 0.000010 0.853245 0.000010 0.000010 0.000010 0.000010 0.000010 0.000010 0.122059
0.123197 0.008059 0.108563 0.076374 0.030783 0.000010 0.493385 0.159609 0.000010 0.000010
0.441272 0.000010 0.000010 0.100063 0.000010 0.000010 0.000010 0.458595 0.000010 0.000010
0.000010 0.208112 0.057711 0.032384 0.240615 0.461128 0.000010 0.000010 0.000010 0.000010
0.000010 0.000010 0.000010 0.093166 0.000010 0.000010 0.843742 0.000010 0.000010 0.063022
0.000010 0.000010 0.000010 0.000010 0.000010 0.999910 0.000010 0.000010 0.000010 0.000010
0.136401 0.067524 0.343277 0.000010 0.000010 0.000010 0.237829 0.123139 0.000010 0.091790
0.000010 0.000010 0.000010 0.000010 0.999910 0.000010 0.000010 0.000010 0.000010 0.000010
0.027815 0.000010 0.722590 0.067406 0.000010 0.000010 0.182129 0.000010 0.000010 0.000010
0.000010 0.000010 0.000010 0.000010 0.000010 0.000010 0.000010 0.000010 0.999910 0.000010
0.000010 0.000010 0.000010 0.000010 0.793382 0.206538 0.000010 0.000010 0.000010 0.000010
0.000010 0.114024 0.000010 0.000010 0.501629 0.384277 0.000010 0.000010 0.000010 0.000010
0.222432 0.056305 0.000010 0.153767 0.000010 0.000010 0.520923 0.000500 0.000010 0.046033
0.000010 0.000010 0.000010 0.000010 0.000010 0.000010 0.999910 0.000010 0.000010 0.000010
0.000010 0.000010 0.684494 0.000010 0.000010 0.000010 0.293597 0.000010 0.000010 0.021840
0.215990 0.000010 0.000010 0.000010 0.000010 0.000010 0.000010 0.587705 0.000010 0.196235
0.122175 0.012611 0.447355 0.000010 0.000010 0.000010 0.001194 0.373120 0.000010 0.043505
0.000010 0.072707 0.000010 0.045561 0.376166 0.505505 0.000010 0.000010 0.000010 0.000010
0.182056 0.000010 0.000010 0.000010 0.000010 0.000010 0.790273 0.000010 0.000010 0.027602
0.166268 0.114851 0.291597 0.205668 0.000010 0.000010 0.000010 0.221566 0.000010 0.000010
0.000010 0.061653 0.000010 0.025124 0.000010 0.000010 0.472526 0.440637 0.000010 0.000010
0.000010 0.000010 0.720657 0.000010 0.000010 0.000010 0.000010 0.193060 0.000010 0.086213
0.181241 0.000010 0.698802 0.107692 0.000010 0.000010 0.000010 0.012205 0.000010 0.000010
0.030354 0.000010 0.149288 0.048147 0.056036 0.000010 0.419779 0.176847 0.000010 0.119519
0.199333 0.000010 0.349310 0.000010 0.000010 0.000010 0.076933 0.296747 0.000010 0.077627
0.000010 0.314169 0.000010 0.000010 0.685751 0.000010 0.000010 0.000010 0.000010 0.000010
0.197905 0.000010 0.000010 0.098417 0.000010 0.057306 0.429787 0.163423 0.000010 0.053122
0.000010 0.000010 0.000010 0.000010 0.000010 0.000010 0.810709 0.189211 0.000010 0.000010
0.088799 0.034382 0.201332 0.000010 0.000010 0.000010 0.376780 0.034879 0.188888 0.074910
0.000010 0.000010 0.000010 0.000010 0.000010 0.000010 0.531089 0.390588 0.000010 0.078253
0.000010 0.000010 0.000010 0.000010 0.999910 0.000010 0.000010 0.000010 0.000010 0.000010
0.000010 0.000010 0.000010 0.045618 0.000010 0.000010 0.208283 0.728005 0.000010 0.018034
0.000010 0.000010 0.000010 0.000010 0.000010 0.000010 0.000010 0.000012 0.000010 0.999908
0.000010 0.000010 0.000010 0.000010 0.000010 0.000010 0.000010 0.000010 0.000010 0.999910
0.076702 0.173775 0.000010 0.000010 0.572716 0.176746 0.000010 0.000010 0.000010 0.000010
0.000010 0.000010 0.000010 0.000010 0.000010 0.999910 0.000010 0.000010 0.000010 0.000010
0.000010 0.025726 0.457421 0.000010 0.483748 0.000010 0.000010 0.000010 0.000010 0.033045
0.152882 0.000010 0.717047 0.051218 0.000010 0.032530 0.000010 0.000010 0.000010 0.046274
0.000010 0.000010 0.000010 0.000010 0.626588 0.373332 0.000010 0.000010 0.000010 0.000010
0.314630 0.000010 0.000010 0.073365 0.000010 0.000010 0.593377 0.000010 0.000010 0.018568
0.000010 0.000010 0.171992 0.000010 0.000010 0.000010 0.675875 0.152063 0.000010 0.000010
0.000010 0.000010 0.255412 0.000010 0.000010 0.011916 0.545376 0.000010 0.000010 0.187236
0.000010 0.000010 0.999910 0.000010 0.000010 0.000010 0.000010 0.000010 0.000010 0.000010
0.123828 0.000010 0.595002 0.168857 0.000010 0.000010 0.112252 0.000010 0.000010 0.000010
0.428438 0.000010 0.087915 0.000010 0.000010 0.000010 0.393585 0.089464 0.000010 0.000549
0.000010 0.159054 0.000010 0.000010 0.000010 0.840866 0.000010 0.000010 0.000010 0.000010
0.004614 0.004851 0.366406 0.018414 0.000010 0.000010 0.605665 0.000010 0.000010 0.000010
0.000010 0.000010 0.627105 0.011799 0.000010 0.000010 0.000010 0.357030 0.000010 0.004006
0.000010 0.186434 0.000010 0.000010 0.699703 0.113793 0.000010 0.000010 0.000010 0.000010
0.062125 0.000010 0.297262 0.068190 0.000010 0.000010 0.572362 0.000010 0.000010 0.000010
0.327674 0.000010 0.000010 0.143089 0.000010 0.034626 0.494551 0.000010 0.000010 0.000010
0.561434 0.000010 0.283796 0.072905 0.000010 0.000010 0.000010 0.000010 0.000010 0.081804
0.000010 0.251072 0.000010 0.000010 0.547056 0.160758 0.000010 0.041053 0.000010 0.000010
0.000010 0.133478 0.015602 0.000010 0.818411 0.000010 0.000010 0.000010 0.000010 0.032448
0.000010 0.000010 0.530161 0.000010 0.000010 0.000010 0.170828 0.235952 0.000010 0.062999
0.128149 0.375750 0.000010 0.000010 0.000010 0.496031 0.000010 0.000010 0.000010 0.000010
0.000010 0.000010 0.000010 0.000010 0.000010 0.999910 0.000010 0.000010 0.000010 0.000010
0.000010 0.000010 0.000010 0.000010 0.000010 0.000010 0.000010 0.999910 0.000010 0.000010
0.000010 0.000010 0.000010 0.000010 0.000010 0.000010 0.000010 0.999910 0.000010 0.000010
0.000010 0.000010 0.000010 0.000010 0.000010 0.999910 0.000010 0.000010 0.000010 0.000010
0.000010 0.395784 0.000010 0.000010 0.604136 0.000010 0.000010 0.000010 0.000010 0.000010
0.000010 0.186264 0.000010 0.000010 0.317691 0.349554 0.000010 0.000010 0.146432 0.000010
0.000010 0.000010 0.000010 0.000010 0.999910 0.000010 0.000010 0.000010 0.000010 0.000010
0.275048 0.000010 0.000010 0.081337 0.000010 0.000010 0.643545 0.000010 0.000010 0.000010
0.000010 0.000010 0.000010 0.000010 0.999910 0.000010 0.000010 0.000010 0.000010 0.000010
0.000010 0.000010 0.000010 0.000010 0.000010 0.000010 0.960221 0.000010 0.000010 0.039699
0.000010 0.000010 0.000010 0.352807 0.000010 0.000010 0.000010 0.481871 0.000010 0.165252
0.130133 0.000010 0.318678 0.084561 0.000010 0.000010 0.466568 0.000010 0.000010 0.000010
0.000010 0.085722 0.148708 0.000010 0.737376 0.028134 0.000010 0.000010 0.000010 0.000010
0.000010 0.000010 0.000010 0.000010 0.000010 0.000010 0.999910 0.000010 0.000010 0.000010
0.000010 0.000010 0.000010 0.000010 0.583952 0.415968 0.000010 0.000010 0.000010 0.000010
0.000010 0.000010 0.999910 0.000010 0.000010 0.000010 0.000010 0.000010 0.000010 0.000010
0.000010 0.000010 0.823307 0.176613 0.000010 0.000010 0.000010 0.000010 0.000010 0.000010
0.000010 0.000010 0.364366 0.249604 0.000010 0.000010 0.385960 0.000010 0.000010 0.000010
0.136874 0.000010 0.000010 0.000010 0.000010 0.000010 0.000010 0.863046 0.000010 0.000010
0.134982 0.000010 0.000010 0.042789 0.000010 0.051799 0.460594 0.000010 0.000010 0.309786
0.000010 0.032994 0.000010 0.000010 0.437396 0.529541 0.000010 0.000010 0.000010 0.000010
0.000010 0.000010 0.000010 0.000010 0.000010 0.999910 0.000010 0.000010 0.000010 0.000010
0.000010 0.000010 0.000010 0.000010 0.000010 0.000010 0.000010 0.000010 0.000010 0.999910
0.281743 0.000010 0.489107 0.000010 0.000010 0.000010 0.182879 0.046212 0.000010 0.000010
0.000010 0.110332 0.000010 0.000010 0.889588 0.000010 0.000010 0.000010 0.000010 0.000010
0.087441 0.015748 0.390674 0.000010 0.000010 0.081331 0.000010 0.365840 0.000010 0.058926
0.131069 0.000010 0.025231 0.066892 0.000010 0.000010 0.614054 0.162703 0.000010 0.000010
0.000010 0.009976 0.000010 0.000010 0.640550 0.349405 0.000010 0.000010 0.000010 0.000010
0.000010 0.000010 0.878797 0.105951 0.000010 0.000010 0.000010 0.000010 0.000010 0.015182
0.000010 0.276905 0.000010 0.000010 0.000010 0.621752 0.024028 0.077254 0.000010 0.000010
