0.663405 0.000010 0.066688 0.269877 0.000010 0.000010
0.000010 0.000010 0.000010 0.000010 0.000010 0.999950
0.864870 0.000010 0.135090 0.000010 0.000010 0.000010
0.899218 0.000010 0.000010 0.100742 0.000010 0.000010
0.415968 0.000010 0.193929 0.390074 0.000010 0.000010
0.660295 0.000010 0.000010 0.339665 0.000010 0.000010
0.171555 0.000010 0.196495 0.514010 0.117921 0.000010
0.687695 0.000010 0.176737 0.135538 0.000010 0.000010
0.825899 0.000010 0.000010 0.174061 0.000010 0.000010
0.000010 0.000010 0.000010 0.000010 0.999950 0.000010
0.000010 0.000010 0.000010 0.000010 0.999950 0.000010
0.858752 0.000010 0.072079 0.052062 0.000010 0.017087
0.000010 0.000010 0.000010 0.000010 0.343049 0.656911
0.000010 0.000010 0.000010 0.999950 0.000010 0.000010
0.000010 0.000010 0.404838 0.595122 0.000010 0.000010
0.600229 0.000010 0.000010 0.372234 0.000010 0.027507
0.000010 0.000010 0.433920 0.566040 0.000010 0.000010
0.864409 0.000010 0.099863 0.000010 0.000010 0.035698
0.000010 0.000010 0.000010 0.000010 0.000010 0.999950
0.000010 0.000010 0.000010 0.036687 0.540417 0.422866
0.000010 0.000010 0.000010 0.000010 0.999950 0.000010
0.000010 0.000010 0.999950 0.000010 0.000010 0.000010
0.000010 0.000010 0.999950 0.000010 0.000010 0.000010
0.000010 0.000010 0.999950 0.000010 0.000010 0.000010
0.000010 0.000010 0.999950 0.000010 0.000010 0.000010
0.728276 0.000010 0.000010 0.256665 0.015029 0.000010
0.595085 0.000010 0.095342 0.309543 0.000010 0.000010
0.670679 0.000010 0.127070 0.202220 0.000010 0.000010
0.061898 0.000010 0.000010 0.000010 0.274274 0.663798
0.517125 0.000010 0.088169 0.394676 0.000010 0.000010
0.000010 0.000010 0.000010 0.000010 0.000010 0.999950
0.592803 0.000010 0.000010 0.395638 0.000010 0.011529
0.000010 0.000010 0.000010 0.000010 0.000010 0.999950
0.890955 0.000010 0.045821 0.063194 0.000010 0.000010
0.000010 0.999946 0.000010 0.000014 0.000010 0.000010
0.000010 0.000010 0.000010 0.000010 0.129897 0.870063
0.000010 0.000010 0.000010 0.000010 0.346417 0.653543
0.509125 0.000010 0.200000 0.290845 0.000010 0.000010
0.999950 0.000010 0.000010 0.000010 0.000010 0.000010
0.701669 0.000010 0.045548 0.252753 0.000010 0.000010
0.412955 0.000010 0.174146 0.365833 0.000010 0.047047
0.730521 0.000010 0.000010 0.267048 0.002402 0.000010
0.000010 0.000010 0.038323 0.000010 0.220136 0.741511
0.656418 0.000010 0.000010 0.343542 0.000010 0.000010
0.563758 0.000010 0.196177 0.149779 0.000010 0.090266
0.931284 0.000010 0.000010 0.000010 0.068676 0.000010
0.826187 0.000010 0.000010 0.173773 0.000010 0.000010
0.627666 0.000010 0.227999 0.144305 0.000010 0.000010
0.616271 0.000010 0.063476 0.281089 0.000010 0.039144
0.690304 0.000010 0.000010 0.309656 0.000010 0.000010
0.000010 0.000010 0.000010 0.000010 0.227300 0.772660
0.481347 0.000010 0.161263 0.286381 0.000010 0.070988
0.580243 0.000010 0.000010 0.419717 0.000010 0.000010
0.472244 0.190260 0.021301 0.289280 0.026905 0.000010
0.477821 0.000010 0.062850 0.459299 0.000010 0.000010
0.000010 0.000010 0.000010 0.000010 0.000010 0.999950
0.795300 0.000010 0.129444 0.000010 0.075226 0.000010
0.000010 0.000010 0.000010 0.999950 0.000010 0.000010
0.000010 0.000010 0.000010 0.999950 0.000010 0.000010
0.000010 0.000010 0.000010 0.000010 0.000010 0.999950
0.000010 0.000010 0.000010 0.000010 0.000010 0.999950
0.431520 0.000010 0.000010 0.060697 0.000010 0.507753
0.521578 0.000010 0.056414 0.382681 0.039307 0.000010
0.000010 0.000010 0.000010 0.000010 0.000010 0.999950
0.330080 0.000010 0.238964 0.430926 0.000010 0.000010
0.637711 0.000010 0.000010 0.362249 0.000010 0.000010
0.609519 0.000010 0.000010 0.390441 0.000010 0.000010
0.999950 0.000010 0.000010 0.000010 0.000010 0.000010
0.831542 0.000010 0.168418 0.000010 0.000010 0.000010
0.467695 0.000010 0.013964 0.518311 0.000010 0.000010
0.000010 0.000010 0.000010 0.000010 0.999950 0.000010
0.999950 0.000010 0.000010 0.000010 0.000010 0.000010
0.965717 0.000010 0.034243 0.000010 0.000010 0.000010
0.000010 0.000010 0.000010 0.000010 0.000010 0.999950
0.935772 0.000010 0.064188 0.000010 0.000010 0.000010
0.465228 0.000010 0.279891 0.254851 0.000010 0.000010
0.241951 0.000010 0.113013 0.645005 0.000010 0.000010
0.000010 0.000010 0.033142 0.000010 0.281679 0.685149
0.000010 0.000010 0.000010 0.054008 0.201071 0.744891
0.838164 0.000010 0.000010 0.161796 0.000010 0.000010
0.000010 0.000010 0.000010 0.062940 0.000010 0.937020
0.000010 0.000010 0.000010 0.000010 0.999950 0.000010
0.999743 0.000010 0.000010 0.000010 0.000217 0.000010
0.999950 0.000010 0.000010 0.000010 0.000010 0.000010
0.000010 0.000010 0.000010 0.000010 0.999950 0.000010
0.007778 0.000010 0.000010 0.000010 0.537228 0.454965
0.000010 0.145704 0.000010 0.000010 0.361535 0.492730
0.000010 0.000010 0.000010 0.000010 0.228959 0.771001
0.568910 0.000010 0.195896 0.235165 0.000010 0.000010
0.000010 0.000010 0.000010 0.000010 0.128984 0.870976
0.637274 0.000010 0.000010 0.362686 0.000010 0.000010
0.339301 0.000010 0.349646 0.311023 0.000010 0.000010
0.535633 0.000010 0.118072 0.346265 0.000010 0.000010
0.113101 0.000010 0.000010 0.000010 0.000010 0.886859
0.999950 0.000010 0.000010 0.000010 0.000010 0.000010
0.000010 0.000010 0.000010 0.000010 0.148693 0.851267
0.792924 0.000010 0.000010 0.207036 0.000010 0.000010
0.870217 0.000010 0.129743 0.000010 0.000010 0.000010
0.704085 0.000010 0.295875 0.000010 0.000010 0.000010
0.936238 0.000010 0.000010 0.063722 0.000010 0.000010
0.160384 0.000010 0.023180 0.747192 0.000010 0.069223
0.000010 0.000010 0.000010 0.000010 0.310201 0.689759
0.000010 0.000010 0.000010 0.000010 0.999950 0.000010
0.000010 0.000010 0.000010 0.999950 0.000010 0.000010
0.969280 0.000010 0.030680 0.000010 0.000010 0.000010
0.000010 0.000010 0.000010 0.000010 0.000010 0.999950
0.768434 0.000010 0.014387 0.125737 0.091422 0.000010
0.750539 0.000010 0.246573 0.002859 0.000010 0.000010
0.000010 0.000010 0.000010 0.000010 0.157800 0.842160
0.715701 0.000010 0.052445 0.217872 0.013962 0.000010
0.000010 0.000010 0.000010 0.053357 0.946603 0.000010
