0.000010 0.091909 0.230382 0.582504 0.095174 0.000010 0.000010
0.000010 0.000010 0.000010 0.000010 0.000010 0.000010 0.999940
0.364575 0.178790 0.000010 0.456595 0.000010 0.000010 0.000010
0.319132 0.015977 0.028188 0.636673 0.000010 0.000010 0.000010
0.259214 0.173718 0.113158 0.234459 0.219431 0.000010 0.000010
0.960543 0.000010 0.039407 0.000010 0.000010 0.000010 0.000010
0.453833 0.142731 0.000012 0.244902 0.066556 0.000010 0.091956
0.236340 0.111075 0.000010 0.652545 0.000010 0.000010 0.000010
0.875018 0.000010 0.000010 0.000010 0.124932 0.000010 0.000010
0.000010 0.000010 0.000010 0.000010 0.000010 0.000010 0.999940
0.000010 0.000010 0.000010 0.000010 0.000010 0.000010 0.999940
0.000010 0.250508 0.200686 0.460147 0.088629 0.000010 0.000010
0.000010 0.000010 0.000010 0.000010 0.000010 0.000010 0.999940
0.921698 0.000010 0.000010 0.000010 0.078252 0.000010 0.000010
0.000010 0.000010 0.999940 0.000010 0.000010 0.000010 0.000010
0.927394 0.000010 0.000010 0.000010 0.072556 0.000010 0.000010
0.000010 0.000010 0.999940 0.000010 0.000010 0.000010 0.000010
0.221499 0.000010 0.293539 0.484914 0.000018 0.000010 0.000010
0.000010 0.000010 0.000010 0.000010 0.044353 0.000010 0.955597
0.034865 0.000010 0.000010 0.000010 0.000010 0.000010 0.965085
0.000010 0.000010 0.000010 0.000010 0.000010 0.000010 0.999940
0.000010 0.999940 0.000010 0.000010 0.000010 0.000010 0.000010
0.000010 0.999940 0.000010 0.000010 0.000010 0.000010 0.000010
0.000010 0.999940 0.000010 0.000010 0.000010 0.000010 0.000010
0.000010 0.999940 0.000010 0.000010 0.000010 0.000010 0.000010
0.000010 0.000010 0.000010 0.893014 0.106936 0.000010 0.000010
0.399545 0.083935 0.176746 0.330659 0.009095 0.000010 0.000010
0.226959 0.063647 0.709354 0.000010 0.000010 0.000010 0.000010
0.000010 0.000010 0.000010 0.105620 0.000010 0.000010 0.894330
0.782196 0.153523 0.000010 0.000010 0.064241 0.000010 0.000010
0.000010 0.050239 0.000010 0.000012 0.000010 0.000010 0.949709
0.000010 0.000010 0.000010 0.869767 0.130183 0.000010 0.000010
0.000010 0.000010 0.000010 0.000010 0.000010 0.000010 0.999940
0.051799 0.068183 0.000010 0.879978 0.000010 0.000010 0.000010
0.000010 0.000010 0.000010 0.000010 0.000010 0.999940 0.000010
0.000010 0.000010 0.000010 0.047405 0.000010 0.000010 0.952545
0.000010 0.000010 0.000010 0.000010 0.000010 0.000010 0.999940
0.594577 0.183424 0.160906 0.000010 0.061062 0.000010 0.000010
0.966726 0.033224 0.000010 0.000010 0.000010 0.000010 0.000010
0.323981 0.000010 0.000010 0.657020 0.018959 0.000010 0.000010
0.000010 0.021892 0.473559 0.328124 0.176395 0.000010 0.000010
0.000010 0.000010 0.247976 0.728048 0.023936 0.000010 0.000010
0.000010 0.045302 0.000010 0.000010 0.000010 0.000010 0.954648
0.977822 0.000010 0.000010 0.000010 0.022128 0.000010 0.000010
0.000010 0.226296 0.121858 0.556644 0.000010 0.000010 0.095171
0.493246 0.086925 0.143144 0.236863 0.000010 0.000010 0.039802
0.051251 0.033593 0.032734 0.828520 0.053882 0.000010 0.000010
0.214982 0.102587 0.421738 0.260662 0.000010 0.000010 0.000010
0.321392 0.033414 0.244453 0.214649 0.177021 0.000010 0.009060
0.280024 0.000010 0.071750 0.563687 0.084509 0.000010 0.000010
0.000010 0.000010 0.000010 0.000010 0.000010 0.000010 0.999940
0.540357 0.098991 0.000010 0.267398 0.038407 0.000010 0.054827
0.524180 0.000010 0.000010 0.475770 0.000010 0.000010 0.000010
0.346210 0.000010 0.140615 0.266296 0.056231 0.190339 0.000298
0.000010 0.000010 0.000010 0.991941 0.008009 0.000010 0.000010
0.000010 0.000010 0.000010 0.000010 0.000010 0.000010 0.999940
0.440452 0.000862 0.558646 0.000010 0.000010 0.000010 0.000010
0.000010 0.000010 0.000010 0.000010 0.999940 0.000010 0.000010
0.000010 0.000010 0.000010 0.000010 0.999940 0.000010 0.000010
0.000010 0.000010 0.062059 0.000010 0.000010 0.000010 0.937891
0.000010 0.000010 0.000010 0.000010 0.000010 0.000010 0.999940
0.000010 0.000010 0.000010 0.486789 0.040482 0.000010 0.472690
0.000010 0.027458 0.000010 0.946797 0.000010 0.000010 0.025704
0.000010 0.000010 0.000010 0.000010 0.020471 0.000010 0.979479
0.902968 0.096982 0.000010 0.000010 0.000010 0.000010 0.000010
0.506113 0.000010 0.180894 0.312953 0.000010 0.000010 0.000010
0.708938 0.000010 0.138812 0.000010 0.148769 0.000010 0.003451
0.000010 0.044879 0.000010 0.955071 0.000010 0.000010 0.000010
0.268510 0.181882 0.022488 0.527091 0.000010 0.000010 0.000010
0.486009 0.039849 0.000010 0.371472 0.102640 0.000010 0.000010
0.000010 0.000010 0.000010 0.000010 0.000010 0.000010 0.999940
0.769402 0.115094 0.115464 0.000010 0.000010 0.000010 0.000010
0.000010 0.024334 0.258576 0.717050 0.000010 0.000010 0.000010
0.000010 0.000010 0.000010 0.000010 0.019933 0.000010 0.980017
0.542298 0.075969 0.000010 0.381692 0.000010 0.000010 0.000010
0.804801 0.174457 0.020701 0.000010 0.000010 0.000010 0.000010
0.000010 0.069146 0.154138 0.623937 0.152749 0.000010 0.000010
0.000010 0.029628 0.016702 0.000010 0.000010 0.000010 0.953630
0.000010 0.000010 0.000010 0.095069 0.000010 0.000010 0.904881
0.161955 0.000010 0.180398 0.598258 0.059359 0.000010 0.000010
0.000010 0.000010 0.096837 0.000010 0.004990 0.000010 0.898134
0.000010 0.000010 0.000010 0.000010 0.000010 0.000010 0.999940
0.000010 0.000010 0.999940 0.000010 0.000010 0.000010 0.000010
0.000010 0.000010 0.999940 0.000010 0.000010 0.000010 0.000010
0.000010 0.000010 0.000010 0.000010 0.000010 0.000010 0.999940
0.000010 0.027987 0.000010 0.000010 0.021795 0.000010 0.950178
0.000010 0.000010 0.000010 0.000010 0.000010 0.145930 0.854020
0.000010 0.000010 0.000010 0.000010 0.025457 0.000010 0.974493
0.907012 0.092938 0.000010 0.000010 0.000010 0.000010 0.000010
0.000010 0.000010 0.000010 0.000010 0.000010 0.000010 0.999940
0.928798 0.000010 0.000010 0.000010 0.071152 0.000010 0.000010
0.000010 0.346715 0.473222 0.000010 0.180023 0.000010 0.000010
0.671947 0.000010 0.000010 0.328003 0.000010 0.000010 0.000010
0.000010 0.000010 0.102605 0.000010 0.032279 0.000010 0.865076
0.999940 0.000010 0.000010 0.000010 0.000010 0.000010 0.000010
0.000010 0.000010 0.000010 0.000010 0.000010 0.000010 0.999940
0.000010 0.000010 0.000010 0.999930 0.000020 0.000010 0.000010
0.000010 0.183410 0.000010 0.816540 0.000010 0.000010 0.000010
0.416021 0.298665 0.168425 0.116860 0.000010 0.000010 0.000010
0.350381 0.000010 0.649569 0.000010 0.000010 0.000010 0.000010
0.470853 0.000010 0.169046 0.000010 0.345795 0.000010 0.014277
0.000010 0.000010 0.000010 0.000010 0.000010 0.000010 0.999940
0.000010 0.000010 0.000010 0.000010 0.000010 0.000010 0.999940
0.000010 0.000010 0.000010 0.000010 0.999940 0.000010 0.000010
0.326785 0.005683 0.257629 0.409873 0.000010 0.000010 0.000010
0.000010 0.000010 0.000010 0.000010 0.000010 0.000010 0.999940
0.000010 0.075677 0.176563 0.594283 0.075764 0.000010 0.077692
0.721232 0.060424 0.218304 0.000010 0.000010 0.000010 0.000010
0.000010 0.000010 0.000010 0.000010 0.000010 0.000010 0.999940
0.000010 0.055537 0.000010 0.918657 0.025766 0.000010 0.000010
0.000010 0.000010 0.097800 0.000010 0.000010 0.000010 0.902150
