0.170226 0.176482 0.000010 0.000010 0.653241 0.000010 0.000010 0.000010
0.000010 0.000010 0.000010 0.000010 0.000010 0.999930 0.000010 0.000010
0.253209 0.000010 0.000010 0.746731 0.000010 0.000010 0.000010 0.000010
0.000010 0.066192 0.025460 0.908298 0.000010 0.000010 0.000010 0.000010
0.178935 0.295037 0.000010 0.444039 0.081949 0.000010 0.000010 0.000010
0.000010 0.000010 0.000010 0.999930 0.000010 0.000010 0.000010 0.000010
0.175726 0.048351 0.127166 0.648717 0.000010 0.000010 0.000010 0.000010
0.100317 0.021106 0.000010 0.720554 0.157984 0.000010 0.000010 0.000010
0.000010 0.156597 0.000010 0.570856 0.272497 0.000010 0.000010 0.000010
0.000010 0.000010 0.000010 0.000010 0.000010 0.999930 0.000010 0.000010
0.000010 0.000010 0.000010 0.000010 0.000010 0.999930 0.000010 0.000010
0.176078 0.261568 0.000010 0.000010 0.562304 0.000010 0.000010 0.000010
0.000010 0.000010 0.000010 0.000010 0.000010 0.000010 0.000010 0.999930
0.000010 0.056929 0.000010 0.943011 0.000010 0.000010 0.000010 0.000010
0.000010 0.000010 0.000010 0.000010 0.999930 0.000010 0.000010 0.000010
0.000010 0.171218 0.031643 0.797090 0.000010 0.000010 0.000010 0.000010
0.000010 0.000010 0.000010 0.000010 0.999930 0.000010 0.000010 0.000010
0.000010 0.000010 0.000010 0.000010 0.999930 0.000010 0.000010 0.000010
0.000010 0.002082 0.550174 0.000010 0.000010 0.000010 0.000010 0.447694
0.000010 0.000010 0.238623 0.000010 0.000010 0.000010 0.000010 0.761317
0.000010 0.000010 0.999930 0.000010 0.000010 0.000010 0.000010 0.000010
0.999930 0.000010 0.000010 0.000010 0.000010 0.000010 0.000010 0.000010
0.999930 0.000010 0.000010 0.000010 0.000010 0.000010 0.000010 0.000010
0.999930 0.000010 0.000010 0.000010 0.000010 0.000010 0.000010 0.000010
0.999930 0.000010 0.000010 0.000010 0.000010 0.000010 0.000010 0.000010
0.015531 0.178325 0.000010 0.578091 0.145497 0.000010 0.000010 0.082526
0.078792 0.000010 0.000010 0.658573 0.249817 0.012779 0.000010 0.000010
0.077373 0.000010 0.000010 0.242245 0.680332 0.000010 0.000010 0.000010
0.000010 0.000010 0.999930 0.000010 0.000010 0.000010 0.000010 0.000010
0.133847 0.180772 0.000010 0.685332 0.000010 0.000010 0.000010 0.000010
0.000010 0.000010 0.999930 0.000010 0.000010 0.000010 0.000010 0.000010
0.000010 0.080788 0.000010 0.649816 0.244387 0.024969 0.000010 0.000010
0.000010 0.000010 0.242850 0.000010 0.000010 0.464419 0.000010 0.292681
0.079888 0.009282 0.000010 0.848536 0.000010 0.000010 0.000010 0.062254
0.000010 0.000010 0.000010 0.000010 0.000010 0.000010 0.999930 0.000010
0.000010 0.000010 0.172335 0.000010 0.000010 0.569609 0.000010 0.258007
0.000010 0.000010 0.387049 0.000010 0.000010 0.476114 0.000010 0.136787
0.213133 0.050724 0.000010 0.316463 0.419639 0.000010 0.000010 0.000010
0.000010 0.000010 0.000010 0.999930 0.000010 0.000010 0.000010 0.000010
0.007859 0.119259 0.033617 0.000010 0.839225 0.000010 0.000010 0.000010
0.000010 0.137609 0.000010 0.000010 0.862331 0.000010 0.000010 0.000010
0.000010 0.048179 0.000010 0.405632 0.540251 0.000010 0.000010 0.005898
0.000010 0.000010 0.999930 0.000010 0.000010 0.000010 0.000010 0.000010
0.000010 0.025845 0.000010 0.543037 0.431068 0.000010 0.000010 0.000010
0.153549 0.103766 0.000010 0.384770 0.222503 0.135382 0.000010 0.000010
0.033081 0.000010 0.074758 0.639041 0.253080 0.000010 0.000010 0.000010
0.000010 0.188810 0.000010 0.348915 0.462225 0.000010 0.000010 0.000010
0.134436 0.000010 0.000010 0.293218 0.572296 0.000010 0.000010 0.000010
0.030938 0.148631 0.041582 0.464245 0.314574 0.000010 0.000010 0.000010
0.000010 0.131445 0.000010 0.539664 0.328842 0.000010 0.000010 0.000010
0.000010 0.000010 0.000010 0.000010 0.000010 0.999930 0.000010 0.000010
0.106620 0.030605 0.000010 0.427521 0.387643 0.000010 0.000010 0.047581
0.000010 0.000010 0.000010 0.832222 0.167718 0.000010 0.000010 0.000010
0.000010 0.089717 0.032920 0.585341 0.098983 0.000010 0.193009 0.000010
0.034209 0.150324 0.000010 0.595631 0.219795 0.000010 0.000010 0.000010
0.000010 0.000010 0.000010 0.000010 0.000010 0.999930 0.000010 0.000010
0.009955 0.000010 0.082978 0.253848 0.653179 0.000010 0.000010 0.000010
0.000010 0.999930 0.000010 0.000010 0.000010 0.000010 0.000010 0.000010
0.000010 0.999930 0.000010 0.000010 0.000010 0.000010 0.000010 0.000010
0.000010 0.000010 0.651255 0.000010 0.000010 0.000010 0.000010 0.348685
0.000010 0.000010 0.659345 0.000010 0.000010 0.000010 0.000010 0.340595
0.000010 0.040166 0.000010 0.000010 0.450591 0.509193 0.000010 0.000010
0.028248 0.063093 0.000010 0.429129 0.442373 0.000010 0.000010 0.037127
0.000010 0.000010 0.999930 0.000010 0.000010 0.000010 0.000010 0.000010
0.123121 0.128617 0.000010 0.357003 0.391219 0.000010 0.000010 0.000010
0.000010 0.000010 0.000010 0.999930 0.000010 0.000010 0.000010 0.000010
0.000010 0.295691 0.036571 0.667688 0.000010 0.000010 0.000010 0.000010
0.055620 0.224435 0.000010 0.369196 0.337511 0.000010 0.000010 0.013208
0.145248 0.000010 0.000010 0.432588 0.422115 0.000010 0.000010 0.000010
0.087152 0.094497 0.000010 0.818301 0.000010 0.000010 0.000010 0.000010
0.000010 0.000010 0.000010 0.000010 0.000010 0.000010 0.000010 0.999930
0.117650 0.006446 0.000010 0.676103 0.199761 0.000010 0.000010 0.000010
0.036681 0.145902 0.000010 0.225555 0.591822 0.000010 0.000010 0.000010
0.000010 0.000010 0.000010 0.000010 0.000010 0.540579 0.000010 0.459361
0.078066 0.000010 0.000010 0.808440 0.113444 0.000010 0.000010 0.000010
0.341104 0.035694 0.019859 0.603302 0.000010 0.000010 0.000010 0.000010
0.079463 0.120308 0.000010 0.800179 0.000010 0.000010 0.000010 0.000010
0.000010 0.000010 0.349576 0.000010 0.000010 0.650364 0.000010 0.000010
0.004745 0.000010 0.325428 0.029439 0.000010 0.640348 0.000010 0.000010
0.000019 0.079496 0.000010 0.920435 0.000010 0.000010 0.000010 0.000010
0.000010 0.000010 0.281027 0.000010 0.089159 0.000010 0.000010 0.629765
0.000010 0.000010 0.000010 0.000010 0.000010 0.000010 0.000010 0.999930
0.000010 0.000010 0.081378 0.918562 0.000010 0.000010 0.000010 0.000010
0.000010 0.000010 0.080880 0.919060 0.000010 0.000010 0.000010 0.000010
0.000010 0.000010 0.000010 0.000010 0.000010 0.000010 0.000010 0.999930
0.000010 0.000010 0.000010 0.000010 0.000010 0.999930 0.000010 0.000010
0.000010 0.000010 0.202947 0.000010 0.000010 0.341051 0.146764 0.309198
0.000010 0.000010 0.501670 0.000010 0.000010 0.498270 0.000010 0.000010
0.121852 0.000010 0.000010 0.805257 0.072841 0.000010 0.000010 0.000010
0.000010 0.000010 0.000010 0.000010 0.000010 0.999930 0.000010 0.000010
0.000010 0.022154 0.000010 0.414974 0.562822 0.000010 0.000010 0.000010
0.326779 0.089806 0.000010 0.000010 0.583365 0.000010 0.000010 0.000010
0.012850 0.000010 0.000010 0.559176 0.427924 0.000010 0.000010 0.000010
0.000010 0.075867 0.107374 0.010218 0.000010 0.594990 0.000010 0.211522
0.000010 0.000010 0.000010 0.999930 0.000010 0.000010 0.000010 0.000010
0.000010 0.000010 0.000010 0.000010 0.000010 0.000010 0.000010 0.999930
0.000010 0.109602 0.000010 0.890338 0.000010 0.000010 0.000010 0.000010
0.175479 0.089678 0.000010 0.734794 0.000010 0.000010 0.000010 0.000010
0.342190 0.000010 0.000010 0.657750 0.000010 0.000010 0.000010 0.000010
0.002133 0.000010 0.000010 0.000010 0.997807 0.000010 0.000010 0.000010
0.059248 0.137209 0.094138 0.332743 0.376632 0.000010 0.000010 0.000010
0.000010 0.000010 0.648843 0.000010 0.000010 0.022944 0.000010 0.328162
0.000010 0.000010 0.999930 0.000010 0.000010 0.000010 0.000010 0.000010
0.000010 0.999930 0.000010 0.000010 0.000010 0.000010 0.000010 0.000010
0.000010 0.000010 0.000010 0.557305 0.442635 0.000010 0.000010 0.000010
0.000010 0.000010 0.065899 0.000010 0.000010 0.588878 0.000010 0.345173
0.000010 0.077567 0.000010 0.808413 0.000010 0.000010 0.000010 0.113969
0.032662 0.000010 0.000010 0.696874 0.270413 0.000010 0.000010 0.000010
0.000010 0.000010 0.342690 0.000010 0.000010 0.000010 0.000010 0.657250
0.040799 0.175648 0.000010 0.710641 0.000010 0.000010 0.000010 0.072872
0.000010 0.000010 0.000010 0.000010 0.000010 0.000010 0.000010 0.999930
