0.000010 0.000010 0.117951 0.000010 0.226039 0.151782 0.000010 0.189835 0.314353
0.999920 0.000010 0.000010 0.000010 0.000010 0.000010 0.000010 0.000010 0.000010
0.000010 0.000010 0.202194 0.000010 0.797736 0.000010 0.000010 0.000010 0.000010
0.000010 0.000010 0.034228 0.000010 0.607384 0.000010 0.000010 0.014051 0.344287
0.000010 0.000010 0.175301 0.000010 0.465288 0.115784 0.000010 0.243577 0.000010
0.000010 0.000010 0.000010 0.000010 0.000010 0.999920 0.000010 0.000010 0.000010
0.141463 0.000010 0.205174 0.000010 0.137109 0.493459 0.000010 0.022755 0.000010
0.000010 0.000010 0.118947 0.000010 0.859265 0.000010 0.000010 0.021728 0.000010
0.000010 0.000010 0.000010 0.000010 0.572597 0.173776 0.000010 0.163316 0.090261
0.000010 0.999920 0.000010 0.000010 0.000010 0.000010 0.000010 0.000010 0.000010
0.000010 0.999920 0.000010 0.000010 0.000010 0.000010 0.000010 0.000010 0.000010
0.000010 0.000010 0.164719 0.000010 0.148490 0.007657 0.000010 0.244278 0.434816
0.999920 0.000010 0.000010 0.000010 0.000010 0.000010 0.000010 0.000010 0.000010
0.000010 0.000010 0.000010 0.000010 0.377656 0.571006 0.000010 0.051278 0.000010
0.000010 0.000010 0.000010 0.000010 0.000010 0.999920 0.000010 0.000010 0.000010
0.000010 0.040344 0.000010 0.000010 0.000010 0.787741 0.000010 0.171856 0.000010
0.000010 0.000010 0.000010 0.000010 0.000010 0.999920 0.000010 0.000010 0.000010
0.053916 0.000010 0.000010 0.000010 0.222081 0.378399 0.000010 0.000010 0.345553
0.999920 0.000010 0.000010 0.000010 0.000010 0.000010 0.000010 0.000010 0.000010
0.717797 0.000010 0.000010 0.000010 0.000010 0.000010 0.282133 0.000010 0.000010
0.999920 0.000010 0.000010 0.000010 0.000010 0.000010 0.000010 0.000010 0.000010
0.000010 0.000010 0.999920 0.000010 0.000010 0.000010 0.000010 0.000010 0.000010
0.000010 0.000010 0.999920 0.000010 0.000010 0.000010 0.000010 0.000010 0.000010
0.000010 0.000010 0.999920 0.000010 0.000010 0.000010 0.000010 0.000010 0.000010
0.000010 0.000010 0.999914 0.000010 0.000010 0.000010 0.000010 0.000016 0.000010
0.095593 0.000010 0.003031 0.000010 0.745434 0.000010 0.000010 0.155892 0.000010
0.000010 0.089512 0.102461 0.000010 0.358508 0.449469 0.000010 0.000010 0.000010
0.000010 0.000010 0.109507 0.000010 0.000010 0.494541 0.000010 0.000010 0.395892
0.405102 0.517562 0.000010 0.000010 0.000010 0.000010 0.000010 0.000010 0.077275
0.000010 0.000016 0.132038 0.000010 0.410140 0.311265 0.010127 0.136384 0.000010
0.723847 0.233813 0.042280 0.000010 0.000010 0.000010 0.000010 0.000010 0.000010
0.000010 0.015529 0.000010 0.000010 0.419721 0.303538 0.000010 0.071194 0.189978
0.524132 0.475798 0.000010 0.000010 0.000010 0.000010 0.000010 0.000010 0.000010
0.000010 0.000010 0.081775 0.000010 0.743198 0.000010 0.000010 0.000010 0.174967
0.000010 0.000010 0.000010 0.999920 0.000010 0.000010 0.000010 0.000010 0.000010
0.373093 0.626837 0.000010 0.000010 0.000010 0.000010 0.000010 0.000010 0.000010
0.458765 0.541165 0.000010 0.000010 0.000010 0.000010 0.000010 0.000010 0.000010
0.031849 0.000010 0.193494 0.000010 0.297478 0.445498 0.000010 0.031641 0.000010
0.000010 0.000010 0.000010 0.000010 0.999920 0.000010 0.000010 0.000010 0.000010
0.000010 0.000010 0.023762 0.000010 0.850181 0.125997 0.000010 0.000010 0.000010
0.000010 0.038680 0.086517 0.000010 0.137003 0.385755 0.000010 0.068466 0.283549
0.000010 0.000010 0.020507 0.000010 0.512868 0.000010 0.000010 0.022874 0.443701
0.394644 0.550927 0.054370 0.000010 0.000010 0.000010 0.000010 0.000010 0.000010
0.000010 0.000010 0.000010 0.000010 0.490048 0.509882 0.000010 0.000010 0.000010
0.000010 0.158587 0.222548 0.000010 0.116202 0.237333 0.000010 0.051335 0.213965
0.000010 0.038265 0.093374 0.000010 0.488688 0.039725 0.000010 0.106496 0.233422
0.000010 0.000010 0.017384 0.000010 0.441459 0.072931 0.000010 0.149683 0.318503
0.000010 0.000010 0.178251 0.000010 0.234193 0.209480 0.000010 0.000010 0.378026
0.028717 0.000010 0.051246 0.000010 0.340889 0.134829 0.000010 0.223543 0.220746
0.000010 0.000010 0.000010 0.000010 0.509887 0.306651 0.000010 0.111919 0.071493
0.000010 0.999920 0.000010 0.000010 0.000010 0.000010 0.000010 0.000010 0.000010
0.071806 0.000010 0.095669 0.000010 0.436740 0.325900 0.000010 0.069845 0.000010
0.000010 0.000010 0.000010 0.000010 0.727332 0.261058 0.000010 0.011550 0.000010
0.031185 0.000010 0.021683 0.197760 0.588605 0.061013 0.000010 0.024323 0.075410
0.000010 0.000010 0.027352 0.000010 0.513456 0.162155 0.000010 0.202837 0.094160
0.999920 0.000010 0.000010 0.000010 0.000010 0.000010 0.000010 0.000010 0.000010
0.000010 0.000010 0.127890 0.000010 0.284262 0.165768 0.000010 0.000010 0.422029
0.000010 0.000010 0.000010 0.000010 0.000010 0.000010 0.000010 0.999920 0.000010
0.000010 0.000010 0.000010 0.000010 0.000010 0.000010 0.000010 0.999920 0.000010
0.307865 0.660898 0.000010 0.000010 0.000010 0.031178 0.000010 0.000010 0.000010
0.833100 0.000010 0.000010 0.000010 0.000010 0.000010 0.166830 0.000010 0.000010
0.000010 0.527791 0.000010 0.000010 0.367496 0.000010 0.000010 0.082881 0.021782
0.036569 0.000010 0.052383 0.000010 0.599811 0.044188 0.000010 0.081683 0.185336
0.524316 0.453749 0.000010 0.000010 0.000010 0.000010 0.000010 0.021875 0.000010
0.000010 0.000010 0.101072 0.000010 0.265230 0.539921 0.000010 0.093727 0.000010
0.000010 0.000010 0.000010 0.000010 0.406622 0.421265 0.000010 0.000010 0.172053
0.000010 0.000010 0.000010 0.000010 0.401139 0.168010 0.000010 0.252282 0.178519
0.000010 0.000010 0.024023 0.000010 0.599422 0.000010 0.000010 0.094119 0.282386
0.000010 0.000010 0.182086 0.000010 0.641213 0.064239 0.000010 0.000010 0.112411
0.000010 0.000010 0.000010 0.000010 0.431752 0.541763 0.005116 0.021319 0.000010
0.600980 0.235522 0.000010 0.000010 0.000010 0.000010 0.163438 0.000010 0.000010
0.000010 0.000010 0.091195 0.000010 0.425518 0.483227 0.000010 0.000010 0.000010
0.000010 0.000010 0.000010 0.000010 0.992665 0.000010 0.000010 0.007265 0.000010
0.458603 0.541327 0.000010 0.000010 0.000010 0.000010 0.000010 0.000010 0.000010
0.000010 0.000010 0.062852 0.000010 0.574512 0.362576 0.000010 0.000010 0.000010
0.042430 0.000010 0.172923 0.000010 0.000010 0.784587 0.000010 0.000010 0.000010
0.000010 0.000010 0.083981 0.000010 0.281772 0.555290 0.000010 0.078907 0.000010
0.319688 0.626634 0.000010 0.000010 0.000010 0.000010 0.000010 0.000010 0.053617
0.222780 0.560874 0.000010 0.000010 0.053332 0.000010 0.161392 0.001582 0.000010
0.000010 0.000010 0.000010 0.000010 0.612511 0.122393 0.000010 0.058454 0.206592
0.367105 0.488293 0.000010 0.000010 0.000010 0.000010 0.048858 0.000010 0.095694
0.999920 0.000010 0.000010 0.000010 0.000010 0.000010 0.000010 0.000010 0.000010
0.000010 0.000010 0.047512 0.000010 0.000010 0.000010 0.000010 0.000010 0.952418
0.000010 0.000010 0.048378 0.000010 0.000010 0.000010 0.000010 0.000010 0.951552
0.999920 0.000010 0.000010 0.000010 0.000010 0.000010 0.000010 0.000010 0.000010
0.000010 0.999920 0.000010 0.000010 0.000010 0.000010 0.000010 0.000010 0.000010
0.000010 0.000010 0.000010 0.000010 0.000010 0.000010 0.999920 0.000010 0.000010
0.400018 0.581380 0.000010 0.000010 0.000010 0.000010 0.000010 0.018543 0.000010
0.000010 0.000010 0.127957 0.000010 0.346797 0.525186 0.000010 0.000010 0.000010
0.445301 0.554629 0.000010 0.000010 0.000010 0.000010 0.000010 0.000010 0.000010
0.000010 0.000010 0.000010 0.000010 0.363966 0.515449 0.000010 0.120525 0.000010
0.000010 0.000010 0.399109 0.000010 0.000010 0.474355 0.000010 0.102178 0.024308
0.000010 0.000010 0.104363 0.000010 0.569973 0.325605 0.000010 0.000010 0.000010
0.507388 0.317226 0.000010 0.000010 0.000010 0.000010 0.000010 0.000010 0.175326
0.000010 0.000010 0.000010 0.000010 0.999920 0.000010 0.000010 0.000010 0.000010
0.622835 0.377095 0.000010 0.000010 0.000010 0.000010 0.000010 0.000010 0.000010
0.000010 0.000010 0.000010 0.000010 0.999920 0.000010 0.000010 0.000010 0.000010
0.000010 0.000010 0.181720 0.000010 0.522860 0.000010 0.000010 0.000010 0.295360
0.000010 0.000010 0.339939 0.000010 0.659991 0.000010 0.000010 0.000010 0.000010
0.000010 0.000010 0.000010 0.000010 0.106247 0.373792 0.000010 0.000010 0.519900
0.059379 0.000010 0.028674 0.000010 0.217195 0.570048 0.000010 0.124664 0.000010
0.607248 0.299677 0.000010 0.000010 0.000010 0.000010 0.093015 0.000010 0.000010
0.999920 0.000010 0.000010 0.000010 0.000010 0.000010 0.000010 0.000010 0.000010
0.000010 0.000010 0.000010 0.000010 0.000010 0.000010 0.000010 0.999920 0.000010
0.000010 0.000010 0.038656 0.000010 0.303131 0.358917 0.000010 0.000010 0.299246
0.203666 0.796264 0.000010 0.000010 0.000010 0.000010 0.000010 0.000010 0.000010
0.119503 0.000010 0.102331 0.000010 0.172516 0.000010 0.000010 0.000010 0.605599
0.000010 0.000010 0.032616 0.000010 0.411607 0.555717 0.000010 0.000010 0.000010
0.686451 0.293379 0.000010 0.000010 0.000010 0.000010 0.000010 0.000010 0.020110
0.056402 0.000010 0.085482 0.000010 0.718275 0.000010 0.000010 0.057411 0.082389
0.459795 0.000010 0.000010 0.000010 0.000010 0.000010 0.540135 0.000010 0.000010
