0.211263 0.000010 0.626985 0.161722 0.000010 0.000010
0.000010 0.000010 0.881858 0.000010 0.000010 0.118102
0.000010 0.000010 0.936785 0.000010 0.000010 0.063175
0.000010 0.000010 0.999950 0.000010 0.000010 0.000010
0.000010 0.000010 0.658652 0.000010 0.000010 0.341308
0.000010 0.000010 0.896384 0.103576 0.000010 0.000010
0.000010 0.000010 0.999950 0.000010 0.000010 0.000010
0.067183 0.000010 0.894120 0.029769 0.008909 0.000010
0.000010 0.022887 0.969747 0.000010 0.007336 0.000010
0.000010 0.624840 0.375120 0.000010 0.000010 0.000010
0.000010 0.317706 0.682254 0.000010 0.000010 0.000010
0.128265 0.000010 0.871695 0.000010 0.000010 0.000010
0.000010 0.000010 0.855658 0.144302 0.000010 0.000010
0.110527 0.000010 0.889433 0.000010 0.000010 0.000010
0.000010 0.000010 0.999950 0.000010 0.000010 0.000010
0.000010 0.000010 0.868940 0.131020 0.000010 0.000010
0.000010 0.000010 0.999950 0.000010 0.000010 0.000010
0.026786 0.000010 0.817770 0.155414 0.000010 0.000010
0.098284 0.000010 0.901676 0.000010 0.000010 0.000010
0.000010 0.000010 0.980149 0.000010 0.019811 0.000010
0.147662 0.000010 0.704990 0.147318 0.000010 0.000010
0.000010 0.042164 0.847308 0.075042 0.035467 0.000010
0.000010 0.000010 0.950072 0.000010 0.000010 0.049888
0.198644 0.000010 0.745285 0.056041 0.000010 0.000010
0.000010 0.000010 0.999950 0.000010 0.000010 0.000010
0.000010 0.000010 0.976372 0.023588 0.000010 0.000010
0.109000 0.186960 0.606160 0.097860 0.000010 0.000010
0.127689 0.000010 0.000010 0.568355 0.000010 0.303927
0.000010 0.268809 0.731151 0.000010 0.000010 0.000010
0.002693 0.141219 0.776036 0.066921 0.013121 0.000010
0.000010 0.999950 0.000010 0.000010 0.000010 0.000010
0.000010 0.326417 0.447142 0.212076 0.014345 0.000010
0.000010 0.306372 0.611019 0.000010 0.000010 0.082579
0.000010 0.999950 0.000010 0.000010 0.000010 0.000010
0.000010 0.999944 0.000016 0.000010 0.000010 0.000010
0.000010 0.849918 0.134304 0.000010 0.000010 0.015748
0.286927 0.268349 0.417236 0.000010 0.000010 0.027468
0.000010 0.999950 0.000010 0.000010 0.000010 0.000010
0.178275 0.242151 0.472755 0.106798 0.000010 0.000010
0.176413 0.117136 0.706421 0.000010 0.000010 0.000010
0.000010 0.190139 0.784089 0.000010 0.025742 0.000010
0.062828 0.437556 0.377634 0.000010 0.000010 0.121962
0.106264 0.265715 0.584067 0.043934 0.000010 0.000010
0.000010 0.459241 0.460062 0.000010 0.010591 0.070086
0.000010 0.000010 0.000010 0.000708 0.999252 0.000010
0.125970 0.231572 0.444807 0.093845 0.011848 0.091958
0.148739 0.169515 0.527446 0.129301 0.024989 0.000010
0.216664 0.313291 0.298140 0.171885 0.000010 0.000010
0.199892 0.530716 0.202670 0.066702 0.000010 0.000010
0.000010 0.000010 0.000010 0.000010 0.999950 0.000010
0.000010 0.564383 0.313558 0.122029 0.000010 0.000010
0.343918 0.312806 0.305833 0.000010 0.000010 0.037423
0.000010 0.000010 0.000010 0.000010 0.999950 0.000010
0.000010 0.330182 0.535116 0.000010 0.000010 0.134671
0.000010 0.000010 0.000010 0.000010 0.999950 0.000010
0.000010 0.000010 0.000010 0.000010 0.999950 0.000010
0.000010 0.000010 0.871588 0.107217 0.000010 0.021165
0.000010 0.000010 0.000010 0.000010 0.999950 0.000010
0.000010 0.999950 0.000010 0.000010 0.000010 0.000010
0.000010 0.000010 0.000010 0.000010 0.999950 0.000010
0.000010 0.999950 0.000010 0.000010 0.000010 0.000010
0.220962 0.461383 0.201454 0.116181 0.000010 0.000010
0.210521 0.316091 0.473358 0.000010 0.000010 0.000010
0.008722 0.000010 0.777131 0.214117 0.000010 0.000010
0.346635 0.339790 0.313546 0.000010 0.000010 0.000010
0.000010 0.000010 0.000010 0.893693 0.000010 0.106267
0.000010 0.000010 0.000010 0.488132 0.029030 0.482808
0.000010 0.000010 0.000010 0.385896 0.000010 0.614064
0.105751 0.000019 0.000010 0.494255 0.000010 0.399955
0.000010 0.000010 0.000010 0.917197 0.000010 0.082763
0.112681 0.000010 0.000010 0.472368 0.000010 0.414921
0.000010 0.000010 0.000010 0.999950 0.000010 0.000010
0.000010 0.000010 0.122415 0.477110 0.001598 0.398857
0.000010 0.000010 0.000010 0.000010 0.999950 0.000010
0.027825 0.000010 0.000010 0.346730 0.000010 0.625414
0.150031 0.000010 0.000010 0.529685 0.000010 0.320253
0.000010 0.000010 0.000010 0.838543 0.000010 0.161417
0.070083 0.000010 0.147629 0.615924 0.000010 0.166344
0.000010 0.000010 0.000010 0.459124 0.000010 0.540836
0.000010 0.000010 0.000010 0.988248 0.000010 0.011712
0.000010 0.000010 0.000010 0.999950 0.000010 0.000010
0.034587 0.000010 0.965373 0.000010 0.000010 0.000010
0.000010 0.029814 0.129889 0.393554 0.000010 0.446722
0.000010 0.000010 0.000010 0.000010 0.999950 0.000010
0.000010 0.000010 0.000010 0.883963 0.000010 0.115997
0.000010 0.000010 0.000010 0.999950 0.000010 0.000010
0.000010 0.000010 0.000010 0.741490 0.000010 0.258470
0.000010 0.000010 0.000010 0.772351 0.000010 0.227609
0.000010 0.000010 0.111942 0.718021 0.001031 0.168986
0.000010 0.000010 0.000010 0.000010 0.999950 0.000010
0.074992 0.000010 0.000010 0.618086 0.000010 0.306893
0.000010 0.000010 0.000010 0.999950 0.000010 0.000010
0.000010 0.000010 0.000010 0.000010 0.999950 0.000010
0.000010 0.000010 0.000010 0.999950 0.000010 0.000010
0.000010 0.000010 0.000010 0.000010 0.999950 0.000010
0.000010 0.000010 0.000010 0.000010 0.999950 0.000010
0.000010 0.000010 0.000010 0.000010 0.999950 0.000010
0.001206 0.000010 0.000010 0.441676 0.000010 0.557088
0.000010 0.000010 0.116000 0.462951 0.000010 0.421019
0.841940 0.000010 0.000010 0.090719 0.000010 0.067311
0.948261 0.000010 0.051699 0.000010 0.000010 0.000010
0.756762 0.000010 0.243198 0.000010 0.000010 0.000010
0.792543 0.000010 0.000010 0.000010 0.000010 0.207417
0.700386 0.000010 0.000010 0.258868 0.040716 0.000010
0.876443 0.000010 0.000010 0.000010 0.000010 0.123517
0.000010 0.000010 0.000010 0.677282 0.000010 0.322678
0.000010 0.000010 0.000010 0.000010 0.999950 0.000010
0.034403 0.000010 0.000010 0.965557 0.000010 0.000010
0.000010 0.000010 0.000010 0.606382 0.000010 0.393578
0.000010 0.079320 0.000010 0.000010 0.000010 0.920640
0.000010 0.000010 0.000010 0.000010 0.999950 0.000010
0.000010 0.000010 0.000010 0.243054 0.000010 0.756906
0.000010 0.000010 0.000010 0.999950 0.000010 0.000010
0.000010 0.052770 0.000010 0.947190 0.000010 0.000010
0.000010 0.000010 0.000010 0.999950 0.000010 0.000010
0.213406 0.000010 0.000010 0.148861 0.000010 0.637704
0.000010 0.000010 0.000010 0.660399 0.000010 0.339561
0.000010 0.000010 0.000010 0.999950 0.000010 0.000010
0.000010 0.000010 0.009250 0.841657 0.000010 0.149062
0.000010 0.000010 0.076830 0.698161 0.000010 0.224979
0.000010 0.000010 0.000010 0.000010 0.999950 0.000010
0.000010 0.000010 0.000010 0.999950 0.000010 0.000010
0.036874 0.000010 0.077680 0.368633 0.000010 0.516793
0.000010 0.000010 0.000010 0.626683 0.000010 0.373277
0.000010 0.000010 0.000010 0.999950 0.000010 0.000010
0.000010 0.000010 0.000010 0.000010 0.000010 0.999950
0.000010 0.000010 0.000010 0.699420 0.000010 0.300540
0.000010 0.000010 0.000010 0.000010 0.000010 0.999950
0.000010 0.000010 0.000010 0.792110 0.000010 0.207850
0.000010 0.000010 0.000010 0.631630 0.000010 0.368330
0.000010 0.000010 0.000010 0.295820 0.000010 0.704140
0.000010 0.000010 0.123630 0.876330 0.000010 0.000010
0.000010 0.000010 0.000010 0.999950 0.000010 0.000010
0.000010 0.000010 0.000010 0.999950 0.000010 0.000010
0.000010 0.000010 0.000010 0.418228 0.000010 0.581732
0.000010 0.000010 0.094906 0.732731 0.012280 0.160063
0.000010 0.000010 0.007788 0.540820 0.001313 0.450059
0.000010 0.000010 0.000010 0.999950 0.000010 0.000010
0.072140 0.000010 0.000010 0.207540 0.000010 0.720290
0.085166 0.000010 0.000010 0.914794 0.000010 0.000010
0.000010 0.000010 0.000010 0.999950 0.000010 0.000010
0.000010 0.000010 0.000010 0.000010 0.999950 0.000010
0.000010 0.000010 0.000010 0.000010 0.999950 0.000010
0.000010 0.000010 0.000010 0.675262 0.000010 0.324698
0.000010 0.000010 0.000010 0.000010 0.999950 0.000010
0.000010 0.000010 0.000010 0.000010 0.000010 0.999950
0.000010 0.000010 0.000010 0.227483 0.000010 0.772477
0.000010 0.000010 0.000010 0.000010 0.999950 0.000010
0.000010 0.000010 0.000010 0.000010 0.999950 0.000010
0.000010 0.000010 0.000010 0.511064 0.000010 0.488896
0.000010 0.000010 0.000010 0.000010 0.999950 0.000010
0.000010 0.000010 0.000010 0.000010 0.999950 0.000010
0.000010 0.000010 0.000010 0.000010 0.999950 0.000010
0.055781 0.000010 0.720292 0.196530 0.027377 0.000010
0.196811 0.000010 0.721105 0.082054 0.000010 0.000010
0.000010 0.000010 0.999950 0.000010 0.000010 0.000010
0.000010 0.000010 0.999950 0.000010 0.000010 0.000010
0.000010 0.000010 0.000010 0.000010 0.999950 0.000010
0.000010 0.000010 0.000010 0.124372 0.000010 0.875588
0.000010 0.000010 0.879820 0.000010 0.015818 0.104333
0.013724 0.008044 0.829798 0.142463 0.005961 0.000010
0.277730 0.000010 0.557094 0.142035 0.023121 0.000010
0.000010 0.000010 0.771030 0.000010 0.000010 0.228930
0.242719 0.093892 0.581317 0.000010 0.000010 0.082051
0.000010 0.000010 0.999950 0.000010 0.000010 0.000010
0.000010 0.000010 0.999950 0.000010 0.000010 0.000010
0.000010 0.127381 0.865787 0.006803 0.000010 0.000010
0.000010 0.000010 0.849171 0.000010 0.000010 0.150789
0.000010 0.000010 0.999950 0.000010 0.000010 0.000010
0.267531 0.000010 0.711826 0.000010 0.020613 0.000010
0.006062 0.157836 0.836072 0.000010 0.000010 0.000010
0.217470 0.151700 0.604009 0.000010 0.025228 0.001583
0.078335 0.000010 0.896615 0.000010 0.000010 0.025020
0.000010 0.000010 0.999950 0.000010 0.000010 0.000010
0.045110 0.000010 0.892637 0.041146 0.009660 0.011437
0.065595 0.000010 0.722148 0.211751 0.000486 0.000010
0.179993 0.000010 0.662677 0.000010 0.000010 0.157300
0.209406 0.000010 0.790554 0.000010 0.000010 0.000010
0.000010 0.000010 0.901218 0.000010 0.000010 0.098742
0.000010 0.094342 0.905618 0.000010 0.000010 0.000010
0.000010 0.000010 0.000010 0.000010 0.999950 0.000010
0.068118 0.000010 0.817000 0.114852 0.000010 0.000010
0.223630 0.000010 0.776330 0.000010 0.000010 0.000010
0.000010 0.000010 0.999950 0.000010 0.000010 0.000010
0.000010 0.000010 0.000010 0.000010 0.999950 0.000010
0.000010 0.000010 0.999950 0.000010 0.000010 0.000010
0.000010 0.000010 0.000010 0.000010 0.999950 0.000010
0.000010 0.000010 0.996982 0.002978 0.000010 0.000010
0.000010 0.000010 0.999950 0.000010 0.000010 0.000010
0.010385 0.076966 0.908200 0.004430 0.000010 0.000010
0.000010 0.000010 0.864574 0.000010 0.000010 0.135386
0.140203 0.000010 0.859757 0.000010 0.000010 0.000010
0.073597 0.000010 0.791557 0.000010 0.000010 0.134815
0.000010 0.000010 0.838665 0.000010 0.000010 0.161295
0.023873 0.048508 0.756285 0.156094 0.007680 0.007559
0.000010 0.000010 0.999950 0.000010 0.000010 0.000010
0.132991 0.148660 0.550710 0.167619 0.000010 0.000010
0.122974 0.000010 0.812679 0.064318 0.000010 0.000010
0.261430 0.000010 0.600399 0.138141 0.000010 0.000010
0.238144 0.039231 0.596050 0.000010 0.019755 0.106810
0.000010 0.000010 0.000010 0.837515 0.000010 0.162445
0.088530 0.000010 0.000010 0.467158 0.019583 0.424709
0.000010 0.000010 0.000010 0.791297 0.000010 0.208663
0.000010 0.000010 0.000010 0.407188 0.024993 0.567790
0.000010 0.000010 0.000010 0.734069 0.000010 0.265891
0.000010 0.025528 0.000010 0.442338 0.000010 0.532104
0.086972 0.000010 0.000010 0.556687 0.000010 0.356311
0.000010 0.000010 0.000010 0.760283 0.000010 0.239677
0.002169 0.000010 0.000010 0.430654 0.000010 0.567146
0.092553 0.000010 0.000010 0.383265 0.000010 0.524152
0.000010 0.000010 0.000010 0.464098 0.000010 0.535862
0.000010 0.000010 0.000010 0.909426 0.000010 0.090534
0.000010 0.000010 0.000010 0.000010 0.999950 0.000010
0.000010 0.012943 0.000010 0.000010 0.000010 0.987017
0.000010 0.083874 0.000010 0.684337 0.000010 0.231759
0.000010 0.000010 0.062086 0.706947 0.000010 0.230937
0.000010 0.000010 0.022516 0.529788 0.000010 0.447666
0.247011 0.000010 0.000010 0.000010 0.000010 0.752949
0.000010 0.000010 0.000010 0.409405 0.000010 0.590555
0.166157 0.000010 0.000010 0.141635 0.000010 0.692178
0.000010 0.000010 0.000010 0.000010 0.000010 0.999950
0.000010 0.000010 0.048765 0.291748 0.000010 0.659457
0.000010 0.000010 0.000010 0.000010 0.000010 0.999950
0.000010 0.000010 0.000010 0.349601 0.010569 0.639800
0.000010 0.000010 0.000010 0.578033 0.000010 0.421927
0.000010 0.000010 0.000010 0.770293 0.000010 0.229667
0.084663 0.000010 0.000010 0.000010 0.000010 0.915297
0.000010 0.000010 0.135783 0.000010 0.000010 0.864177
0.000010 0.000010 0.000010 0.489289 0.000010 0.510671
0.072456 0.007999 0.000010 0.376466 0.000010 0.543059
0.000010 0.000010 0.000010 0.419768 0.000010 0.580192
0.082306 0.000010 0.000010 0.217847 0.000010 0.699817
0.000010 0.000010 0.000010 0.999950 0.000010 0.000010
0.113071 0.000010 0.886889 0.000010 0.000010 0.000010
0.016876 0.000010 0.000010 0.498449 0.000010 0.484644
0.102324 0.000010 0.000010 0.560242 0.023558 0.313856
0.000010 0.000010 0.000010 0.233278 0.000010 0.766682
0.000010 0.000010 0.000010 0.449148 0.000010 0.550812
0.000010 0.000010 0.000010 0.572178 0.000010 0.427782
0.000010 0.000010 0.008823 0.692213 0.000010 0.298934
0.000010 0.000010 0.059766 0.023051 0.000010 0.917154
0.101441 0.000010 0.000010 0.697300 0.000010 0.201229
0.000010 0.000010 0.000010 0.362812 0.000589 0.636569
0.000010 0.000010 0.000010 0.357827 0.000010 0.642133
0.050718 0.000010 0.000010 0.478833 0.000010 0.470419
0.012738 0.000010 0.000010 0.106859 0.000010 0.880373
0.000010 0.000010 0.000010 0.999950 0.000010 0.000010
0.000010 0.000010 0.000010 0.679790 0.000010 0.320170
0.000010 0.000010 0.000010 0.606979 0.000010 0.392981
0.000010 0.000010 0.045780 0.606937 0.000010 0.347253
0.000010 0.000010 0.054601 0.346896 0.000010 0.598472
0.192031 0.000010 0.030781 0.777158 0.000010 0.000010
0.019115 0.000010 0.000010 0.109403 0.000010 0.871451
0.048409 0.000010 0.042804 0.618437 0.026140 0.264200
0.000010 0.000010 0.000010 0.000010 0.018567 0.981393
0.000010 0.000010 0.000010 0.449255 0.000010 0.550705
0.000010 0.000010 0.060197 0.621893 0.000010 0.317880
0.000010 0.000010 0.000010 0.334662 0.000010 0.665298
0.000010 0.000010 0.101264 0.105275 0.000010 0.793431
0.000010 0.000010 0.000010 0.000010 0.000010 0.999950
0.000010 0.060377 0.000010 0.786769 0.000010 0.152824
0.000010 0.000010 0.000010 0.000010 0.000010 0.999950
0.074160 0.000010 0.000010 0.639983 0.000010 0.285827
0.000010 0.000010 0.000010 0.644826 0.000010 0.355134
0.000010 0.000010 0.000010 0.706449 0.000010 0.293511
0.000010 0.000010 0.000010 0.155383 0.000010 0.844577
0.000010 0.000010 0.000010 0.000010 0.999950 0.000010
0.079475 0.000010 0.000010 0.195211 0.000010 0.725283
0.000010 0.000010 0.000010 0.410319 0.000010 0.589641
0.000010 0.000010 0.000010 0.423757 0.000010 0.576203
0.000010 0.000010 0.000010 0.183745 0.017605 0.798621
0.000010 0.000010 0.080187 0.588344 0.000010 0.331439
0.000010 0.000010 0.000010 0.646414 0.000010 0.353546
0.000010 0.000010 0.000010 0.388395 0.000010 0.611565
0.000010 0.000010 0.029541 0.000010 0.000010 0.970419
0.000010 0.000010 0.000010 0.000010 0.000010 0.999950
0.000010 0.000010 0.000010 0.246904 0.000010 0.753056
0.000010 0.059577 0.133651 0.599541 0.000010 0.207210
0.000010 0.107748 0.000010 0.486397 0.000010 0.405825
0.068362 0.000010 0.000010 0.509084 0.000010 0.422524
0.000010 0.000010 0.111456 0.757789 0.009299 0.121437
0.000010 0.000010 0.000010 0.645051 0.000010 0.354909
0.951944 0.000010 0.000010 0.000010 0.000010 0.048016
0.590408 0.000010 0.098248 0.290121 0.021202 0.000010
0.925095 0.000010 0.000010 0.000010 0.029323 0.045552
0.615316 0.000010 0.248239 0.000010 0.000010 0.136415
0.999950 0.000010 0.000010 0.000010 0.000010 0.000010
0.999950 0.000010 0.000010 0.000010 0.000010 0.000010
0.891500 0.000010 0.000010 0.000010 0.010095 0.098374
0.837961 0.000010 0.000010 0.160337 0.001671 0.000010
0.842186 0.093675 0.000010 0.060047 0.000010 0.004071
0.847265 0.000010 0.000010 0.000010 0.000010 0.152695
0.992152 0.000010 0.007808 0.000010 0.000010 0.000010
0.757547 0.000010 0.242413 0.000010 0.000010 0.000010
0.870867 0.000010 0.000010 0.000010 0.000010 0.129093
0.999950 0.000010 0.000010 0.000010 0.000010 0.000010
0.999950 0.000010 0.000010 0.000010 0.000010 0.000010
0.000010 0.000010 0.000010 0.000010 0.999950 0.000010
0.719752 0.000010 0.100608 0.041414 0.000010 0.138205
0.993070 0.000010 0.000010 0.006890 0.000010 0.000010
0.843862 0.000010 0.000010 0.156098 0.000010 0.000010
0.999950 0.000010 0.000010 0.000010 0.000010 0.000010
0.497213 0.000010 0.401096 0.000010 0.000010 0.101660
0.992120 0.000010 0.000010 0.007840 0.000010 0.000010
0.915517 0.000010 0.000010 0.038066 0.000010 0.046387
0.922889 0.000010 0.000010 0.077071 0.000010 0.000010
0.997240 0.000010 0.000010 0.000010 0.000010 0.002720
0.999950 0.000010 0.000010 0.000010 0.000010 0.000010
0.829091 0.000010 0.031960 0.138919 0.000010 0.000010
0.812416 0.000010 0.158923 0.000010 0.028631 0.000010
0.999950 0.000010 0.000010 0.000010 0.000010 0.000010
0.915225 0.000010 0.000010 0.000010 0.000010 0.084735
0.753777 0.000010 0.246183 0.000010 0.000010 0.000010
0.882064 0.000010 0.000010 0.117896 0.000010 0.000010
0.967794 0.000010 0.000010 0.032166 0.000010 0.000010
0.999950 0.000010 0.000010 0.000010 0.000010 0.000010
0.988007 0.000010 0.000010 0.000010 0.000010 0.011953
0.000010 0.000010 0.000010 0.000010 0.999950 0.000010
0.939539 0.000010 0.000010 0.060421 0.000010 0.000010
0.932099 0.000010 0.000010 0.067861 0.000010 0.000010
0.000010 0.000010 0.000010 0.000010 0.999950 0.000010
0.999950 0.000010 0.000010 0.000010 0.000010 0.000010
0.867961 0.000010 0.000010 0.000010 0.000010 0.131999
0.909680 0.000010 0.000010 0.000010 0.000010 0.090280
0.999950 0.000010 0.000010 0.000010 0.000010 0.000010
0.999950 0.000010 0.000010 0.000010 0.000010 0.000010
0.953558 0.000010 0.028441 0.000010 0.007098 0.010883
0.895445 0.000010 0.104515 0.000010 0.000010 0.000010
0.000010 0.000010 0.000010 0.000010 0.999950 0.000010
0.999950 0.000010 0.000010 0.000010 0.000010 0.000010
0.835912 0.000010 0.000010 0.000010 0.011359 0.152699
0.999950 0.000010 0.000010 0.000010 0.000010 0.000010
0.999950 0.000010 0.000010 0.000010 0.000010 0.000010
0.999950 0.000010 0.000010 0.000010 0.000010 0.000010
0.000010 0.000010 0.156975 0.163745 0.007794 0.671466
