0.006570 0.363830 0.260874 0.156207 0.120030 0.074529 0.000010 0.000010 0.000010 0.017931
0.000010 0.000010 0.999910 0.000010 0.000010 0.000010 0.000010 0.000010 0.000010 0.000010
0.000010 0.000010 0.350748 0.476290 0.000010 0.000010 0.081237 0.000010 0.000010 0.091665
0.000010 0.000010 0.000010 0.999910 0.000010 0.000010 0.000010 0.000010 0.000010 0.000010
0.000010 0.321715 0.504476 0.009741 0.064487 0.000010 0.000010 0.057695 0.000010 0.041846
0.000010 0.273613 0.547600 0.000010 0.055533 0.123194 0.000010 0.000010 0.000010 0.000010
0.000010 0.253512 0.211863 0.492870 0.000010 0.000010 0.041694 0.000010 0.000010 0.000010
0.000010 0.000010 0.577250 0.422670 0.000010 0.000010 0.000010 0.000010 0.000010 0.000010
0.000010 0.294013 0.000010 0.623603 0.025176 0.000010 0.000010 0.057148 0.000010 0.000010
0.000010 0.000010 0.000010 0.000010 0.000010 0.000010 0.999910 0.000010 0.000010 0.000010
0.000010 0.000010 0.000010 0.000010 0.000010 0.000010 0.999910 0.000010 0.000010 0.000010
0.000010 0.000010 0.667967 0.331953 0.000010 0.000010 0.000010 0.000010 0.000010 0.000010
0.000010 0.020904 0.639279 0.155391 0.061340 0.000010 0.000010 0.000010 0.000010 0.123035
0.000010 0.184933 0.544741 0.124598 0.000010 0.000010 0.000010 0.000010 0.000010 0.145667
0.000010 0.000010 0.000010 0.999910 0.000010 0.000010 0.000010 0.000010 0.000010 0.000010
0.000010 0.277560 0.150246 0.487956 0.084178 0.000010 0.000010 0.000010 0.000010 0.000010
0.000010 0.000010 0.000010 0.980196 0.000010 0.019724 0.000010 0.000010 0.000010 0.000010
0.000010 0.515442 0.050932 0.433555 0.000010 0.000010 0.000010 0.000010 0.000010 0.000010
0.000010 0.000010 0.323179 0.434139 0.093061 0.000010 0.134641 0.000010 0.000010 0.014930
0.028290 0.271786 0.504939 0.157669 0.000010 0.000010 0.037266 0.000010 0.000010 0.000010
0.000010 0.000010 0.718153 0.250091 0.000010 0.000010 0.000010 0.031686 0.000010 0.000010
0.024915 0.187069 0.333688 0.393120 0.000010 0.000010 0.061159 0.000010 0.000010 0.000010
0.000010 0.248520 0.279741 0.457649 0.000010 0.000010 0.012381 0.001658 0.000010 0.000010
0.000010 0.332871 0.275728 0.252690 0.047814 0.000010 0.000010 0.000010 0.090848 0.000010
0.000010 0.000010 0.308097 0.691823 0.000010 0.000010 0.000010 0.000010 0.000010 0.000010
0.000010 0.000010 0.454051 0.489013 0.000010 0.056867 0.000010 0.000010 0.000010 0.000010
0.000010 0.000010 0.518541 0.285427 0.000010 0.169135 0.000010 0.000010 0.026837 0.000010
0.000010 0.089729 0.000010 0.000010 0.128449 0.232874 0.000010 0.548888 0.000010 0.000010
0.000010 0.878280 0.000010 0.000010 0.000010 0.000010 0.000010 0.121640 0.000010 0.000010
0.000010 0.561239 0.381928 0.000010 0.000010 0.056763 0.000010 0.000010 0.000010 0.000010
0.000010 0.000010 0.000010 0.000010 0.000010 0.000010 0.000010 0.000010 0.999910 0.000010
0.000010 0.522278 0.110439 0.000010 0.000010 0.367213 0.000010 0.000010 0.000010 0.000010
0.000010 0.999910 0.000010 0.000010 0.000010 0.000010 0.000010 0.000010 0.000010 0.000010
0.000010 0.000010 0.000010 0.000010 0.000010 0.000010 0.000010 0.000010 0.999910 0.000010
0.000010 0.000010 0.000010 0.000010 0.000010 0.000010 0.000010 0.000010 0.999910 0.000010
0.000010 0.000010 0.000010 0.000010 0.000010 0.000010 0.000010 0.000010 0.999910 0.000010
0.000010 0.898527 0.000010 0.000010 0.000010 0.000010 0.000010 0.101393 0.000010 0.000010
0.000010 0.000010 0.000010 0.000010 0.000010 0.000010 0.000010 0.000010 0.999910 0.000010
0.000010 0.886208 0.000010 0.000010 0.000010 0.000010 0.000010 0.000010 0.113712 0.000010
0.000010 0.953982 0.000010 0.000010 0.000010 0.000010 0.000010 0.045938 0.000010 0.000010
0.000010 0.999910 0.000010 0.000010 0.000010 0.000010 0.000010 0.000010 0.000010 0.000010
0.000010 0.999910 0.000010 0.000010 0.000010 0.000010 0.000010 0.000010 0.000010 0.000010
0.000010 0.695757 0.000010 0.000010 0.087732 0.000010 0.000010 0.000010 0.114960 0.101491
0.033786 0.961380 0.000010 0.000010 0.004764 0.000010 0.000010 0.000010 0.000010 0.000010
0.999910 0.000010 0.000010 0.000010 0.000010 0.000010 0.000010 0.000010 0.000010 0.000010
0.047243 0.702622 0.167990 0.000010 0.000010 0.057697 0.024398 0.000010 0.000010 0.000010
0.035113 0.558854 0.000010 0.158366 0.000010 0.189320 0.000010 0.000010 0.058297 0.000010
0.002642 0.803234 0.000010 0.044467 0.137071 0.012536 0.000010 0.000010 0.000010 0.000010
0.002856 0.690265 0.000010 0.000010 0.050274 0.006398 0.000010 0.000010 0.230743 0.019425
0.999910 0.000010 0.000010 0.000010 0.000010 0.000010 0.000010 0.000010 0.000010 0.000010
0.000010 0.684960 0.000010 0.000010 0.000010 0.000010 0.230004 0.000010 0.000010 0.084966
0.000010 0.493502 0.137443 0.000010 0.193196 0.000010 0.000010 0.000010 0.110683 0.065127
0.999910 0.000010 0.000010 0.000010 0.000010 0.000010 0.000010 0.000010 0.000010 0.000010
0.000010 0.689283 0.000010 0.077220 0.000010 0.000010 0.000010 0.233427 0.000010 0.000010
0.999910 0.000010 0.000010 0.000010 0.000010 0.000010 0.000010 0.000010 0.000010 0.000010
0.999910 0.000010 0.000010 0.000010 0.000010 0.000010 0.000010 0.000010 0.000010 0.000010
0.000010 0.599891 0.099532 0.170726 0.000010 0.000010 0.000010 0.000010 0.000010 0.129791
0.999910 0.000010 0.000010 0.000010 0.000010 0.000010 0.000010 0.000010 0.000010 0.000010
0.000010 0.000010 0.000010 0.000010 0.000010 0.000010 0.999910 0.000010 0.000010 0.000010
0.999910 0.000010 0.000010 0.000010 0.000010 0.000010 0.000010 0.000010 0.000010 0.000010
0.000010 0.000010 0.000010 0.000010 0.000010 0.000010 0.999910 0.000010 0.000010 0.000010
0.000010 0.537283 0.080806 0.000010 0.242888 0.000010 0.138964 0.000010 0.000010 0.000010
0.000010 0.999910 0.000010 0.000010 0.000010 0.000010 0.000010 0.000010 0.000010 0.000010
0.000010 0.937713 0.000010 0.000010 0.000010 0.000010 0.000010 0.000010 0.000010 0.062207
0.000010 0.569015 0.139011 0.161877 0.076166 0.000010 0.000010 0.000010 0.053881 0.000010
0.000010 0.000010 0.000010 0.000010 0.000010 0.999910 0.000010 0.000010 0.000010 0.000010
0.010160 0.000010 0.000010 0.000010 0.000010 0.265594 0.000010 0.140214 0.000010 0.583972
0.000010 0.000010 0.000010 0.000010 0.000010 0.000010 0.000010 0.432423 0.000010 0.567497
0.000010 0.000010 0.242130 0.000010 0.000010 0.633797 0.000010 0.124003 0.000010 0.000010
0.000010 0.000010 0.000010 0.000010 0.000010 0.999910 0.000010 0.000010 0.000010 0.000010
0.000010 0.000010 0.000010 0.026718 0.115776 0.291671 0.000010 0.278396 0.000010 0.287388
0.000010 0.000010 0.000010 0.000010 0.000010 0.458990 0.000010 0.540930 0.000010 0.000010
0.005518 0.000010 0.000010 0.121210 0.000010 0.108169 0.000010 0.193170 0.039809 0.532083
0.999910 0.000010 0.000010 0.000010 0.000010 0.000010 0.000010 0.000010 0.000010 0.000010
0.000010 0.025341 0.000010 0.000010 0.000010 0.000010 0.035059 0.136068 0.000010 0.803472
0.000010 0.000010 0.188192 0.000010 0.046447 0.516742 0.000010 0.248559 0.000010 0.000010
0.000010 0.109409 0.000010 0.000010 0.000010 0.624022 0.000010 0.266498 0.000010 0.000010
0.000010 0.041641 0.050733 0.000010 0.000010 0.339586 0.000010 0.000010 0.000010 0.567980
0.000010 0.000010 0.000010 0.000010 0.128710 0.360571 0.000010 0.000010 0.000010 0.510649
0.000010 0.000010 0.000010 0.000010 0.000010 0.999910 0.000010 0.000010 0.000010 0.000010
0.000010 0.094264 0.000010 0.000010 0.000010 0.456230 0.000010 0.231741 0.000010 0.217706
0.000010 0.325871 0.452707 0.000010 0.062413 0.000010 0.000010 0.158948 0.000010 0.000010
0.000010 0.153991 0.000010 0.156998 0.000010 0.055814 0.000010 0.027126 0.000010 0.606020
0.999910 0.000010 0.000010 0.000010 0.000010 0.000010 0.000010 0.000010 0.000010 0.000010
0.000010 0.140796 0.000010 0.000010 0.000010 0.737212 0.000010 0.121922 0.000010 0.000010
0.000010 0.094202 0.000010 0.000010 0.000010 0.795717 0.000010 0.110011 0.000010 0.000010
0.000010 0.000010 0.000010 0.000010 0.000010 0.450100 0.000010 0.249535 0.000010 0.300295
0.000010 0.000010 0.000010 0.005329 0.000010 0.358143 0.000010 0.000010 0.000010 0.636458
0.000010 0.146358 0.000010 0.000010 0.000010 0.043091 0.000010 0.098767 0.000010 0.711725
0.999910 0.000010 0.000010 0.000010 0.000010 0.000010 0.000010 0.000010 0.000010 0.000010
0.000010 0.000010 0.000010 0.034114 0.000010 0.517897 0.000010 0.096507 0.000010 0.351422
0.000010 0.000010 0.000010 0.000010 0.016836 0.659708 0.000010 0.323386 0.000010 0.000010
0.999910 0.000010 0.000010 0.000010 0.000010 0.000010 0.000010 0.000010 0.000010 0.000010
0.000010 0.000010 0.000010 0.000010 0.000010 0.999910 0.000010 0.000010 0.000010 0.000010
0.999910 0.000010 0.000010 0.000010 0.000010 0.000010 0.000010 0.000010 0.000010 0.000010
0.999910 0.000010 0.000010 0.000010 0.000010 0.000010 0.000010 0.000010 0.000010 0.000010
0.999910 0.000010 0.000010 0.000010 0.000010 0.000010 0.000010 0.000010 0.000010 0.000010
0.000010 0.000010 0.000010 0.014847 0.029962 0.337656 0.000010 0.412549 0.000010 0.204937
0.000010 0.000010 0.165609 0.000010 0.000010 0.000010 0.000010 0.000010 0.000010 0.834311
0.012633 0.000010 0.261685 0.000010 0.617052 0.052007 0.000010 0.000010 0.000010 0.056573
0.000010 0.000010 0.139847 0.000010 0.727617 0.000010 0.000010 0.132466 0.000010 0.000010
0.000010 0.000010 0.000010 0.217731 0.736633 0.045566 0.000010 0.000010 0.000010 0.000010
0.000010 0.163592 0.118009 0.000010 0.718329 0.000010 0.000010 0.000010 0.000010 0.000010
0.035352 0.000010 0.000010 0.095826 0.652027 0.110295 0.000010 0.106451 0.000010 0.000010
0.000010 0.000010 0.116499 0.000010 0.740868 0.000010 0.000010 0.000010 0.000010 0.142563
0.000010 0.000010 0.000010 0.000010 0.000010 0.012210 0.000010 0.207149 0.000010 0.780571
0.999910 0.000010 0.000010 0.000010 0.000010 0.000010 0.000010 0.000010 0.000010 0.000010
0.000010 0.000010 0.000010 0.059256 0.000010 0.286866 0.000010 0.284505 0.000010 0.369312
0.000010 0.000010 0.000010 0.000010 0.000010 0.757090 0.000010 0.000010 0.000010 0.242830
0.000010 0.000010 0.000010 0.000010 0.000010 0.000010 0.000010 0.577741 0.000010 0.422179
0.999910 0.000010 0.000010 0.000010 0.000010 0.000010 0.000010 0.000010 0.000010 0.000010
0.000010 0.000010 0.000010 0.000010 0.000010 0.258730 0.000010 0.130799 0.000010 0.610401
0.000010 0.000010 0.000010 0.000010 0.000010 0.462318 0.000010 0.537602 0.000010 0.000010
0.000010 0.000010 0.002044 0.000010 0.000010 0.752984 0.000010 0.154260 0.067938 0.022724
0.000010 0.136075 0.000010 0.000010 0.000010 0.454974 0.000010 0.408881 0.000010 0.000010
0.000010 0.000010 0.000010 0.040978 0.086206 0.413421 0.000010 0.375254 0.000010 0.084092
0.000010 0.052556 0.000010 0.000010 0.000010 0.412823 0.000010 0.066459 0.000010 0.468102
0.000010 0.000010 0.000010 0.000010 0.000010 0.650376 0.000010 0.043028 0.000010 0.306526
0.000010 0.013640 0.000010 0.128399 0.000010 0.733156 0.000010 0.124745 0.000010 0.000010
0.000010 0.000010 0.000010 0.048100 0.000010 0.676073 0.000010 0.275756 0.000010 0.000010
0.999907 0.000010 0.000013 0.000010 0.000010 0.000010 0.000010 0.000010 0.000010 0.000010
0.000010 0.000010 0.000010 0.000010 0.000010 0.999910 0.000010 0.000010 0.000010 0.000010
0.004760 0.174420 0.000010 0.000010 0.000010 0.070398 0.000010 0.176566 0.000010 0.573806
0.000010 0.000010 0.000010 0.000010 0.000010 0.367055 0.000010 0.000010 0.000010 0.632864
0.000010 0.000010 0.000010 0.000010 0.000010 0.999910 0.000010 0.000010 0.000010 0.000010
0.000010 0.000010 0.000010 0.000010 0.000010 0.000010 0.000010 0.999910 0.000010 0.000010
0.022116 0.000010 0.000010 0.000010 0.000010 0.204219 0.044407 0.457896 0.000010 0.271312
0.000010 0.000010 0.000010 0.000010 0.000010 0.000010 0.000010 0.999910 0.000010 0.000010
0.000010 0.000010 0.000010 0.000010 0.005203 0.264292 0.000010 0.147326 0.000010 0.583120
0.000010 0.000010 0.000010 0.000010 0.000010 0.150508 0.000010 0.636508 0.000010 0.212913
0.000010 0.000010 0.000010 0.000010 0.000010 0.000010 0.000010 0.999910 0.000010 0.000010
0.000010 0.000010 0.000010 0.000010 0.000010 0.564115 0.000010 0.435805 0.000010 0.000010
0.000010 0.000010 0.000010 0.000010 0.000010 0.999910 0.000010 0.000010 0.000010 0.000010
0.000010 0.000010 0.000010 0.000010 0.000010 0.999910 0.000010 0.000010 0.000010 0.000010
0.000010 0.000010 0.000010 0.000010 0.000010 0.449924 0.000010 0.436093 0.000010 0.113913
0.000010 0.000010 0.000010 0.000010 0.000010 0.474429 0.000010 0.000010 0.000010 0.525491
0.000010 0.089943 0.000010 0.000010 0.000010 0.000010 0.000010 0.131257 0.000010 0.778730
0.000010 0.000010 0.000010 0.000010 0.000010 0.927441 0.000010 0.072479 0.000010 0.000010
0.015280 0.000010 0.000010 0.000010 0.081242 0.445286 0.000010 0.000010 0.000010 0.458131
0.000010 0.000010 0.000010 0.000010 0.000010 0.965610 0.000010 0.034310 0.000010 0.000010
0.000010 0.000010 0.000010 0.000010 0.000010 0.260867 0.000010 0.236017 0.000010 0.503046
0.999910 0.000010 0.000010 0.000010 0.000010 0.000010 0.000010 0.000010 0.000010 0.000010
0.999910 0.000010 0.000010 0.000010 0.000010 0.000010 0.000010 0.000010 0.000010 0.000010
0.000010 0.000010 0.000010 0.000010 0.000010 0.514949 0.025629 0.459351 0.000010 0.000010
0.999910 0.000010 0.000010 0.000010 0.000010 0.000010 0.000010 0.000010 0.000010 0.000010
0.000010 0.000010 0.000015 0.000010 0.000010 0.000010 0.000010 0.484157 0.000010 0.515758
0.000010 0.000010 0.000010 0.000010 0.000010 0.000010 0.000010 0.000010 0.000010 0.999910
0.999910 0.000010 0.000010 0.000010 0.000010 0.000010 0.000010 0.000010 0.000010 0.000010
0.999910 0.000010 0.000010 0.000010 0.000010 0.000010 0.000010 0.000010 0.000010 0.000010
0.000010 0.104200 0.000010 0.009634 0.000010 0.131478 0.000010 0.386882 0.000010 0.367756
0.999910 0.000010 0.000010 0.000010 0.000010 0.000010 0.000010 0.000010 0.000010 0.000010
0.999910 0.000010 0.000010 0.000010 0.000010 0.000010 0.000010 0.000010 0.000010 0.000010
0.999910 0.000010 0.000010 0.000010 0.000010 0.000010 0.000010 0.000010 0.000010 0.000010
0.000010 0.000010 0.953333 0.000010 0.000010 0.000010 0.000010 0.046587 0.000010 0.000010
0.000010 0.000010 0.999910 0.000010 0.000010 0.000010 0.000010 0.000010 0.000010 0.000010
0.000010 0.246938 0.734642 0.000010 0.000010 0.000010 0.000010 0.000010 0.000010 0.018350
0.000010 0.000010 0.191019 0.785539 0.000010 0.000010 0.000010 0.000010 0.000010 0.023372
0.999910 0.000010 0.000010 0.000010 0.000010 0.000010 0.000010 0.000010 0.000010 0.000010
0.000010 0.000010 0.000010 0.062792 0.000010 0.428677 0.000010 0.131713 0.000010 0.376757
0.000010 0.000010 0.959496 0.000010 0.000010 0.000010 0.000010 0.040424 0.000010 0.000010
0.000010 0.479125 0.105157 0.414960 0.000697 0.000010 0.000010 0.000010 0.000010 0.000010
0.000010 0.000010 0.813248 0.000010 0.000010 0.125479 0.000010 0.000010 0.061203 0.000010
0.004445 0.183644 0.000010 0.659134 0.000010 0.000010 0.000010 0.152716 0.000010 0.000010
0.000010 0.311746 0.459964 0.111546 0.000010 0.000010 0.048260 0.068434 0.000010 0.000010
0.000010 0.086905 0.519429 0.393597 0.000010 0.000010 0.000010 0.000010 0.000010 0.000010
0.000010 0.000010 0.000010 0.999910 0.000010 0.000010 0.000010 0.000010 0.000010 0.000010
0.000010 0.008102 0.328562 0.639274 0.000010 0.016246 0.000010 0.000010 0.000010 0.007767
0.000010 0.000010 0.311475 0.682983 0.000010 0.005471 0.000010 0.000010 0.000010 0.000010
0.000010 0.000010 0.000010 0.999910 0.000010 0.000010 0.000010 0.000010 0.000010 0.000010
0.021704 0.194319 0.319670 0.313070 0.080313 0.000010 0.000010 0.070884 0.000010 0.000010
0.000010 0.149008 0.471300 0.343359 0.019534 0.000015 0.000010 0.016744 0.000010 0.000010
0.000010 0.000010 0.786573 0.108671 0.000010 0.000010 0.000010 0.104685 0.000010 0.000010
0.000010 0.278391 0.639860 0.081679 0.000010 0.000010 0.000010 0.000010 0.000010 0.000010
0.000010 0.000010 0.999910 0.000010 0.000010 0.000010 0.000010 0.000010 0.000010 0.000010
0.000010 0.186269 0.559174 0.000010 0.000010 0.109960 0.144538 0.000010 0.000010 0.000010
0.000010 0.000010 0.847990 0.000010 0.000010 0.000010 0.000010 0.000010 0.000010 0.151930
0.000010 0.000010 0.000010 0.999910 0.000010 0.000010 0.000010 0.000010 0.000010 0.000010
0.000010 0.000010 0.723293 0.218589 0.051704 0.000010 0.000010 0.006354 0.000010 0.000010
0.000010 0.194161 0.344612 0.461158 0.000010 0.000010 0.000010 0.000010 0.000010 0.000010
0.022996 0.000010 0.415390 0.390316 0.000010 0.000010 0.000010 0.020530 0.034086 0.116642
0.999910 0.000010 0.000010 0.000010 0.000010 0.000010 0.000010 0.000010 0.000010 0.000010
0.000714 0.261501 0.411666 0.326059 0.000010 0.000010 0.000010 0.000010 0.000010 0.000010
0.000010 0.071596 0.250601 0.419688 0.190153 0.000010 0.000010 0.067911 0.000010 0.000010
0.000010 0.000010 0.999910 0.000010 0.000010 0.000010 0.000010 0.000010 0.000010 0.000010
0.999910 0.000010 0.000010 0.000010 0.000010 0.000010 0.000010 0.000010 0.000010 0.000010
0.000010 0.000010 0.999910 0.000010 0.000010 0.000010 0.000010 0.000010 0.000010 0.000010
0.999910 0.000010 0.000010 0.000010 0.000010 0.000010 0.000010 0.000010 0.000010 0.000010
0.000010 0.136905 0.792353 0.000010 0.000010 0.000010 0.000010 0.070673 0.000010 0.000010
0.000010 0.000010 0.469979 0.529941 0.000010 0.000010 0.000010 0.000010 0.000010 0.000010
0.000010 0.124878 0.372943 0.502109 0.000010 0.000010 0.000010 0.000010 0.000010 0.000010
0.000010 0.000010 0.669696 0.211459 0.000010 0.000010 0.000010 0.000010 0.000010 0.118776
0.000010 0.075659 0.000010 0.819646 0.000010 0.000010 0.104625 0.000010 0.000010 0.000010
0.000010 0.374684 0.000010 0.573784 0.000010 0.000010 0.000010 0.051462 0.000010 0.000010
0.000010 0.319286 0.143728 0.536916 0.000010 0.000010 0.000010 0.000010 0.000010 0.000010
0.000010 0.243971 0.165793 0.479301 0.000010 0.000010 0.048050 0.062835 0.000010 0.000010
0.000010 0.000010 0.000010 0.999910 0.000010 0.000010 0.000010 0.000010 0.000010 0.000010
0.000010 0.176228 0.202584 0.338884 0.000010 0.000010 0.000010 0.252535 0.029720 0.000010
0.000010 0.000010 0.999910 0.000010 0.000010 0.000010 0.000010 0.000010 0.000010 0.000010
0.000010 0.000010 0.886867 0.000010 0.000010 0.000010 0.046621 0.066442 0.000010 0.000010
0.000010 0.464696 0.000010 0.326180 0.209054 0.000010 0.000010 0.000010 0.000010 0.000010
0.000010 0.000010 0.000010 0.000010 0.000010 0.999910 0.000010 0.000010 0.000010 0.000010
0.000010 0.000010 0.000010 0.000010 0.077743 0.233340 0.000010 0.178442 0.000010 0.510414
0.000010 0.000010 0.000010 0.008537 0.077816 0.617440 0.000010 0.145060 0.000010 0.151096
0.000010 0.000010 0.000010 0.000010 0.193515 0.277295 0.000010 0.117913 0.102230 0.308997
0.000010 0.000010 0.025406 0.000010 0.000010 0.292673 0.000010 0.022879 0.000010 0.658982
0.000010 0.043111 0.000010 0.000010 0.000010 0.493211 0.000010 0.097112 0.000010 0.366505
0.000010 0.209875 0.030412 0.000010 0.007192 0.241778 0.000010 0.202400 0.000010 0.308303
0.000010 0.087528 0.000010 0.000010 0.000010 0.474092 0.000010 0.236729 0.000010 0.201591
0.000010 0.000010 0.012435 0.173551 0.000010 0.159280 0.000010 0.000010 0.000010 0.654674
0.012393 0.051076 0.000010 0.000010 0.049418 0.299976 0.000010 0.039900 0.000010 0.547196
0.000010 0.000010 0.000010 0.000010 0.000010 0.150636 0.000680 0.248298 0.000010 0.600325
0.000010 0.000010 0.000010 0.000010 0.191826 0.000010 0.024187 0.255192 0.000010 0.528735
0.999909 0.000010 0.000010 0.000011 0.000010 0.000010 0.000010 0.000010 0.000010 0.000010
0.000010 0.000010 0.000010 0.000010 0.000010 0.009658 0.000010 0.436715 0.000010 0.553556
0.000010 0.000010 0.000010 0.000010 0.000010 0.583028 0.000010 0.092890 0.000010 0.324012
0.000010 0.105325 0.109714 0.000010 0.000010 0.516897 0.002418 0.000010 0.000010 0.265596
0.000010 0.042227 0.018998 0.000010 0.000010 0.228801 0.041722 0.085079 0.000010 0.583134
0.000010 0.000010 0.000010 0.000010 0.279669 0.119899 0.044293 0.079179 0.000010 0.476909
0.000010 0.000010 0.000010 0.000010 0.000010 0.391006 0.041236 0.400169 0.000010 0.167529
0.000010 0.000010 0.000010 0.000010 0.092034 0.000010 0.000010 0.000010 0.000010 0.907886
0.000010 0.000010 0.139206 0.000010 0.000010 0.000010 0.000010 0.095143 0.000010 0.765581
0.000010 0.000010 0.000010 0.027010 0.000010 0.000010 0.043861 0.323699 0.000010 0.605370
0.000010 0.000010 0.000010 0.000010 0.000010 0.000010 0.000010 0.249208 0.000010 0.750712
0.000010 0.000010 0.116709 0.000010 0.000010 0.000010 0.000010 0.000010 0.000010 0.883211
0.029351 0.000010 0.000010 0.000010 0.000010 0.000010 0.000010 0.131760 0.000010 0.838820
0.000010 0.000010 0.000010 0.000010 0.000010 0.000010 0.000010 0.302141 0.000010 0.697779
0.000010 0.000010 0.000010 0.024083 0.000010 0.000010 0.000010 0.230799 0.000010 0.745048
0.000010 0.043345 0.000010 0.000010 0.000010 0.000010 0.000010 0.000010 0.000010 0.956575
0.000010 0.000010 0.000010 0.000010 0.000010 0.000010 0.000010 0.903457 0.000010 0.096463
0.000010 0.000010 0.000010 0.000010 0.000010 0.000010 0.000010 0.999910 0.000010 0.000010
0.000010 0.060425 0.135450 0.000010 0.000010 0.175510 0.000010 0.000011 0.000010 0.628555
0.000010 0.024549 0.000010 0.000010 0.330670 0.000010 0.000010 0.164084 0.000010 0.480637
0.000010 0.000010 0.000010 0.000010 0.000010 0.537625 0.000010 0.207806 0.000010 0.254499
0.000010 0.000010 0.000010 0.999910 0.000010 0.000010 0.000010 0.000010 0.000010 0.000010
0.000010 0.000010 0.000010 0.019652 0.015092 0.196833 0.000010 0.060241 0.000010 0.708133
0.000010 0.000010 0.000010 0.000010 0.106483 0.222318 0.000010 0.172947 0.000010 0.498191
0.000010 0.000010 0.000010 0.000010 0.000010 0.131552 0.000010 0.000010 0.000010 0.868368
0.000010 0.075318 0.000010 0.000010 0.024911 0.280892 0.020978 0.335520 0.000010 0.262341
0.000010 0.000010 0.000010 0.109548 0.000010 0.429117 0.000010 0.175459 0.000010 0.285817
0.000010 0.081576 0.000010 0.000010 0.000010 0.354235 0.000010 0.207945 0.000010 0.356184
0.000010 0.098450 0.000010 0.000010 0.000010 0.254578 0.000010 0.112468 0.000010 0.534445
0.000010 0.000010 0.000010 0.104772 0.000010 0.346283 0.000010 0.273373 0.000010 0.275512
0.000010 0.000010 0.000010 0.000010 0.000010 0.000010 0.000010 0.000010 0.000010 0.999910
0.000010 0.000010 0.000010 0.000010 0.000010 0.331232 0.000010 0.056189 0.042355 0.570165
0.000010 0.239250 0.000010 0.000010 0.000010 0.000010 0.000010 0.080349 0.000010 0.680331
0.012744 0.000010 0.000010 0.000010 0.000010 0.213007 0.000010 0.197412 0.000010 0.576777
0.000010 0.094502 0.000010 0.000010 0.000010 0.348633 0.000010 0.081682 0.000010 0.475122
0.019898 0.000010 0.000010 0.000010 0.000010 0.341154 0.000010 0.504150 0.000010 0.134737
0.000010 0.064404 0.000010 0.000010 0.000010 0.283078 0.000010 0.441193 0.000010 0.211265
0.000010 0.000016 0.100368 0.090078 0.000010 0.181282 0.000010 0.131676 0.000010 0.496540
0.000010 0.000010 0.000010 0.000010 0.000010 0.000010 0.000010 0.522678 0.000010 0.477242
0.000820 0.000010 0.000010 0.097848 0.000010 0.498689 0.000010 0.109535 0.000010 0.293058
0.000010 0.000010 0.000010 0.000010 0.000010 0.290580 0.000010 0.142205 0.000010 0.567145
0.046577 0.000010 0.000010 0.000010 0.000010 0.000010 0.000010 0.232353 0.000010 0.721000
0.000010 0.000010 0.000010 0.000010 0.000010 0.172148 0.000010 0.564705 0.000010 0.263077
0.000010 0.000010 0.000010 0.041314 0.099640 0.554040 0.000010 0.184782 0.000010 0.120173
0.000010 0.000010 0.027031 0.000010 0.000010 0.409586 0.014642 0.119555 0.028762 0.400384
0.000010 0.000010 0.000010 0.000010 0.000010 0.321920 0.000010 0.000010 0.000010 0.678000
0.000010 0.000010 0.154549 0.000010 0.000010 0.000010 0.000010 0.419278 0.000010 0.426103
0.000010 0.000010 0.000010 0.000010 0.000010 0.000010 0.000010 0.999910 0.000010 0.000010
0.000010 0.000010 0.000010 0.000010 0.000010 0.000010 0.049872 0.144884 0.051563 0.753622
0.000010 0.000010 0.000010 0.000010 0.000010 0.000010 0.000010 0.999910 0.000010 0.000010
0.000010 0.000010 0.000010 0.072010 0.000010 0.000010 0.000010 0.276704 0.000010 0.651216
0.000010 0.000010 0.134088 0.000010 0.000390 0.297045 0.000010 0.353071 0.000010 0.215356
0.000010 0.000010 0.079319 0.000010 0.000010 0.145560 0.000010 0.000010 0.000010 0.775051
0.000010 0.008027 0.000010 0.004085 0.000010 0.000010 0.000010 0.505237 0.000010 0.482592
0.999910 0.000010 0.000010 0.000010 0.000010 0.000010 0.000010 0.000010 0.000010 0.000010
0.000010 0.133530 0.000010 0.000010 0.000010 0.135860 0.000010 0.183957 0.000010 0.546593
0.000010 0.120144 0.000010 0.000010 0.000010 0.000010 0.000010 0.129812 0.000010 0.749974
0.000010 0.000010 0.000010 0.012140 0.000010 0.308174 0.000010 0.327504 0.000010 0.352121
0.000010 0.014733 0.000010 0.000010 0.153917 0.000010 0.000010 0.161209 0.000010 0.670081
0.000010 0.000010 0.000010 0.153218 0.032884 0.406532 0.000010 0.335066 0.000010 0.072250
0.000010 0.000010 0.000010 0.000010 0.000010 0.212948 0.000010 0.140196 0.000010 0.646787
0.000010 0.015103 0.000010 0.000010 0.000010 0.414541 0.000010 0.099823 0.000010 0.470473
0.000010 0.300576 0.000010 0.000010 0.000010 0.306154 0.000010 0.000010 0.000010 0.393199
0.000010 0.371883 0.000010 0.000010 0.000010 0.309460 0.000010 0.000010 0.000010 0.318587
0.000010 0.198351 0.000010 0.000010 0.000010 0.000010 0.000010 0.083760 0.000010 0.717819
0.000010 0.065900 0.000010 0.000010 0.000010 0.013326 0.000010 0.257777 0.000010 0.662936
0.000010 0.120481 0.000010 0.000010 0.000010 0.142643 0.000010 0.170718 0.000010 0.566097
0.000010 0.066512 0.000010 0.035585 0.052300 0.203934 0.000010 0.264508 0.000010 0.377120
0.000010 0.274074 0.000010 0.000010 0.000010 0.486097 0.000010 0.000010 0.000010 0.239759
0.000010 0.002696 0.000010 0.000010 0.000010 0.079029 0.000010 0.247216 0.000010 0.670999
0.000010 0.000010 0.213513 0.000010 0.786407 0.000010 0.000010 0.000010 0.000010 0.000010
0.006723 0.000010 0.000010 0.316078 0.677129 0.000010 0.000010 0.000010 0.000010 0.000010
0.006214 0.000010 0.048604 0.000010 0.834869 0.065003 0.045260 0.000010 0.000010 0.000010
0.000010 0.519019 0.000010 0.000011 0.427847 0.000010 0.000010 0.053064 0.000010 0.000010
0.000010 0.000010 0.000010 0.000010 0.934898 0.065022 0.000010 0.000010 0.000010 0.000010
0.000010 0.000010 0.000010 0.000010 0.999910 0.000010 0.000010 0.000010 0.000010 0.000010
0.023374 0.000010 0.095740 0.121979 0.758847 0.000010 0.000010 0.000010 0.000010 0.000010
0.000010 0.000010 0.000010 0.000010 0.830622 0.169298 0.000010 0.000010 0.000010 0.000010
0.000010 0.176418 0.000010 0.079675 0.743837 0.000010 0.000010 0.000010 0.000010 0.000010
0.000010 0.000010 0.000010 0.048621 0.756471 0.000010 0.000010 0.000010 0.000010 0.194838
0.000010 0.000010 0.020047 0.000010 0.927687 0.000010 0.000010 0.000010 0.000010 0.052196
0.000010 0.273952 0.120370 0.000010 0.503684 0.000010 0.000010 0.101933 0.000010 0.000010
0.000010 0.153054 0.214300 0.000010 0.514198 0.000010 0.000010 0.025383 0.000010 0.093016
0.000010 0.000010 0.145572 0.000010 0.838282 0.016076 0.000010 0.000010 0.000010 0.000010
0.000010 0.000010 0.000010 0.000010 0.999910 0.000010 0.000010 0.000010 0.000010 0.000010
0.999910 0.000010 0.000010 0.000010 0.000010 0.000010 0.000010 0.000010 0.000010 0.000010
0.000010 0.209857 0.000010 0.000010 0.772277 0.000010 0.000010 0.000010 0.000010 0.017796
0.000010 0.000010 0.113594 0.000010 0.770241 0.000010 0.000010 0.000010 0.000010 0.116095
0.004004 0.000010 0.000010 0.104024 0.658234 0.000010 0.000010 0.068237 0.000010 0.165450
0.000010 0.249122 0.000010 0.000010 0.702972 0.000010 0.000010 0.000010 0.000010 0.047836
0.000010 0.269350 0.098792 0.008736 0.539590 0.000010 0.000010 0.000010 0.000010 0.083481
0.000010 0.000010 0.000010 0.000010 0.941759 0.058161 0.000010 0.000010 0.000010 0.000010
0.029812 0.000010 0.180250 0.000010 0.603981 0.176532 0.000010 0.000010 0.000010 0.009375
0.000010 0.000010 0.000010 0.150044 0.676474 0.157752 0.000010 0.015670 0.000010 0.000010
0.000010 0.169394 0.000010 0.000010 0.830526 0.000010 0.000010 0.000010 0.000010 0.000010
0.000010 0.000010 0.000010 0.151702 0.770901 0.077327 0.000010 0.000010 0.000010 0.000010
0.000010 0.080279 0.020939 0.000010 0.859282 0.000010 0.000010 0.000010 0.000010 0.039440
0.005912 0.000010 0.000010 0.000010 0.994008 0.000010 0.000010 0.000010 0.000010 0.000010
0.000010 0.037845 0.158037 0.005184 0.692100 0.000010 0.000010 0.000010 0.041684 0.065109
0.000010 0.000010 0.216236 0.090699 0.692995 0.000010 0.000010 0.000010 0.000010 0.000010
0.000010 0.000010 0.105946 0.000010 0.838097 0.055886 0.000010 0.000010 0.000010 0.000010
0.000010 0.111868 0.000010 0.000010 0.816811 0.000010 0.000010 0.000010 0.000010 0.071251
0.000010 0.000010 0.180811 0.000010 0.755340 0.000010 0.000010 0.063779 0.000010 0.000010
0.000010 0.000010 0.136353 0.000010 0.808710 0.005700 0.000010 0.000010 0.000010 0.049177
0.000010 0.000010 0.137108 0.000010 0.798569 0.000010 0.000010 0.064253 0.000010 0.000010
0.999908 0.000012 0.000010 0.000010 0.000010 0.000010 0.000010 0.000010 0.000010 0.000010
0.000010 0.092107 0.000010 0.000010 0.793063 0.114760 0.000010 0.000010 0.000010 0.000010
0.000010 0.195971 0.036908 0.000010 0.749491 0.017570 0.000010 0.000010 0.000010 0.000010
0.999910 0.000010 0.000010 0.000010 0.000010 0.000010 0.000010 0.000010 0.000010 0.000010
0.000010 0.013925 0.071535 0.000010 0.903943 0.000010 0.000010 0.000010 0.010537 0.000010
0.013960 0.024338 0.000010 0.180030 0.654213 0.000010 0.000010 0.000010 0.000010 0.127408
0.000010 0.000010 0.000010 0.000010 0.878403 0.000010 0.000010 0.000010 0.000010 0.121517
0.000010 0.045580 0.000010 0.268738 0.678069 0.000010 0.000010 0.000010 0.000010 0.007553
0.000010 0.082781 0.000010 0.000010 0.917139 0.000010 0.000010 0.000010 0.000010 0.000010
0.000010 0.036110 0.000010 0.023172 0.806643 0.000010 0.000010 0.000010 0.000010 0.134015
0.012826 0.200219 0.000010 0.000010 0.786885 0.000010 0.000010 0.000010 0.000010 0.000010
0.999910 0.000010 0.000010 0.000010 0.000010 0.000010 0.000010 0.000010 0.000010 0.000010
0.000010 0.000010 0.000010 0.000010 0.999910 0.000010 0.000010 0.000010 0.000010 0.000010
0.000010 0.073174 0.075858 0.000010 0.787423 0.000010 0.000010 0.000010 0.000010 0.063485
0.000010 0.000010 0.000010 0.000010 0.999910 0.000010 0.000010 0.000010 0.000010 0.000010
0.000010 0.000010 0.000010 0.043706 0.930403 0.000010 0.000010 0.025822 0.000010 0.000010
0.000010 0.098335 0.000010 0.000010 0.826303 0.000010 0.000010 0.075292 0.000010 0.000010
0.000010 0.000010 0.164832 0.000010 0.000010 0.000010 0.000010 0.103893 0.000010 0.731205
