0.000010 0.628368 0.260932 0.014170 0.000010 0.000010 0.096500
0.031693 0.968257 0.000010 0.000010 0.000010 0.000010 0.000010
0.000010 0.999940 0.000010 0.000010 0.000010 0.000010 0.000010
0.057152 0.737300 0.205508 0.000010 0.000010 0.000010 0.000010
0.127221 0.710207 0.162533 0.000010 0.000010 0.000010 0.000010
0.000010 0.616873 0.256328 0.000010 0.000010 0.000010 0.126760
0.000010 0.999940 0.000010 0.000010 0.000010 0.000010 0.000010
0.000010 0.999940 0.000010 0.000010 0.000010 0.000010 0.000010
0.004662 0.800566 0.194731 0.000010 0.000010 0.000010 0.000010
0.000010 0.453267 0.000010 0.000010 0.002284 0.544409 0.000010
0.000010 0.791285 0.000010 0.000010 0.000010 0.208665 0.000010
0.000010 0.893671 0.106279 0.000010 0.000010 0.000010 0.000010
0.089796 0.760081 0.150084 0.000010 0.000010 0.000010 0.000010
0.043093 0.920663 0.036204 0.000010 0.000010 0.000010 0.000010
0.000010 0.999940 0.000010 0.000010 0.000010 0.000010 0.000010
0.000010 0.890565 0.095176 0.000010 0.000010 0.000010 0.014219
0.023836 0.976114 0.000010 0.000010 0.000010 0.000010 0.000010
0.000010 0.932401 0.067549 0.000010 0.000010 0.000010 0.000010
0.020344 0.852654 0.126962 0.000010 0.000010 0.000010 0.000010
0.000010 0.970807 0.000010 0.029143 0.000010 0.000010 0.000010
0.000010 0.956413 0.043537 0.000010 0.000010 0.000010 0.000010
0.000010 0.980656 0.000010 0.000010 0.019294 0.000010 0.000010
0.000010 0.999940 0.000010 0.000010 0.000010 0.000010 0.000010
0.000010 0.721004 0.149897 0.000010 0.000010 0.129059 0.000010
0.000010 0.999934 0.000010 0.000010 0.000016 0.000010 0.000010
0.000010 0.941441 0.010581 0.000010 0.000010 0.000010 0.047938
0.000010 0.829072 0.000010 0.000010 0.000010 0.000010 0.170878
0.605501 0.000010 0.163172 0.000010 0.013069 0.000010 0.218228
0.086599 0.669141 0.000010 0.000010 0.000010 0.244219 0.000010
0.000010 0.784272 0.000010 0.000010 0.000010 0.109406 0.106282
0.000010 0.000010 0.000010 0.000010 0.000010 0.999940 0.000010
0.000010 0.341559 0.000010 0.000010 0.000010 0.195308 0.463092
0.026262 0.654395 0.002446 0.028487 0.000010 0.183947 0.104453
0.000010 0.000010 0.000010 0.000010 0.000010 0.999940 0.000010
0.000010 0.000010 0.000010 0.000010 0.000010 0.999940 0.000010
0.000010 0.000010 0.000010 0.000010 0.000010 0.999940 0.000010
0.013209 0.578908 0.153152 0.000010 0.000010 0.254701 0.000010
0.000010 0.000010 0.000010 0.000010 0.000010 0.999940 0.000010
0.000010 0.568381 0.000010 0.000010 0.000010 0.309425 0.122154
0.239777 0.540197 0.099679 0.000010 0.000010 0.120317 0.000010
0.000010 0.836797 0.048054 0.000010 0.000010 0.000010 0.115109
0.113765 0.799165 0.000010 0.000010 0.000010 0.087030 0.000010
0.104308 0.398313 0.238439 0.000010 0.000010 0.258910 0.000010
0.000010 0.474960 0.263341 0.000010 0.028286 0.216139 0.017255
0.000010 0.000010 0.000011 0.999939 0.000010 0.000010 0.000010
0.000010 0.692995 0.000010 0.048048 0.000010 0.164936 0.093990
0.000010 0.534477 0.000010 0.000010 0.037830 0.163092 0.264572
0.000010 0.374779 0.233808 0.016238 0.000010 0.228591 0.146563
0.000010 0.458154 0.075966 0.000010 0.007635 0.338862 0.119363
0.000010 0.000010 0.000010 0.899525 0.100425 0.000010 0.000010
0.000010 0.565158 0.000010 0.000010 0.000010 0.278804 0.155999
0.000010 0.486803 0.298763 0.000010 0.000010 0.073171 0.141233
0.000010 0.000010 0.000010 0.999940 0.000010 0.000010 0.000010
0.123807 0.453096 0.000010 0.000010 0.000010 0.272824 0.150243
0.000010 0.000010 0.000010 0.999940 0.000010 0.000010 0.000010
0.000010 0.000010 0.000010 0.999940 0.000010 0.000010 0.000010
0.131158 0.708884 0.158523 0.001405 0.000010 0.000010 0.000010
0.000010 0.000010 0.000010 0.999940 0.000010 0.000010 0.000010
0.000010 0.000010 0.000010 0.000010 0.000010 0.999940 0.000010
0.000010 0.000010 0.000010 0.999940 0.000010 0.000010 0.000010
0.000010 0.000010 0.000010 0.000010 0.000010 0.999940 0.000010
0.000010 0.288970 0.426502 0.000010 0.000010 0.284488 0.000010
0.012052 0.690856 0.000010 0.000010 0.000010 0.297051 0.000010
0.007384 0.617511 0.216834 0.000010 0.000010 0.000010 0.158240
0.000010 0.548468 0.212344 0.000010 0.000010 0.239148 0.000010
0.000010 0.000010 0.000010 0.000010 0.000010 0.000010 0.999940
0.607939 0.000010 0.000010 0.000010 0.007310 0.000010 0.384712
0.999940 0.000010 0.000010 0.000010 0.000010 0.000010 0.000010
0.055208 0.053734 0.114008 0.000010 0.000010 0.000010 0.777019
0.000010 0.000010 0.000010 0.000010 0.000010 0.000010 0.999940
0.496795 0.000010 0.148038 0.000010 0.000010 0.000010 0.355127
0.252023 0.000010 0.000010 0.000010 0.000010 0.000010 0.747927
0.643670 0.065319 0.000010 0.000010 0.006259 0.034178 0.250555
0.000010 0.000010 0.000010 0.260334 0.739616 0.000010 0.000010
0.527275 0.028412 0.043309 0.000010 0.000010 0.000010 0.400974
0.159609 0.000010 0.201145 0.000010 0.000010 0.000010 0.639205
0.000010 0.000010 0.000010 0.000010 0.000010 0.000010 0.999940
0.256334 0.114927 0.000010 0.000010 0.000010 0.000010 0.628700
0.174676 0.000010 0.132485 0.000010 0.000010 0.000010 0.692799
0.000010 0.000010 0.000010 0.020081 0.000010 0.000010 0.979869
0.290985 0.000010 0.000010 0.000010 0.000010 0.000010 0.708965
0.085210 0.649528 0.265222 0.000010 0.000010 0.000010 0.000010
0.537219 0.203925 0.071919 0.000010 0.000010 0.000010 0.186907
0.000010 0.000010 0.000010 0.000010 0.999940 0.000010 0.000010
0.000010 0.000010 0.000010 0.000010 0.000010 0.000010 0.999940
0.000010 0.000010 0.000010 0.000010 0.000010 0.000010 0.999940
0.281119 0.000010 0.000010 0.000010 0.000010 0.000010 0.718831
0.391926 0.000010 0.000010 0.000010 0.000010 0.000010 0.608024
0.611648 0.000010 0.118277 0.000010 0.000010 0.000010 0.270035
0.000010 0.000010 0.000010 0.000010 0.999940 0.000010 0.000010
0.000010 0.000010 0.000010 0.000010 0.000010 0.000010 0.999940
0.135800 0.000010 0.051614 0.000010 0.012970 0.000010 0.799586
0.000010 0.000010 0.000010 0.000010 0.999940 0.000010 0.000010
0.000010 0.000010 0.000010 0.000010 0.000010 0.000010 0.999940
0.000010 0.000010 0.000010 0.000010 0.999940 0.000010 0.000010
0.000010 0.000010 0.000010 0.000010 0.999940 0.000010 0.000010
0.000010 0.000010 0.000010 0.134561 0.865389 0.000010 0.000010
0.548673 0.000010 0.030925 0.000010 0.000010 0.000010 0.420362
0.416122 0.063851 0.000010 0.000010 0.000010 0.000010 0.519987
0.000010 0.111550 0.799090 0.023974 0.000010 0.000010 0.065356
0.132450 0.000010 0.867500 0.000010 0.000010 0.000010 0.000010
0.000010 0.000010 0.930337 0.000010 0.000010 0.000010 0.069613
0.000010 0.000010 0.999940 0.000010 0.000010 0.000010 0.000010
0.066548 0.000010 0.748557 0.000010 0.043265 0.000010 0.141599
0.120299 0.000010 0.879651 0.000010 0.000010 0.000010 0.000010
0.367282 0.000010 0.000010 0.000010 0.000010 0.000010 0.632668
0.000010 0.000010 0.000018 0.029953 0.969989 0.000010 0.000010
0.521784 0.000010 0.031565 0.000010 0.000010 0.000010 0.446611
0.000010 0.000010 0.000010 0.000010 0.000010 0.000010 0.999940
0.999940 0.000010 0.000010 0.000010 0.000010 0.000010 0.000010
0.000010 0.000010 0.000010 0.000010 0.999940 0.000010 0.000010
0.430239 0.000010 0.000010 0.000010 0.000010 0.000010 0.569711
0.000010 0.000010 0.000010 0.000010 0.000010 0.000010 0.999940
0.156813 0.000010 0.000010 0.000010 0.008877 0.084074 0.750205
0.000010 0.000010 0.000010 0.000010 0.000010 0.000010 0.999940
0.481716 0.000010 0.156124 0.000010 0.000010 0.000010 0.362120
0.386306 0.000010 0.000010 0.000010 0.000010 0.000010 0.613644
0.327087 0.000010 0.000010 0.000010 0.000010 0.000010 0.672863
0.000010 0.107817 0.000010 0.000017 0.000010 0.000010 0.892126
0.159784 0.036782 0.000010 0.000010 0.000010 0.000010 0.803395
0.000010 0.000010 0.000010 0.000010 0.999940 0.000010 0.000010
0.000010 0.000010 0.000010 0.000010 0.000010 0.000010 0.999940
0.601556 0.129007 0.000010 0.010119 0.000010 0.000010 0.259288
0.261711 0.000010 0.000010 0.000016 0.000010 0.000010 0.738234
0.000010 0.000010 0.000010 0.000010 0.000010 0.000010 0.999940
0.999940 0.000010 0.000010 0.000010 0.000010 0.000010 0.000010
0.503722 0.000010 0.000010 0.028357 0.000010 0.000010 0.467882
0.999940 0.000010 0.000010 0.000010 0.000010 0.000010 0.000010
0.670805 0.000010 0.000010 0.000010 0.000010 0.000010 0.329145
0.999940 0.000010 0.000010 0.000010 0.000010 0.000010 0.000010
0.999940 0.000010 0.000010 0.000010 0.000010 0.000010 0.000010
0.000010 0.000010 0.000010 0.000010 0.000010 0.000010 0.999940
0.000010 0.000010 0.000010 0.000010 0.000010 0.000010 0.999940
0.000010 0.000010 0.000010 0.000010 0.000010 0.000010 0.999940
0.381860 0.000010 0.000010 0.000010 0.000010 0.000010 0.618090
0.000010 0.000010 0.000010 0.000010 0.000010 0.000010 0.999940
0.787736 0.030594 0.000010 0.000010 0.000010 0.000010 0.181630
0.000010 0.000010 0.000010 0.000010 0.000010 0.000010 0.999940
0.291357 0.000010 0.089996 0.013162 0.000010 0.000010 0.605455
0.000010 0.000010 0.000010 0.000010 0.000010 0.000010 0.999940
0.346118 0.000010 0.000010 0.000010 0.000010 0.000010 0.653832
0.000010 0.000010 0.000010 0.098399 0.901551 0.000010 0.000010
0.000010 0.000010 0.000010 0.000010 0.999940 0.000010 0.000010
0.398060 0.000010 0.000010 0.032889 0.000010 0.000010 0.569012
0.000010 0.000010 0.000010 0.000010 0.999940 0.000010 0.000010
0.999940 0.000010 0.000010 0.000010 0.000010 0.000010 0.000010
0.862203 0.000010 0.000010 0.000010 0.000010 0.000010 0.137747
0.000010 0.000010 0.000010 0.000010 0.999940 0.000010 0.000010
0.000010 0.000010 0.000010 0.000010 0.999940 0.000010 0.000010
0.563198 0.042104 0.000010 0.000010 0.000010 0.000010 0.394659
0.000010 0.000010 0.000010 0.000010 0.999940 0.000010 0.000010
0.000010 0.000010 0.000010 0.000010 0.999940 0.000010 0.000010
0.000010 0.000010 0.000010 0.122760 0.877190 0.000010 0.000010
0.000010 0.939568 0.000010 0.000010 0.013099 0.000010 0.047293
0.000010 0.950262 0.000010 0.000010 0.000010 0.000010 0.049688
0.000010 0.999940 0.000010 0.000010 0.000010 0.000010 0.000010
0.000010 0.999940 0.000010 0.000010 0.000010 0.000010 0.000010
0.000010 0.000010 0.000010 0.805514 0.194436 0.000010 0.000010
0.407467 0.000010 0.000010 0.000010 0.000010 0.000010 0.592483
0.082786 0.917164 0.000010 0.000010 0.000010 0.000010 0.000010
0.000010 0.857113 0.142837 0.000010 0.000010 0.000010 0.000010
0.000010 0.897858 0.000010 0.001810 0.000010 0.000010 0.100291
0.144701 0.801817 0.029433 0.024019 0.000010 0.000010 0.000010
0.023863 0.915155 0.060942 0.000010 0.000010 0.000010 0.000010
0.000010 0.999940 0.000010 0.000010 0.000010 0.000010 0.000010
0.000010 0.915214 0.000010 0.000010 0.005708 0.000010 0.079037
0.000010 0.940351 0.009924 0.000010 0.000010 0.000010 0.049684
0.000010 0.962140 0.000010 0.000010 0.000010 0.000010 0.037810
0.000010 0.985141 0.000010 0.014809 0.000010 0.000010 0.000010
0.000010 0.749442 0.190600 0.000010 0.027541 0.000010 0.032387
0.000010 0.901850 0.062799 0.000010 0.000010 0.029811 0.005510
0.000010 0.804295 0.170830 0.000010 0.000010 0.024835 0.000010
0.000010 0.999940 0.000010 0.000010 0.000010 0.000010 0.000010
0.000010 0.907889 0.092061 0.000010 0.000010 0.000010 0.000010
0.000010 0.907157 0.000010 0.000010 0.000010 0.000010 0.092793
0.023017 0.942162 0.000010 0.000010 0.000010 0.000010 0.034781
0.059474 0.745657 0.186115 0.008724 0.000010 0.000010 0.000010
0.000010 0.861546 0.138404 0.000010 0.000010 0.000010 0.000010
0.021130 0.978820 0.000010 0.000010 0.000010 0.000010 0.000010
0.192486 0.773817 0.000010 0.033657 0.000010 0.000010 0.000010
0.000010 0.000010 0.000010 0.999940 0.000010 0.000010 0.000010
0.000010 0.999940 0.000010 0.000010 0.000010 0.000010 0.000010
0.026266 0.707068 0.266625 0.000010 0.000010 0.000010 0.000010
0.000010 0.999940 0.000010 0.000010 0.000010 0.000010 0.000010
0.000010 0.000010 0.000010 0.999940 0.000010 0.000010 0.000010
0.000010 0.999940 0.000010 0.000010 0.000010 0.000010 0.000010
0.000010 0.000010 0.000010 0.999940 0.000010 0.000010 0.000010
0.022224 0.977726 0.000010 0.000010 0.000010 0.000010 0.000010
0.000010 0.999940 0.000010 0.000010 0.000010 0.000010 0.000010
0.000010 0.999940 0.000010 0.000010 0.000010 0.000010 0.000010
0.063558 0.936392 0.000010 0.000010 0.000010 0.000010 0.000010
0.000010 0.937038 0.043723 0.000010 0.000010 0.000010 0.019199
0.000010 0.859923 0.140027 0.000010 0.000010 0.000010 0.000010
0.000010 0.999940 0.000010 0.000010 0.000010 0.000010 0.000010
0.097695 0.826290 0.075976 0.000010 0.000010 0.000010 0.000010
0.130743 0.869207 0.000010 0.000010 0.000010 0.000010 0.000010
0.260494 0.729468 0.009998 0.000010 0.000010 0.000010 0.000010
0.000010 0.999940 0.000010 0.000010 0.000010 0.000010 0.000010
0.104784 0.735373 0.159803 0.000010 0.000010 0.000010 0.000010
0.060526 0.619630 0.319804 0.000010 0.000010 0.000010 0.000010
0.000010 0.000010 0.000010 0.000010 0.000010 0.000010 0.999940
0.403078 0.000010 0.083438 0.000010 0.000010 0.000010 0.513444
0.304176 0.000010 0.074912 0.000010 0.000010 0.000010 0.620872
0.351441 0.000010 0.162995 0.000010 0.000010 0.096132 0.389403
0.293384 0.000010 0.000010 0.000010 0.000010 0.000010 0.706566
0.030104 0.000010 0.000010 0.000010 0.000010 0.000010 0.969846
0.164944 0.101488 0.112473 0.000010 0.000010 0.000010 0.621064
0.278223 0.000010 0.012494 0.000010 0.000010 0.000010 0.709243
0.661912 0.109225 0.000010 0.000010 0.000010 0.000010 0.228824
0.300608 0.000010 0.068357 0.013458 0.000010 0.000010 0.617547
0.786300 0.000010 0.000010 0.000010 0.000010 0.000010 0.213650
0.486442 0.000010 0.195083 0.000010 0.000010 0.000010 0.318434
0.000010 0.000010 0.000010 0.887147 0.112803 0.000010 0.000010
0.684588 0.000010 0.000010 0.000010 0.000010 0.000010 0.315362
0.315268 0.000010 0.000010 0.000010 0.000010 0.000010 0.684682
0.000010 0.199261 0.000010 0.000010 0.000010 0.000010 0.800689
0.588300 0.000010 0.052045 0.000010 0.000010 0.025863 0.333762
0.437806 0.000010 0.300942 0.000010 0.000010 0.000010 0.261212
0.666223 0.010884 0.000010 0.000010 0.000010 0.000010 0.322853
0.507619 0.000010 0.101602 0.000010 0.000010 0.000010 0.390739
0.716884 0.106517 0.000010 0.000010 0.000010 0.000010 0.176560
0.965994 0.000010 0.033956 0.000010 0.000010 0.000010 0.000010
0.999940 0.000010 0.000010 0.000010 0.000010 0.000010 0.000010
0.868245 0.131705 0.000010 0.000010 0.000010 0.000010 0.000010
0.979928 0.000010 0.000010 0.020022 0.000010 0.000010 0.000010
0.869309 0.000010 0.000010 0.000010 0.000010 0.000010 0.130641
0.999940 0.000010 0.000010 0.000010 0.000010 0.000010 0.000010
0.476804 0.038345 0.000010 0.000010 0.000010 0.000010 0.484811
0.999940 0.000010 0.000010 0.000010 0.000010 0.000010 0.000010
0.999940 0.000010 0.000010 0.000010 0.000010 0.000010 0.000010
0.624930 0.103779 0.000010 0.000010 0.011722 0.000010 0.259539
0.647771 0.000010 0.352179 0.000010 0.000010 0.000010 0.000010
0.333553 0.000010 0.000010 0.000010 0.000010 0.000010 0.666397
0.000010 0.995270 0.000010 0.000010 0.004680 0.000010 0.000010
0.182424 0.000010 0.035659 0.000010 0.000010 0.000010 0.781877
0.379735 0.000010 0.109710 0.000010 0.000010 0.000010 0.510515
0.286418 0.000010 0.000010 0.000010 0.000010 0.000010 0.713532
0.278014 0.000010 0.000010 0.000010 0.000010 0.167732 0.554214
0.236962 0.069120 0.000010 0.000010 0.000010 0.000010 0.693878
0.309092 0.065891 0.000010 0.000010 0.000010 0.000010 0.624977
0.649621 0.000010 0.000010 0.000010 0.000010 0.000010 0.350329
0.519648 0.067946 0.000010 0.001712 0.000010 0.000010 0.410664
0.513539 0.000010 0.000017 0.000010 0.000010 0.000010 0.486404
0.219920 0.000010 0.000010 0.000010 0.000010 0.036924 0.743115
0.656019 0.000010 0.040550 0.000010 0.000010 0.037912 0.265489
0.739089 0.000010 0.000010 0.000010 0.003222 0.000010 0.257649
0.200478 0.091688 0.000010 0.000010 0.000010 0.000010 0.707794
0.662380 0.000010 0.000010 0.000010 0.027441 0.000010 0.310139
0.564679 0.056890 0.000010 0.000010 0.000010 0.000010 0.378391
0.435478 0.183807 0.000010 0.000010 0.000010 0.000010 0.380675
0.869622 0.000010 0.000010 0.000010 0.000010 0.000010 0.130328
0.462950 0.091757 0.000010 0.000010 0.000010 0.000010 0.445254
0.613972 0.000010 0.000010 0.000010 0.000010 0.000010 0.385978
0.723428 0.000010 0.000010 0.000010 0.040580 0.000010 0.235952
0.999940 0.000010 0.000010 0.000010 0.000010 0.000010 0.000010
0.383017 0.069876 0.048271 0.000010 0.000010 0.000010 0.498805
0.383151 0.009653 0.000010 0.000010 0.000010 0.027278 0.579887
0.471949 0.000010 0.000010 0.000010 0.000010 0.000010 0.528001
0.999940 0.000010 0.000010 0.000010 0.000010 0.000010 0.000010
0.999940 0.000010 0.000010 0.000010 0.000010 0.000010 0.000010
0.901611 0.000010 0.000010 0.000010 0.000010 0.098339 0.000010
0.999940 0.000010 0.000010 0.000010 0.000010 0.000010 0.000010
0.725859 0.000010 0.063175 0.000010 0.000010 0.000010 0.210926
0.310838 0.034003 0.063491 0.000010 0.000010 0.000010 0.591638
0.651912 0.091792 0.000010 0.000010 0.000010 0.000010 0.256257
0.835391 0.005395 0.000010 0.000010 0.000010 0.000010 0.159174
0.000014 0.000010 0.000010 0.000010 0.999936 0.000010 0.000010
0.429952 0.012434 0.037576 0.000010 0.000010 0.000010 0.520008
0.727252 0.000010 0.000010 0.000010 0.000010 0.000010 0.272698
0.560902 0.000010 0.000010 0.000010 0.000010 0.000010 0.439048
0.580971 0.000010 0.145937 0.000010 0.000010 0.000010 0.273052
0.519414 0.124184 0.000010 0.000010 0.000010 0.000010 0.356362
0.629281 0.000010 0.000010 0.000010 0.000010 0.000010 0.370669
0.481882 0.000010 0.000010 0.000010 0.000010 0.000010 0.518068
0.095928 0.140922 0.000010 0.000010 0.000010 0.000010 0.763110
0.000010 0.162627 0.000010 0.000010 0.000010 0.000010 0.837323
0.436398 0.157524 0.000010 0.000010 0.000010 0.000010 0.406038
0.368611 0.000010 0.000017 0.000010 0.000010 0.000010 0.631332
0.584773 0.000010 0.000010 0.000010 0.000010 0.000010 0.415177
0.629436 0.015824 0.092249 0.000010 0.000010 0.000010 0.262461
0.157734 0.127982 0.039437 0.000010 0.000010 0.000010 0.674817
0.644231 0.000010 0.000010 0.000010 0.000010 0.000010 0.355719
0.000010 0.000010 0.999940 0.000010 0.000010 0.000010 0.000010
0.000010 0.238381 0.743891 0.017688 0.000010 0.000010 0.000010
0.000010 0.000010 0.917597 0.022934 0.000010 0.000010 0.059429
0.080137 0.314065 0.605758 0.000010 0.000010 0.000010 0.000010
0.000010 0.000010 0.947726 0.000010 0.000010 0.000010 0.052224
0.000010 0.000010 0.999940 0.000010 0.000010 0.000010 0.000010
0.000010 0.117711 0.854463 0.027786 0.000010 0.000010 0.000010
0.000010 0.000010 0.878786 0.000010 0.000010 0.000010 0.121164
0.000010 0.096684 0.903266 0.000010 0.000010 0.000010 0.000010
0.065163 0.000010 0.877804 0.000010 0.000010 0.000010 0.056993
0.030768 0.000010 0.969182 0.000010 0.000010 0.000010 0.000010
0.000010 0.262550 0.737400 0.000010 0.000010 0.000010 0.000010
0.075341 0.213780 0.651212 0.000010 0.000014 0.000010 0.059634
0.000010 0.000457 0.999493 0.000010 0.000010 0.000010 0.000010
0.000010 0.000010 0.999940 0.000010 0.000010 0.000010 0.000010
0.000010 0.000010 0.000010 0.642215 0.357735 0.000010 0.000010
0.045042 0.130926 0.823992 0.000010 0.000010 0.000010 0.000010
0.087192 0.000010 0.901014 0.011754 0.000010 0.000010 0.000010
0.234810 0.000010 0.752151 0.012999 0.000010 0.000010 0.000010
0.000010 0.000010 0.950736 0.010569 0.000010 0.000010 0.038655
0.077919 0.301785 0.620256 0.000010 0.000010 0.000010 0.000010
0.000010 0.000010 0.999940 0.000010 0.000010 0.000010 0.000010
0.000010 0.047108 0.727579 0.033241 0.000010 0.000010 0.192041
0.029271 0.000010 0.941653 0.000010 0.000010 0.000010 0.029036
0.000010 0.000010 0.990355 0.000010 0.009595 0.000010 0.000010
0.000010 0.000010 0.909262 0.000010 0.000010 0.000010 0.090688
0.000010 0.000010 0.999940 0.000010 0.000010 0.000010 0.000010
0.000010 0.000010 0.996755 0.000010 0.003195 0.000010 0.000010
0.097147 0.139496 0.763317 0.000010 0.000010 0.000010 0.000010
0.000010 0.232547 0.767403 0.000010 0.000010 0.000010 0.000010
0.000010 0.000010 0.993778 0.000010 0.000010 0.000010 0.006172
0.000010 0.000010 0.999940 0.000010 0.000010 0.000010 0.000010
0.000010 0.000010 0.965045 0.000010 0.000010 0.000010 0.034905
0.000010 0.000010 0.972757 0.000010 0.000010 0.000010 0.027193
0.000010 0.000010 0.999940 0.000010 0.000010 0.000010 0.000010
0.000010 0.000010 0.000010 0.553714 0.446236 0.000010 0.000010
0.000010 0.000010 0.935294 0.000010 0.000010 0.000010 0.064656
0.000010 0.000010 0.984387 0.000010 0.000010 0.000010 0.015563
0.000010 0.000010 0.000010 0.819408 0.180542 0.000010 0.000010
0.000010 0.000010 0.979722 0.000010 0.000010 0.020228 0.000010
0.138681 0.054245 0.794193 0.000010 0.012851 0.000010 0.000010
0.035919 0.000010 0.964031 0.000010 0.000010 0.000010 0.000010
0.000010 0.147874 0.852076 0.000010 0.000010 0.000010 0.000010
0.000010 0.000010 0.999940 0.000010 0.000010 0.000010 0.000010
0.059124 0.000010 0.888964 0.000010 0.000010 0.000010 0.051871
0.000010 0.053901 0.932791 0.000010 0.013268 0.000010 0.000010
0.000010 0.000010 0.000010 0.727166 0.272784 0.000010 0.000010
0.000010 0.000010 0.999940 0.000010 0.000010 0.000010 0.000010
0.119656 0.000010 0.880294 0.000010 0.000010 0.000010 0.000010
0.000010 0.000010 0.999940 0.000010 0.000010 0.000010 0.000010
0.000010 0.000010 0.999940 0.000010 0.000010 0.000010 0.000010
0.000010 0.000010 0.999940 0.000010 0.000010 0.000010 0.000010
0.780850 0.219100 0.000010 0.000010 0.000010 0.000010 0.000010
