0.240636 0.000010 0.612388 0.140182 0.006774 0.000010
0.000010 0.000010 0.954734 0.000010 0.000010 0.045226
0.000010 0.100589 0.856298 0.000010 0.000010 0.043083
0.212812 0.000010 0.740579 0.000010 0.000010 0.046579
0.176499 0.000010 0.747724 0.000010 0.000010 0.075747
0.248384 0.000010 0.618769 0.132816 0.000010 0.000010
0.000010 0.031097 0.968863 0.000010 0.000010 0.000010
0.000010 0.000010 0.999950 0.000010 0.000010 0.000010
0.168143 0.000010 0.813952 0.000010 0.000010 0.017876
0.000010 0.999950 0.000010 0.000010 0.000010 0.000010
0.000010 0.999950 0.000010 0.000010 0.000010 0.000010
0.097881 0.000010 0.902079 0.000010 0.000010 0.000010
0.077956 0.000010 0.813804 0.108210 0.000010 0.000010
0.006619 0.000010 0.964887 0.000010 0.000010 0.028464
0.000010 0.000010 0.999950 0.000010 0.000010 0.000010
0.100784 0.000010 0.874057 0.025129 0.000010 0.000010
0.000010 0.000010 0.999692 0.000268 0.000010 0.000010
0.072184 0.000010 0.923717 0.004069 0.000010 0.000010
0.133202 0.078515 0.729110 0.000010 0.000010 0.059153
0.000010 0.000010 0.977147 0.000010 0.022813 0.000010
0.031681 0.000010 0.968279 0.000010 0.000010 0.000010
0.000010 0.000010 0.977783 0.000010 0.022177 0.000010
0.000010 0.000010 0.999950 0.000010 0.000010 0.000010
0.102195 0.000010 0.897765 0.000010 0.000010 0.000010
0.000010 0.000010 0.999950 0.000010 0.000010 0.000010
0.043616 0.000010 0.932236 0.024118 0.000010 0.000010
0.000010 0.000010 0.838144 0.161816 0.000010 0.000010
0.150240 0.000010 0.000010 0.128327 0.003389 0.718024
0.000010 0.114517 0.782104 0.000010 0.000010 0.103349
0.000010 0.000010 0.884250 0.115710 0.000010 0.000010
0.000010 0.000010 0.884509 0.115451 0.000010 0.000010
0.000010 0.137776 0.415617 0.446577 0.000010 0.000010
0.000010 0.000010 0.803823 0.167602 0.028545 0.000010
0.000010 0.000010 0.999950 0.000010 0.000010 0.000010
0.000010 0.999950 0.000010 0.000010 0.000010 0.000010
0.000010 0.831856 0.168104 0.000010 0.000010 0.000010
0.149860 0.000010 0.767056 0.000010 0.000010 0.083055
0.000010 0.000010 0.857658 0.142302 0.000010 0.000010
0.000010 0.081698 0.767970 0.150302 0.000010 0.000010
0.068430 0.000010 0.726026 0.043860 0.000010 0.161664
0.040689 0.000010 0.822091 0.137191 0.000010 0.000010
0.000010 0.000010 0.909865 0.000010 0.000010 0.090095
0.162291 0.000010 0.718682 0.000010 0.000010 0.118997
0.220062 0.000010 0.746130 0.008292 0.025496 0.000010
0.000010 0.000010 0.000010 0.000010 0.999950 0.000010
0.000010 0.092749 0.757421 0.107735 0.042075 0.000010
0.000010 0.000010 0.701672 0.266288 0.032010 0.000010
0.245634 0.033921 0.623484 0.094341 0.002610 0.000010
0.021346 0.040372 0.789412 0.148850 0.000010 0.000010
0.000010 0.000010 0.000010 0.000010 0.999950 0.000010
0.000010 0.000010 0.907157 0.092803 0.000010 0.000010
0.293390 0.000010 0.624698 0.000010 0.000010 0.081882
0.000010 0.000010 0.000010 0.000010 0.999950 0.000010
0.000010 0.000010 0.722684 0.047414 0.000010 0.229872
0.000010 0.000010 0.000010 0.000010 0.999950 0.000010
0.000010 0.000010 0.000010 0.000010 0.999950 0.000010
0.141206 0.000010 0.782138 0.076626 0.000010 0.000010
0.000010 0.000010 0.000010 0.000010 0.999950 0.000010
0.000010 0.999950 0.000010 0.000010 0.000010 0.000010
0.000010 0.000010 0.000010 0.000010 0.999950 0.000010
0.000010 0.999950 0.000010 0.000010 0.000010 0.000010
0.332894 0.000010 0.667066 0.000010 0.000010 0.000010
0.000010 0.000010 0.932802 0.000010 0.000010 0.067158
0.185647 0.000010 0.644629 0.153572 0.000010 0.016131
0.182086 0.000010 0.678089 0.139795 0.000010 0.000010
0.000010 0.000010 0.000010 0.999950 0.000010 0.000010
0.000010 0.000010 0.000010 0.299941 0.002438 0.697591
0.000010 0.000010 0.000010 0.000010 0.000010 0.999950
0.153511 0.000010 0.000010 0.603967 0.000010 0.242492
0.000010 0.000010 0.000010 0.999950 0.000010 0.000010
0.148352 0.000010 0.000010 0.292073 0.000010 0.559545
0.000010 0.000010 0.000010 0.532976 0.000010 0.466984
0.000010 0.000010 0.108730 0.293130 0.003065 0.595054
0.000010 0.000010 0.000010 0.000010 0.999950 0.000010
0.057685 0.000010 0.000010 0.089679 0.000010 0.852606
0.205135 0.000010 0.000010 0.440077 0.000010 0.354758
0.000010 0.000010 0.000010 0.673174 0.000010 0.326786
0.000010 0.000010 0.108712 0.517291 0.000010 0.373967
0.130420 0.000010 0.000010 0.592656 0.000010 0.276894
0.000010 0.000010 0.000010 0.999950 0.000010 0.000010
0.000010 0.000010 0.000010 0.559878 0.000010 0.440082
0.261042 0.000010 0.641098 0.000010 0.000010 0.097830
0.062359 0.000010 0.213396 0.184088 0.000010 0.540137
0.000010 0.000010 0.000010 0.000010 0.999950 0.000010
0.000010 0.000010 0.000010 0.969785 0.000010 0.030175
0.000010 0.000010 0.000010 0.999950 0.000010 0.000010
0.000010 0.000010 0.000010 0.506960 0.000010 0.493000
0.000010 0.000010 0.000010 0.445354 0.000010 0.554606
0.116218 0.000010 0.000010 0.231176 0.000010 0.652576
0.000012 0.000010 0.000010 0.000010 0.999948 0.000010
0.000010 0.000010 0.000010 0.651615 0.000010 0.348345
0.054776 0.000010 0.000010 0.714925 0.000010 0.230268
0.000010 0.000010 0.000010 0.000010 0.999950 0.000010
0.000010 0.000010 0.000010 0.999950 0.000010 0.000010
0.000010 0.000010 0.000010 0.000010 0.999950 0.000010
0.000019 0.000010 0.000012 0.000010 0.999939 0.000010
0.000010 0.000010 0.000010 0.000010 0.999950 0.000010
0.025397 0.000010 0.000010 0.366166 0.000010 0.608406
0.000010 0.000010 0.030887 0.374949 0.000010 0.594134
0.822112 0.000010 0.084735 0.074795 0.018338 0.000010
0.874816 0.000010 0.000010 0.000010 0.000010 0.125144
0.924959 0.000010 0.000010 0.075001 0.000010 0.000010
0.992375 0.000010 0.007585 0.000010 0.000010 0.000010
0.746992 0.000010 0.000010 0.098542 0.037612 0.116834
0.868096 0.000010 0.000010 0.000010 0.000010 0.131864
0.000010 0.000010 0.000010 0.340015 0.000010 0.659945
0.000010 0.000010 0.000010 0.000010 0.999950 0.000010
0.031491 0.000010 0.000010 0.374891 0.000010 0.593589
0.000010 0.000010 0.000010 0.999950 0.000010 0.000010
0.000010 0.000010 0.000010 0.000010 0.000010 0.999950
0.000010 0.000010 0.000010 0.000010 0.999950 0.000010
0.000010 0.000010 0.000010 0.395089 0.000010 0.604871
0.000010 0.000010 0.000010 0.529595 0.000010 0.470365
0.000010 0.000010 0.073064 0.708928 0.000010 0.217978
0.000010 0.000010 0.000010 0.612312 0.000010 0.387648
0.151195 0.000010 0.000010 0.315312 0.000010 0.533463
0.000010 0.000010 0.000010 0.517491 0.000010 0.482469
0.000010 0.000010 0.000010 0.700614 0.000010 0.299346
0.000010 0.000010 0.084603 0.915357 0.000010 0.000010
0.000010 0.000010 0.034986 0.600917 0.000010 0.364067
0.000010 0.000010 0.000010 0.000010 0.999950 0.000010
0.000010 0.000010 0.000010 0.999950 0.000010 0.000010
0.000010 0.000010 0.110042 0.373984 0.000010 0.515944
0.000010 0.000010 0.000010 0.605652 0.000010 0.394308
0.000010 0.000010 0.000010 0.999950 0.000010 0.000010
0.000010 0.000010 0.000010 0.000010 0.000010 0.999950
0.000010 0.000010 0.000010 0.369310 0.022427 0.608234
0.000010 0.000010 0.000010 0.000010 0.000010 0.999950
0.000010 0.000010 0.000010 0.280931 0.000010 0.719029
0.000010 0.000010 0.000010 0.190229 0.000010 0.809731
0.000010 0.000010 0.000010 0.000010 0.000010 0.999950
0.000010 0.000010 0.000010 0.584324 0.000010 0.415636
0.000010 0.000010 0.000010 0.999950 0.000010 0.000010
0.000010 0.000010 0.000010 0.999950 0.000010 0.000010
0.000010 0.000010 0.000010 0.325355 0.000010 0.674605
0.000010 0.000010 0.000010 0.717835 0.000010 0.282125
0.000010 0.000010 0.000010 0.060146 0.000010 0.939814
0.000010 0.000010 0.000010 0.999950 0.000010 0.000010
0.070644 0.000010 0.000010 0.522096 0.012272 0.394967
0.000010 0.000010 0.000010 0.999950 0.000010 0.000010
0.000010 0.000010 0.000010 0.475540 0.000010 0.524420
0.000011 0.000010 0.000010 0.000010 0.999949 0.000010
0.000010 0.000010 0.000010 0.000010 0.999950 0.000010
0.000010 0.000010 0.000010 0.497936 0.029600 0.472434
0.000010 0.000010 0.000010 0.000010 0.999950 0.000010
0.000010 0.000010 0.000010 0.000010 0.000010 0.999950
0.000010 0.000010 0.000010 0.117574 0.000010 0.882386
0.000010 0.000010 0.000010 0.000010 0.999950 0.000010
0.000010 0.000010 0.000010 0.000010 0.999950 0.000010
0.000010 0.000010 0.028338 0.253489 0.000010 0.718143
0.000010 0.000010 0.000010 0.000010 0.999950 0.000010
0.000010 0.000010 0.000010 0.000010 0.999950 0.000010
0.000010 0.000010 0.000010 0.000010 0.999950 0.000010
0.004267 0.000010 0.951523 0.028929 0.015262 0.000010
0.000010 0.000010 0.944858 0.055102 0.000010 0.000010
0.000010 0.000010 0.999950 0.000010 0.000010 0.000010
0.000010 0.000010 0.999950 0.000010 0.000010 0.000010
0.000010 0.000010 0.000010 0.000010 0.999950 0.000010
0.000010 0.000010 0.000010 0.529786 0.000010 0.470174
0.000010 0.000010 0.937121 0.000010 0.000010 0.062839
0.172544 0.019909 0.807517 0.000010 0.000010 0.000010
0.000010 0.000010 0.895385 0.104575 0.000010 0.000010
0.029282 0.000010 0.814963 0.000010 0.015622 0.140113
0.061761 0.000010 0.917072 0.000010 0.000010 0.021136
0.000010 0.000010 0.999950 0.000010 0.000010 0.000010
0.000010 0.000010 0.900760 0.092719 0.006491 0.000010
0.038584 0.000010 0.901455 0.059930 0.000010 0.000010
0.000010 0.000010 0.917396 0.082564 0.000010 0.000010
0.004752 0.000010 0.995208 0.000010 0.000010 0.000010
0.179782 0.000010 0.757225 0.042031 0.020942 0.000010
0.069924 0.000010 0.916324 0.013722 0.000010 0.000010
0.142491 0.000010 0.857469 0.000010 0.000010 0.000010
0.000010 0.000010 0.999950 0.000010 0.000010 0.000010
0.115846 0.000010 0.884114 0.000010 0.000010 0.000010
0.000010 0.087920 0.792157 0.119892 0.000010 0.000010
0.000010 0.000010 0.988707 0.011253 0.000010 0.000010
0.200455 0.000010 0.730778 0.000010 0.012015 0.056732
0.127392 0.000010 0.872568 0.000010 0.000010 0.000010
0.000010 0.000010 0.980607 0.000010 0.000010 0.019353
0.000010 0.000010 0.782092 0.000010 0.021847 0.196031
0.000010 0.000010 0.000010 0.000010 0.999950 0.000010
0.000010 0.000010 0.998565 0.000010 0.001395 0.000010
0.290610 0.000010 0.695705 0.000010 0.000010 0.013655
0.000010 0.000010 0.999950 0.000010 0.000010 0.000010
0.000010 0.000010 0.000010 0.000010 0.999950 0.000010
0.000010 0.000010 0.999950 0.000010 0.000010 0.000010
0.000010 0.000010 0.000018 0.000010 0.999942 0.000010
0.000010 0.000010 0.977582 0.000010 0.000010 0.022378
0.000010 0.000010 0.999950 0.000010 0.000010 0.000010
0.000010 0.000010 0.999950 0.000010 0.000010 0.000010
0.000010 0.000010 0.922508 0.000010 0.000010 0.077452
0.030387 0.000010 0.892559 0.077024 0.000010 0.000010
0.161608 0.000010 0.838352 0.000010 0.000010 0.000010
0.000010 0.000010 0.965472 0.000010 0.000010 0.034488
0.070755 0.000010 0.837108 0.000010 0.000010 0.092107
0.000010 0.000010 0.903960 0.000010 0.000010 0.096000
0.000010 0.000010 0.751227 0.000010 0.000010 0.248733
0.000010 0.000010 0.999950 0.000010 0.000010 0.000010
0.141270 0.000010 0.748598 0.110102 0.000010 0.000010
0.297219 0.000010 0.671884 0.000010 0.000010 0.030868
0.000010 0.000010 0.000010 0.999950 0.000010 0.000010
0.081420 0.000010 0.000010 0.388146 0.000010 0.530404
0.071172 0.000010 0.000010 0.634482 0.000010 0.294316
0.185523 0.000010 0.000010 0.275764 0.000010 0.538682
0.000010 0.000010 0.000010 0.512844 0.000010 0.487116
0.000010 0.000010 0.000010 0.561150 0.000010 0.438810
0.098860 0.000010 0.098838 0.490482 0.000010 0.311799
0.000010 0.000010 0.000010 0.629421 0.000010 0.370539
0.015355 0.000010 0.096339 0.287671 0.000010 0.600615
0.044883 0.000010 0.000010 0.451430 0.013287 0.490379
0.000010 0.000010 0.000010 0.293816 0.000010 0.706144
0.196634 0.000010 0.000010 0.060814 0.000010 0.742522
0.000010 0.000010 0.000010 0.000010 0.999950 0.000010
0.000010 0.000010 0.000010 0.255812 0.000010 0.744148
0.000010 0.000010 0.000010 0.645724 0.000010 0.354236
0.000010 0.000010 0.183446 0.816514 0.000010 0.000010
0.049996 0.020971 0.000010 0.279466 0.000010 0.649547
0.294745 0.000010 0.000010 0.298234 0.000010 0.406991
0.002102 0.000010 0.000015 0.285191 0.000010 0.712673
0.087611 0.000010 0.000010 0.240438 0.000010 0.671921
0.000010 0.000010 0.076141 0.058043 0.000010 0.865785
0.036595 0.000010 0.000010 0.000010 0.000010 0.963365
0.000010 0.000010 0.000010 0.000010 0.000010 0.999950
0.000010 0.000010 0.162384 0.071400 0.000010 0.766187
0.000010 0.000010 0.000010 0.000010 0.025282 0.974678
0.000010 0.000010 0.000010 0.000010 0.000010 0.999950
0.000010 0.000010 0.000010 0.000010 0.000010 0.999950
0.000010 0.000010 0.025526 0.369079 0.000010 0.605364
0.000010 0.000010 0.041115 0.155271 0.000010 0.803584
0.033007 0.000010 0.000010 0.139788 0.000010 0.827176
0.000010 0.000010 0.145092 0.322183 0.005221 0.527485
0.357693 0.000010 0.000010 0.000010 0.000010 0.642267
0.000010 0.000010 0.000010 0.558122 0.000010 0.441838
0.000010 0.000010 0.999950 0.000010 0.000010 0.000010
0.010610 0.000010 0.000010 0.537773 0.000010 0.451588
0.109494 0.000010 0.000010 0.422941 0.000010 0.467535
0.000010 0.000010 0.000010 0.588311 0.000010 0.411649
0.077326 0.000010 0.000010 0.000010 0.000010 0.922634
0.000010 0.000010 0.063174 0.460082 0.000010 0.476715
0.000010 0.000010 0.071297 0.442952 0.000010 0.485721
0.000010 0.000010 0.000010 0.255249 0.000010 0.744711
0.000010 0.000010 0.062694 0.353262 0.000219 0.583805
0.000010 0.000010 0.000010 0.386675 0.000010 0.613285
0.000010 0.000010 0.000010 0.677336 0.000010 0.322624
0.024426 0.000010 0.074562 0.093578 0.000010 0.807414
0.000010 0.000010 0.000010 0.244685 0.009279 0.746006
0.000010 0.000010 0.080039 0.570318 0.000010 0.349614
0.000010 0.000010 0.000010 0.248457 0.024242 0.727271
0.000010 0.000010 0.052151 0.306564 0.000010 0.641255
0.000010 0.000010 0.156745 0.424567 0.000010 0.418658
0.000010 0.000010 0.000010 0.000010 0.000010 0.999950
0.000010 0.000010 0.081805 0.530595 0.000010 0.387570
0.000010 0.000010 0.000010 0.418728 0.000010 0.581232
0.000010 0.000010 0.000010 0.206287 0.039468 0.754214
0.000010 0.000010 0.000010 0.000010 0.000010 0.999950
0.046111 0.000010 0.082605 0.506921 0.000010 0.364343
0.000010 0.000010 0.033263 0.474034 0.000010 0.492673
0.000010 0.000010 0.000010 0.447394 0.000010 0.552566
0.000010 0.000010 0.000010 0.000010 0.000010 0.999950
0.000010 0.000010 0.000010 0.000010 0.000010 0.999950
0.000010 0.067061 0.000010 0.000010 0.000010 0.932899
0.000010 0.000010 0.000010 0.000010 0.000010 0.999950
0.043916 0.000010 0.000010 0.000010 0.000010 0.956044
0.067169 0.000010 0.013303 0.379219 0.000010 0.540289
0.000010 0.000010 0.101309 0.168665 0.000010 0.729996
0.000010 0.000010 0.005622 0.213283 0.000010 0.781065
0.000010 0.000010 0.000010 0.000010 0.999950 0.000010
0.005192 0.000010 0.018376 0.240676 0.000010 0.735736
0.000010 0.000010 0.000010 0.109044 0.000010 0.890916
0.000010 0.000010 0.000010 0.309940 0.000010 0.690020
0.135649 0.000010 0.000010 0.171080 0.000010 0.693241
0.038004 0.000010 0.072034 0.380162 0.000010 0.509780
0.000010 0.000010 0.000010 0.245231 0.000010 0.754729
0.000010 0.000010 0.000010 0.444151 0.000010 0.555809
0.000010 0.000010 0.096787 0.823374 0.000010 0.079809
0.000010 0.000010 0.076338 0.923622 0.000010 0.000010
0.000010 0.000010 0.182563 0.054453 0.000010 0.762954
0.000010 0.000010 0.000010 0.489278 0.000010 0.510682
0.000010 0.000010 0.000010 0.302583 0.000010 0.697377
0.105149 0.000010 0.002162 0.314469 0.000010 0.578200
0.025450 0.000010 0.133284 0.636499 0.000010 0.204747
0.000010 0.000010 0.000010 0.165670 0.000010 0.834290
0.990618 0.000010 0.009342 0.000010 0.000010 0.000010
0.746775 0.000010 0.238493 0.000010 0.014703 0.000010
0.919717 0.000010 0.000010 0.060398 0.019855 0.000010
0.564692 0.000010 0.357487 0.000010 0.000010 0.077791
0.938909 0.000010 0.000010 0.061051 0.000010 0.000010
0.999950 0.000010 0.000010 0.000010 0.000010 0.000010
0.867368 0.000010 0.106985 0.000010 0.025617 0.000010
0.880399 0.000010 0.000010 0.119561 0.000010 0.000010
0.873033 0.000010 0.126927 0.000010 0.000010 0.000010
0.864728 0.000010 0.000010 0.000010 0.000010 0.135232
0.999950 0.000010 0.000010 0.000010 0.000010 0.000010
0.741323 0.000010 0.258637 0.000010 0.000010 0.000010
0.636530 0.000010 0.203956 0.000010 0.000010 0.159484
0.999950 0.000010 0.000010 0.000010 0.000010 0.000010
0.999950 0.000010 0.000010 0.000010 0.000010 0.000010
0.000010 0.000010 0.000010 0.000010 0.999950 0.000010
0.810285 0.000010 0.112997 0.000010 0.000010 0.076688
0.894200 0.000010 0.000010 0.000010 0.011012 0.094758
0.747863 0.000010 0.000010 0.000010 0.008898 0.243209
0.933464 0.000010 0.000010 0.058480 0.008026 0.000010
0.611637 0.000010 0.316472 0.051828 0.000010 0.020043
0.999950 0.000010 0.000010 0.000010 0.000010 0.000010
0.751579 0.000010 0.015169 0.202314 0.030918 0.000010
0.811284 0.000010 0.000010 0.188676 0.000010 0.000010
0.999950 0.000010 0.000010 0.000010 0.000010 0.000010
0.911653 0.000010 0.000010 0.088307 0.000010 0.000010
0.999950 0.000010 0.000010 0.000010 0.000010 0.000010
0.999950 0.000010 0.000010 0.000010 0.000010 0.000010
0.764117 0.000010 0.149207 0.000010 0.000010 0.086646
0.818633 0.000010 0.181327 0.000010 0.000010 0.000010
0.999950 0.000010 0.000010 0.000010 0.000010 0.000010
0.999950 0.000010 0.000010 0.000010 0.000010 0.000010
0.961702 0.000010 0.000010 0.038258 0.000010 0.000010
0.979122 0.000010 0.000010 0.020838 0.000010 0.000010
0.999950 0.000010 0.000010 0.000010 0.000010 0.000010
0.000010 0.000010 0.000010 0.000010 0.999950 0.000010
0.932882 0.000010 0.000010 0.067078 0.000010 0.000010
0.935636 0.000010 0.000341 0.063994 0.000010 0.000010
0.000010 0.000010 0.000016 0.000010 0.999944 0.000010
0.999950 0.000010 0.000010 0.000010 0.000010 0.000010
0.803212 0.000010 0.031968 0.000010 0.013063 0.151737
0.959708 0.000010 0.000010 0.000010 0.000010 0.040252
0.839831 0.000010 0.160129 0.000010 0.000010 0.000010
0.999950 0.000010 0.000010 0.000010 0.000010 0.000010
0.892888 0.000010 0.000010 0.035632 0.000010 0.071450
0.941787 0.000010 0.046835 0.000010 0.011348 0.000010
0.000010 0.000010 0.000010 0.000010 0.999950 0.000010
0.999950 0.000010 0.000010 0.000010 0.000010 0.000010
0.911684 0.000010 0.000010 0.000010 0.000010 0.088276
0.999950 0.000010 0.000010 0.000010 0.000010 0.000010
0.999950 0.000010 0.000010 0.000010 0.000010 0.000010
0.999950 0.000010 0.000010 0.000010 0.000010 0.000010
0.000010 0.000010 0.225004 0.000010 0.000010 0.774956
