0.000010 0.131825 0.388409 0.232818 0.179551 0.067348 0.000010 0.000010 0.000010 0.000010
0.000010 0.000010 0.823470 0.000010 0.000010 0.000010 0.000010 0.087427 0.000010 0.089033
0.000010 0.000010 0.886798 0.000010 0.000010 0.000010 0.000010 0.000010 0.000010 0.113122
0.000010 0.000010 0.999910 0.000010 0.000010 0.000010 0.000010 0.000010 0.000010 0.000010
0.000010 0.000010 0.483506 0.140702 0.000010 0.000010 0.005915 0.293559 0.000010 0.076268
0.000010 0.000010 0.874518 0.000010 0.000010 0.000010 0.000010 0.000010 0.000010 0.125402
0.000010 0.000010 0.764046 0.219218 0.000010 0.000010 0.000010 0.004518 0.000010 0.012158
0.011566 0.055441 0.674177 0.211537 0.029784 0.017456 0.000010 0.000010 0.000010 0.000010
0.023907 0.000010 0.698276 0.205143 0.000010 0.000010 0.000010 0.022033 0.000010 0.050591
0.000010 0.000010 0.000010 0.695756 0.000010 0.000010 0.000010 0.000010 0.304164 0.000010
0.000010 0.000010 0.000010 0.999910 0.000010 0.000010 0.000010 0.000010 0.000010 0.000010
0.000010 0.000010 0.948894 0.000010 0.051026 0.000010 0.000010 0.000010 0.000010 0.000010
0.000010 0.204034 0.782394 0.013501 0.000010 0.000010 0.000010 0.000010 0.000010 0.000010
0.000010 0.000010 0.619414 0.199353 0.007678 0.000010 0.000010 0.000010 0.000010 0.173496
0.000010 0.000010 0.999910 0.000010 0.000010 0.000010 0.000010 0.000010 0.000010 0.000010
0.000010 0.000010 0.652763 0.184734 0.000010 0.038335 0.000010 0.000010 0.000010 0.124108
0.015298 0.002381 0.982252 0.000010 0.000010 0.000010 0.000010 0.000010 0.000010 0.000010
0.000010 0.000010 0.578219 0.235397 0.027369 0.158954 0.000010 0.000010 0.000010 0.000010
0.000010 0.000010 0.628115 0.305106 0.037329 0.000010 0.000010 0.000010 0.000010 0.029390
0.028147 0.044756 0.887908 0.039130 0.000010 0.000010 0.000010 0.000010 0.000010 0.000010
0.000010 0.000010 0.657704 0.000010 0.084315 0.000010 0.000010 0.000010 0.000010 0.257911
0.036569 0.000010 0.608387 0.219250 0.000010 0.000010 0.000010 0.000010 0.000010 0.135734
0.000010 0.063032 0.422648 0.514250 0.000010 0.000010 0.000010 0.000010 0.000010 0.000010
0.000010 0.000010 0.728501 0.000010 0.000010 0.000010 0.000010 0.000010 0.000010 0.271419
0.000010 0.000010 0.940276 0.052115 0.000010 0.007539 0.000010 0.000010 0.000010 0.000010
0.000010 0.000010 0.904097 0.000010 0.000010 0.095823 0.000010 0.000010 0.000010 0.000010
0.000010 0.000010 0.697779 0.000010 0.000010 0.000010 0.000010 0.000010 0.000010 0.302141
0.000013 0.112589 0.000010 0.000010 0.120962 0.263702 0.000010 0.000010 0.000010 0.502685
0.000010 0.000010 0.000010 0.999910 0.000010 0.000010 0.000010 0.000010 0.000010 0.000010
0.000010 0.109435 0.000010 0.890485 0.000010 0.000010 0.000010 0.000010 0.000010 0.000010
0.000010 0.000010 0.000010 0.000010 0.000010 0.000010 0.000010 0.000010 0.999910 0.000010
0.000010 0.000010 0.000010 0.766781 0.000010 0.233139 0.000010 0.000010 0.000010 0.000010
0.000010 0.000010 0.000010 0.866661 0.000010 0.000010 0.000010 0.133259 0.000010 0.000010
0.000010 0.000010 0.000010 0.000010 0.000010 0.000010 0.000010 0.000010 0.999910 0.000010
0.000010 0.000010 0.000010 0.000010 0.000010 0.000010 0.000010 0.000010 0.999910 0.000010
0.000010 0.000010 0.062727 0.000010 0.000010 0.000010 0.000010 0.000010 0.845472 0.091732
0.000010 0.000010 0.000010 0.797141 0.196189 0.000010 0.000010 0.006600 0.000010 0.000010
0.000010 0.000010 0.000010 0.000010 0.000010 0.000010 0.000010 0.000010 0.999910 0.000010
0.000010 0.049149 0.000010 0.688940 0.177109 0.000010 0.000010 0.000010 0.000010 0.084743
0.000010 0.000010 0.000010 0.799519 0.000010 0.000010 0.000010 0.000010 0.000010 0.200401
0.000010 0.000010 0.000010 0.974825 0.000010 0.000010 0.025095 0.000010 0.000010 0.000010
0.000010 0.000010 0.000010 0.925565 0.000010 0.000010 0.000010 0.074355 0.000010 0.000010
0.000010 0.000010 0.000010 0.999910 0.000010 0.000010 0.000010 0.000010 0.000010 0.000010
0.021311 0.000010 0.000010 0.885017 0.000010 0.000010 0.000010 0.093601 0.000010 0.000010
0.999910 0.000010 0.000010 0.000010 0.000010 0.000010 0.000010 0.000010 0.000010 0.000010
0.016327 0.000010 0.000010 0.656333 0.076121 0.000010 0.000010 0.000010 0.000010 0.251159
0.018640 0.000010 0.000010 0.659089 0.156623 0.000010 0.000010 0.000010 0.000010 0.165588
0.000010 0.053731 0.000010 0.683230 0.130541 0.132438 0.000010 0.000010 0.000010 0.000010
0.000010 0.067746 0.000010 0.676905 0.056514 0.000010 0.000010 0.000010 0.086496 0.112289
0.999910 0.000010 0.000010 0.000010 0.000010 0.000010 0.000010 0.000010 0.000010 0.000010
0.000010 0.000010 0.000010 0.736206 0.000010 0.161421 0.000010 0.000010 0.102303 0.000010
0.000010 0.000010 0.000010 0.694718 0.186590 0.000010 0.000010 0.000010 0.000010 0.118621
0.999910 0.000010 0.000010 0.000010 0.000010 0.000010 0.000010 0.000010 0.000010 0.000010
0.000010 0.005340 0.239145 0.571078 0.000010 0.000010 0.000010 0.141955 0.042431 0.000010
0.999910 0.000010 0.000010 0.000010 0.000010 0.000010 0.000010 0.000010 0.000010 0.000010
0.999910 0.000010 0.000010 0.000010 0.000010 0.000010 0.000010 0.000010 0.000010 0.000010
0.000010 0.243456 0.150850 0.605624 0.000010 0.000010 0.000010 0.000010 0.000010 0.000010
0.999910 0.000010 0.000010 0.000010 0.000010 0.000010 0.000010 0.000010 0.000010 0.000010
0.000010 0.000010 0.000010 0.000010 0.000010 0.000010 0.000010 0.000010 0.999910 0.000010
0.999910 0.000010 0.000010 0.000010 0.000010 0.000010 0.000010 0.000010 0.000010 0.000010
0.000010 0.000010 0.000010 0.000010 0.000010 0.000010 0.000010 0.000010 0.999910 0.000010
0.000010 0.000010 0.000010 0.811934 0.000010 0.187986 0.000010 0.000010 0.000010 0.000010
0.000010 0.121267 0.118724 0.706480 0.053469 0.000010 0.000010 0.000010 0.000010 0.000010
0.000010 0.000010 0.143684 0.506244 0.000010 0.000010 0.000010 0.000010 0.000010 0.350002
0.000010 0.018499 0.000010 0.833780 0.147650 0.000010 0.000010 0.000010 0.000010 0.000010
0.000010 0.572457 0.000010 0.000010 0.000010 0.356236 0.000010 0.071237 0.000010 0.000010
0.000010 0.288973 0.000010 0.000010 0.000010 0.313722 0.025353 0.371892 0.000010 0.000010
0.000010 0.000010 0.000010 0.000010 0.000010 0.303099 0.000010 0.409834 0.000010 0.286997
0.000010 0.687376 0.000010 0.000010 0.115414 0.000010 0.000010 0.103412 0.000010 0.093738
0.000010 0.999910 0.000010 0.000010 0.000010 0.000010 0.000010 0.000010 0.000010 0.000010
0.000010 0.740608 0.000010 0.000010 0.000244 0.000010 0.000010 0.259078 0.000010 0.000010
0.000010 0.000010 0.000010 0.000010 0.000010 0.999910 0.000010 0.000010 0.000010 0.000010
0.000010 0.039198 0.000010 0.052622 0.000010 0.237465 0.011429 0.351581 0.000010 0.307665
0.160861 0.000010 0.000010 0.000010 0.000010 0.000010 0.839059 0.000010 0.000010 0.000010
0.000010 0.276397 0.000010 0.000010 0.000010 0.169513 0.000010 0.069261 0.000010 0.484769
0.000010 0.905378 0.000010 0.018791 0.075761 0.000010 0.000010 0.000010 0.000010 0.000010
0.000010 0.364534 0.000010 0.009038 0.000010 0.359639 0.000010 0.000010 0.000010 0.266729
0.000010 0.057404 0.114485 0.000010 0.022713 0.345213 0.000010 0.170514 0.000010 0.289630
0.000010 0.590245 0.000010 0.000010 0.000010 0.109784 0.000010 0.064173 0.000010 0.235739
0.000010 0.534619 0.000010 0.000010 0.000010 0.439160 0.000010 0.000010 0.000010 0.026151
0.000010 0.345156 0.000010 0.000010 0.000010 0.520222 0.000010 0.000010 0.000010 0.134552
0.000010 0.000010 0.603111 0.312872 0.028161 0.000010 0.000010 0.055796 0.000010 0.000010
0.000010 0.072050 0.096894 0.023469 0.000010 0.123999 0.000010 0.320749 0.020291 0.342518
0.000010 0.000010 0.000011 0.000010 0.000010 0.000010 0.999909 0.000010 0.000010 0.000010
0.000010 0.000010 0.000010 0.000010 0.000010 0.000010 0.000010 0.000010 0.000010 0.999910
0.000010 0.000010 0.000010 0.000010 0.000010 0.000010 0.000010 0.000010 0.000010 0.999910
0.000010 0.455952 0.000010 0.000010 0.000911 0.143432 0.000010 0.000010 0.000010 0.399645
0.000010 0.256399 0.000010 0.000010 0.000010 0.557102 0.000010 0.113092 0.000010 0.073346
0.000010 0.000010 0.081271 0.000010 0.000010 0.368150 0.000010 0.108273 0.000010 0.442245
0.000010 0.000010 0.000010 0.000010 0.000010 0.000010 0.999910 0.000010 0.000010 0.000010
0.000010 0.000010 0.000010 0.000010 0.053569 0.389243 0.000010 0.148785 0.000010 0.408343
0.000010 0.523886 0.000010 0.000010 0.000010 0.476034 0.000010 0.000010 0.000010 0.000010
0.000010 0.000010 0.000010 0.000010 0.000010 0.000010 0.999910 0.000010 0.000010 0.000010
0.000010 0.582628 0.000010 0.000010 0.000010 0.417292 0.000010 0.000010 0.000010 0.000010
0.000010 0.000010 0.000010 0.000010 0.000010 0.000010 0.999910 0.000010 0.000010 0.000010
0.000010 0.000010 0.000010 0.000010 0.000010 0.000010 0.999910 0.000010 0.000010 0.000010
0.354073 0.000010 0.000010 0.000010 0.000010 0.000010 0.645847 0.000010 0.000010 0.000010
0.000010 0.476521 0.000010 0.000010 0.000010 0.000010 0.000010 0.322603 0.000010 0.200806
0.000010 0.236930 0.018671 0.000010 0.000010 0.134113 0.000010 0.034957 0.000010 0.575279
0.000010 0.209158 0.000010 0.000010 0.790762 0.000010 0.000010 0.000010 0.000010 0.000010
0.000010 0.000010 0.000010 0.103230 0.775600 0.000010 0.000010 0.000010 0.000010 0.121101
0.000010 0.000010 0.000010 0.244335 0.716286 0.000010 0.000010 0.039309 0.000010 0.000010
0.000010 0.106213 0.000010 0.148341 0.633551 0.000010 0.000010 0.111835 0.000010 0.000010
0.041597 0.057654 0.000010 0.000010 0.640099 0.260589 0.000010 0.000010 0.000010 0.000010
0.000010 0.000010 0.000010 0.000010 0.851025 0.000010 0.000010 0.148895 0.000010 0.000010
0.000010 0.323007 0.000010 0.000010 0.000010 0.329247 0.000010 0.000010 0.000010 0.347676
0.159743 0.000010 0.000010 0.000010 0.000010 0.000010 0.840177 0.000010 0.000010 0.000010
0.000010 0.292850 0.000010 0.000010 0.000010 0.157475 0.000010 0.000010 0.000010 0.549605
0.000010 0.999910 0.000010 0.000010 0.000010 0.000010 0.000010 0.000010 0.000010 0.000010
0.000010 0.000010 0.000010 0.000010 0.000010 0.000010 0.000010 0.294879 0.000010 0.705041
0.185489 0.000010 0.000010 0.000010 0.000010 0.000010 0.814431 0.000010 0.000010 0.000010
0.000010 0.390525 0.000010 0.000010 0.000010 0.199122 0.000010 0.410282 0.000010 0.000010
0.000010 0.000010 0.000010 0.000010 0.000010 0.999910 0.000010 0.000010 0.000010 0.000010
0.000010 0.485690 0.000010 0.022108 0.000010 0.196744 0.000010 0.000010 0.000010 0.295398
0.000010 0.339214 0.000010 0.000010 0.000010 0.607537 0.000010 0.000010 0.000010 0.053178
0.000010 0.370987 0.000010 0.000010 0.137623 0.000010 0.000010 0.491320 0.000010 0.000010
0.000010 0.504465 0.000010 0.000010 0.000010 0.205172 0.000010 0.117905 0.000010 0.172398
0.000010 0.185871 0.000010 0.000010 0.000010 0.383339 0.000010 0.000010 0.000010 0.430720
0.000010 0.245037 0.000010 0.110421 0.000010 0.433983 0.000010 0.156552 0.000010 0.053957
0.000010 0.362713 0.000010 0.096230 0.000010 0.123921 0.000010 0.196549 0.000010 0.220537
0.000010 0.000011 0.000010 0.000010 0.000010 0.000010 0.999909 0.000010 0.000010 0.000010
0.000010 0.000010 0.000010 0.000010 0.000010 0.999910 0.000010 0.000010 0.000010 0.000010
0.009072 0.231714 0.108161 0.000010 0.000010 0.082010 0.000010 0.419745 0.000010 0.149258
0.000010 0.000010 0.000010 0.000010 0.000010 0.452088 0.000010 0.214219 0.000010 0.333623
0.000010 0.000010 0.000010 0.000010 0.000010 0.999910 0.000010 0.000010 0.000010 0.000010
0.000010 0.000010 0.000010 0.000010 0.000010 0.000010 0.000010 0.999910 0.000010 0.000010
0.000010 0.414345 0.000010 0.000010 0.000010 0.326678 0.000010 0.258907 0.000010 0.000010
0.000010 0.000010 0.000010 0.000010 0.000010 0.000010 0.000010 0.999910 0.000010 0.000010
0.000010 0.193529 0.000010 0.000010 0.000010 0.439650 0.000010 0.289039 0.000010 0.077722
0.000010 0.383774 0.000010 0.000010 0.000010 0.301174 0.000010 0.314982 0.000010 0.000010
0.000010 0.000010 0.000010 0.000010 0.000010 0.215951 0.000010 0.783969 0.000010 0.000010
0.001327 0.164226 0.034286 0.015201 0.000010 0.369186 0.000010 0.043552 0.000010 0.372193
0.000010 0.210273 0.000010 0.000010 0.000010 0.789647 0.000010 0.000010 0.000010 0.000010
0.000010 0.135357 0.000010 0.000010 0.000010 0.864563 0.000010 0.000010 0.000010 0.000010
0.000010 0.000010 0.000010 0.000010 0.000010 0.252653 0.000010 0.392344 0.000010 0.354933
0.000010 0.287646 0.000010 0.080161 0.000010 0.261075 0.011966 0.000010 0.000010 0.359102
0.000010 0.186688 0.000010 0.000010 0.000010 0.251952 0.004684 0.294282 0.000010 0.262344
0.000010 0.000010 0.000010 0.000010 0.000010 0.809157 0.000010 0.000010 0.000010 0.190763
0.000010 0.999910 0.000010 0.000010 0.000010 0.000010 0.000010 0.000010 0.000010 0.000010
0.000010 0.000010 0.000010 0.000010 0.000010 0.999910 0.000010 0.000010 0.000010 0.000010
0.000010 0.000010 0.000010 0.000010 0.000010 0.618348 0.000010 0.000010 0.000010 0.381572
0.000010 0.000010 0.000010 0.000010 0.000010 0.000010 0.999910 0.000010 0.000010 0.000010
0.000010 0.000010 0.000010 0.000010 0.000011 0.000010 0.999909 0.000010 0.000010 0.000010
0.000010 0.000010 0.000010 0.000010 0.000010 0.498808 0.000010 0.221178 0.000010 0.279945
0.000010 0.000010 0.000010 0.000010 0.000010 0.000010 0.999910 0.000010 0.000010 0.000010
0.000010 0.451170 0.000010 0.000010 0.000010 0.000010 0.000010 0.548750 0.000010 0.000010
0.000010 0.523059 0.000010 0.000010 0.000010 0.000010 0.000010 0.217175 0.000010 0.259696
0.000010 0.000010 0.000010 0.000010 0.000010 0.000010 0.999910 0.000010 0.000010 0.000010
0.000010 0.000010 0.000010 0.000010 0.000010 0.000010 0.999910 0.000010 0.000010 0.000010
0.000010 0.143468 0.000010 0.000010 0.000010 0.255907 0.000010 0.256787 0.000010 0.343778
0.000010 0.000010 0.000010 0.000010 0.000010 0.000010 0.999910 0.000010 0.000010 0.000010
0.000010 0.000010 0.000010 0.000010 0.000010 0.000010 0.999910 0.000010 0.000010 0.000010
0.109993 0.000010 0.000010 0.000010 0.000010 0.000010 0.889927 0.000010 0.000010 0.000010
0.000010 0.283576 0.656431 0.000010 0.029234 0.000010 0.030699 0.000010 0.000010 0.000010
0.000010 0.014712 0.735979 0.000010 0.173161 0.000010 0.000010 0.000010 0.000010 0.076089
0.000010 0.000010 0.758093 0.156612 0.000010 0.000010 0.000010 0.000010 0.000010 0.085225
0.000010 0.043559 0.956361 0.000010 0.000010 0.000010 0.000010 0.000010 0.000010 0.000010
0.910692 0.000010 0.000010 0.000010 0.000010 0.000010 0.089228 0.000010 0.000010 0.000010
0.000010 0.138666 0.000010 0.000010 0.000010 0.114566 0.000010 0.477188 0.000010 0.269520
0.000010 0.000010 0.802933 0.000010 0.000010 0.000010 0.024098 0.172898 0.000010 0.000010
0.013106 0.000010 0.611661 0.210846 0.000010 0.164327 0.000010 0.000010 0.000010 0.000010
0.030471 0.080611 0.535039 0.000010 0.270787 0.067029 0.000010 0.000010 0.000010 0.016023
0.000010 0.000010 0.530134 0.250547 0.000010 0.001359 0.000010 0.217900 0.000010 0.000010
0.000010 0.000010 0.239738 0.423698 0.166467 0.023862 0.000010 0.079423 0.000010 0.066772
0.000010 0.000010 0.674623 0.325297 0.000010 0.000010 0.000010 0.000010 0.000010 0.000010
0.000010 0.049859 0.481924 0.468147 0.000010 0.000010 0.000010 0.000010 0.000010 0.000010
0.000010 0.000010 0.139986 0.859934 0.000010 0.000010 0.000010 0.000010 0.000010 0.000010
0.000010 0.081276 0.763997 0.000010 0.000010 0.000010 0.004347 0.000010 0.000010 0.150319
0.000010 0.000010 0.972107 0.000010 0.000010 0.027813 0.000010 0.000010 0.000010 0.000010
0.000010 0.000010 0.399799 0.234982 0.261923 0.000010 0.019004 0.084242 0.000010 0.000010
0.000010 0.000010 0.719728 0.257510 0.000010 0.022692 0.000010 0.000010 0.000010 0.000010
0.000010 0.000010 0.332052 0.382483 0.130906 0.000010 0.024703 0.050871 0.000010 0.078946
0.000010 0.131424 0.482178 0.386328 0.000010 0.000010 0.000010 0.000010 0.000010 0.000010
0.000010 0.000010 0.999910 0.000010 0.000010 0.000010 0.000010 0.000010 0.000010 0.000010
0.026853 0.000010 0.755660 0.000010 0.055374 0.000010 0.000010 0.162054 0.000010 0.000010
0.000010 0.255655 0.535952 0.164736 0.040850 0.000010 0.002756 0.000010 0.000010 0.000010
0.000010 0.000010 0.597128 0.048088 0.154742 0.000010 0.000010 0.199982 0.000010 0.000010
0.000010 0.000010 0.781145 0.000010 0.216965 0.001820 0.000010 0.000010 0.000010 0.000010
0.000010 0.000010 0.890844 0.000010 0.000010 0.000010 0.000010 0.106081 0.000010 0.003005
0.000010 0.134115 0.436587 0.429228 0.000010 0.000010 0.000010 0.000010 0.000010 0.000010
0.999910 0.000010 0.000010 0.000010 0.000010 0.000010 0.000010 0.000010 0.000010 0.000010
0.000010 0.000010 0.672657 0.148509 0.000010 0.178764 0.000010 0.000010 0.000010 0.000010
0.000010 0.000010 0.723495 0.043558 0.232878 0.000010 0.000010 0.000010 0.000010 0.000010
0.000010 0.000010 0.998834 0.000010 0.000010 0.001086 0.000010 0.000010 0.000010 0.000010
0.999910 0.000010 0.000010 0.000010 0.000010 0.000010 0.000010 0.000010 0.000010 0.000010
0.000010 0.000010 0.999910 0.000010 0.000010 0.000010 0.000010 0.000010 0.000010 0.000010
0.999910 0.000010 0.000010 0.000010 0.000010 0.000010 0.000010 0.000010 0.000010 0.000010
0.000010 0.000010 0.999910 0.000010 0.000010 0.000010 0.000010 0.000010 0.000010 0.000010
0.000010 0.072692 0.927228 0.000010 0.000010 0.000010 0.000010 0.000010 0.000010 0.000010
0.000010 0.000010 0.493040 0.483583 0.000010 0.023307 0.000010 0.000010 0.000010 0.000010
0.000010 0.000010 0.370337 0.486314 0.000010 0.000010 0.000010 0.143279 0.000010 0.000010
0.000010 0.120477 0.448618 0.348147 0.082698 0.000010 0.000010 0.000010 0.000010 0.000010
0.000010 0.000010 0.431432 0.339953 0.000010 0.072971 0.000010 0.155584 0.000010 0.000010
0.000010 0.000010 0.785679 0.000010 0.000010 0.000010 0.000010 0.000010 0.000010 0.214241
0.000010 0.015488 0.435652 0.292215 0.002432 0.000010 0.011481 0.000010 0.000010 0.242692
0.000010 0.000010 0.923341 0.000010 0.000010 0.000010 0.000010 0.076579 0.000010 0.000010
0.000010 0.000010 0.101694 0.620792 0.000010 0.000010 0.000010 0.000010 0.000010 0.277443
0.000010 0.169960 0.627906 0.077050 0.114623 0.010410 0.000010 0.000010 0.000010 0.000010
0.000010 0.111154 0.460856 0.094703 0.224211 0.000010 0.000010 0.000010 0.000010 0.109026
0.000010 0.000010 0.372851 0.308273 0.169253 0.000010 0.019852 0.129721 0.000010 0.000010
0.000010 0.000010 0.000010 0.000010 0.000010 0.641096 0.000010 0.243287 0.000010 0.115547
0.027030 0.000010 0.000010 0.000010 0.060699 0.211328 0.000010 0.146553 0.000010 0.554340
0.000010 0.279483 0.000010 0.000010 0.000010 0.486546 0.000010 0.233533 0.000010 0.000377
0.000010 0.208786 0.000010 0.000010 0.000010 0.000010 0.015662 0.192064 0.000010 0.583428
0.000010 0.542659 0.000010 0.000010 0.000010 0.000010 0.000010 0.000010 0.000010 0.457261
0.000010 0.278146 0.000010 0.000010 0.000010 0.057891 0.000010 0.304209 0.000010 0.359694
0.000010 0.000010 0.000010 0.000010 0.064112 0.696089 0.000010 0.239729 0.000010 0.000010
0.000010 0.000010 0.000010 0.000010 0.000010 0.482357 0.000010 0.161426 0.000010 0.356147
0.000010 0.000010 0.000010 0.000010 0.000010 0.508529 0.000010 0.491391 0.000010 0.000010
0.000010 0.510119 0.000010 0.000010 0.000010 0.272381 0.000010 0.096059 0.000010 0.121380
0.000010 0.000010 0.000010 0.000010 0.000010 0.376169 0.000010 0.418163 0.000010 0.205598
0.000010 0.025821 0.000010 0.000010 0.000010 0.468529 0.000010 0.000010 0.000010 0.505580
0.999910 0.000010 0.000010 0.000010 0.000010 0.000010 0.000010 0.000010 0.000010 0.000010
0.000010 0.000010 0.000010 0.000010 0.000010 0.000010 0.000010 0.552868 0.000010 0.447052
0.000010 0.295132 0.000010 0.000010 0.000010 0.234027 0.000010 0.000010 0.000010 0.470770
0.000010 0.184493 0.000010 0.000010 0.000010 0.366604 0.000010 0.000010 0.000010 0.448832
0.000010 0.313479 0.000010 0.000010 0.000010 0.133857 0.000010 0.174691 0.000010 0.377912
0.000010 0.210899 0.000010 0.000010 0.232435 0.000010 0.000010 0.556596 0.000010 0.000010
0.000010 0.191990 0.000010 0.000010 0.000010 0.100355 0.000010 0.478540 0.000010 0.229055
0.000010 0.087993 0.000010 0.000010 0.047284 0.000010 0.000010 0.166970 0.000010 0.697693
0.000010 0.557005 0.000010 0.000010 0.000010 0.000010 0.000010 0.442915 0.000010 0.000010
0.000010 0.000010 0.000010 0.000010 0.000010 0.000010 0.000010 0.312629 0.000010 0.687291
0.000010 0.129933 0.000010 0.000010 0.000010 0.190377 0.000010 0.679620 0.000010 0.000010
0.000010 0.332573 0.000010 0.000010 0.000010 0.079754 0.000010 0.587603 0.000010 0.000010
0.000010 0.275679 0.000010 0.000010 0.000010 0.186595 0.000010 0.258127 0.000010 0.279539
0.000010 0.000010 0.000010 0.000010 0.000010 0.755095 0.000010 0.244825 0.000010 0.000010
0.000010 0.284538 0.000010 0.000010 0.000010 0.000010 0.000010 0.715382 0.000010 0.000010
0.000010 0.000010 0.000010 0.031868 0.000010 0.000010 0.000010 0.471366 0.000010 0.496696
0.000010 0.331563 0.000010 0.000010 0.000010 0.175322 0.000010 0.493045 0.000010 0.000010
0.000010 0.439280 0.000010 0.000010 0.014337 0.093550 0.000010 0.452773 0.000010 0.000010
0.000010 0.999910 0.000010 0.000010 0.000010 0.000010 0.000010 0.000010 0.000010 0.000010
0.000010 0.541412 0.000010 0.000010 0.025403 0.286826 0.000010 0.139091 0.000010 0.007217
0.000010 0.216125 0.000010 0.000010 0.000010 0.657684 0.000010 0.126121 0.000010 0.000010
0.000010 0.061256 0.614274 0.210534 0.113877 0.000010 0.000010 0.000010 0.000010 0.000010
0.000010 0.100000 0.000010 0.000010 0.000010 0.445010 0.000010 0.140236 0.000010 0.314694
0.000010 0.095768 0.000010 0.000010 0.096397 0.369604 0.021009 0.206420 0.000010 0.210763
0.000010 0.279195 0.000010 0.000010 0.000010 0.140915 0.000010 0.000010 0.000010 0.579820
0.000010 0.529625 0.000010 0.000010 0.000010 0.125860 0.000010 0.344444 0.000010 0.000010
0.000010 0.621878 0.000010 0.000010 0.000010 0.000010 0.000010 0.378042 0.000010 0.000010
0.000010 0.522438 0.000010 0.015043 0.000010 0.163821 0.000010 0.000010 0.000010 0.298639
0.000010 0.085184 0.000010 0.000010 0.000010 0.000010 0.000010 0.268722 0.000010 0.646025
0.000010 0.435813 0.000010 0.000010 0.074711 0.287446 0.000010 0.201970 0.000010 0.000010
0.000010 0.889458 0.000010 0.000010 0.000010 0.110462 0.000010 0.000010 0.000010 0.000010
0.000010 0.000010 0.000010 0.000010 0.000010 0.166386 0.000010 0.290254 0.000010 0.543289
0.000010 0.072544 0.000010 0.000010 0.000010 0.188626 0.000010 0.127878 0.000010 0.610891
0.000010 0.000010 0.000010 0.000010 0.000010 0.000010 0.000010 0.797636 0.000010 0.202284
0.000010 0.184259 0.000010 0.000010 0.000010 0.516423 0.000010 0.000010 0.000010 0.299249
0.000010 0.480592 0.000010 0.000010 0.000010 0.178832 0.000010 0.340506 0.000010 0.000010
0.000010 0.000010 0.000010 0.000010 0.000010 0.186298 0.000010 0.000010 0.000010 0.813622
0.000010 0.000010 0.120749 0.000010 0.000010 0.258395 0.000010 0.000010 0.000010 0.620786
0.000010 0.000010 0.000010 0.000010 0.000010 0.000010 0.000010 0.351254 0.000010 0.648666
0.000010 0.534538 0.000010 0.000010 0.155561 0.309831 0.000010 0.000010 0.000010 0.000010
0.000010 0.000010 0.000010 0.000010 0.000010 0.181755 0.000010 0.818165 0.000010 0.000010
0.027717 0.215621 0.000010 0.000010 0.071145 0.237932 0.000010 0.036560 0.000010 0.410986
0.022189 0.000010 0.000010 0.000010 0.000010 0.044960 0.000010 0.932781 0.000010 0.000010
0.000010 0.378929 0.000010 0.000010 0.000010 0.254280 0.000010 0.366721 0.000010 0.000010
0.000010 0.112933 0.028694 0.000010 0.000010 0.462217 0.000010 0.294323 0.000010 0.101782
0.000010 0.169949 0.000010 0.000010 0.000010 0.000010 0.000010 0.301536 0.000010 0.528445
0.000010 0.345952 0.000010 0.000010 0.000010 0.000010 0.000010 0.653968 0.000010 0.000010
0.000010 0.000010 0.000010 0.000010 0.000010 0.000010 0.000010 0.999910 0.000010 0.000010
0.000010 0.000010 0.000010 0.000010 0.000010 0.281424 0.000010 0.000010 0.000010 0.718496
0.000010 0.000010 0.000010 0.000010 0.000010 0.000010 0.000010 0.999910 0.000010 0.000010
0.000010 0.187619 0.000010 0.000010 0.056993 0.268365 0.000010 0.000010 0.000010 0.486963
0.000010 0.288744 0.000010 0.000010 0.000010 0.044232 0.000010 0.062229 0.000010 0.604735
0.000010 0.643647 0.000010 0.000010 0.000010 0.356273 0.000010 0.000010 0.000010 0.000010
0.000010 0.096817 0.000010 0.000010 0.000010 0.129115 0.000010 0.658229 0.000010 0.115780
0.000010 0.000010 0.000010 0.000010 0.000010 0.000010 0.999910 0.000010 0.000010 0.000010
0.000010 0.217338 0.000010 0.000010 0.065056 0.000010 0.000010 0.423026 0.000010 0.294520
0.000010 0.774240 0.000010 0.000010 0.000010 0.000010 0.000010 0.000010 0.000010 0.225680
0.000010 0.049200 0.000010 0.000010 0.000010 0.276459 0.000010 0.456044 0.000010 0.218237
0.009348 0.127226 0.000010 0.000010 0.000010 0.103316 0.000010 0.545542 0.000010 0.214518
0.000010 0.276572 0.000010 0.000010 0.000010 0.415365 0.000010 0.307993 0.000010 0.000010
0.000010 0.999910 0.000010 0.000010 0.000010 0.000010 0.000010 0.000010 0.000010 0.000010
0.000010 0.427174 0.000010 0.000010 0.000010 0.298014 0.000010 0.274742 0.000010 0.000010
0.000010 0.000010 0.000010 0.000010 0.000010 0.330634 0.000010 0.669286 0.000010 0.000010
0.000010 0.000010 0.000010 0.000010 0.000010 0.302102 0.000010 0.697818 0.000010 0.000010
0.000010 0.622908 0.000010 0.000010 0.000010 0.000010 0.000010 0.377012 0.000010 0.000010
0.005537 0.099529 0.000010 0.116668 0.000010 0.258911 0.000010 0.040958 0.000010 0.478357
0.000010 0.000010 0.000010 0.000010 0.000010 0.000010 0.000010 0.000010 0.000010 0.999910
0.000010 0.389619 0.000010 0.000010 0.000010 0.203214 0.000010 0.032949 0.000010 0.374158
0.000010 0.244756 0.000010 0.128464 0.000010 0.341671 0.009641 0.000010 0.000010 0.275418
0.000010 0.585777 0.000010 0.000010 0.000010 0.226165 0.000010 0.187988 0.000010 0.000010
0.000010 0.053337 0.000010 0.000010 0.946583 0.000010 0.000010 0.000010 0.000010 0.000010
0.007164 0.308848 0.000010 0.227832 0.456095 0.000010 0.000010 0.000010 0.000010 0.000010
0.018070 0.000010 0.000010 0.100542 0.767385 0.000010 0.000010 0.113942 0.000010 0.000010
0.000010 0.011505 0.211137 0.033879 0.597702 0.000010 0.000010 0.145727 0.000010 0.000010
0.000010 0.061014 0.007809 0.000010 0.931107 0.000010 0.000010 0.000010 0.000010 0.000010
0.000010 0.000010 0.000010 0.000010 0.999910 0.000010 0.000010 0.000010 0.000010 0.000010
0.011646 0.000010 0.000010 0.000010 0.809595 0.000010 0.000010 0.178689 0.000010 0.000010
0.000010 0.000010 0.000010 0.000010 0.798655 0.000010 0.000010 0.000010 0.000010 0.201265
0.000010 0.000010 0.000010 0.257362 0.635118 0.000010 0.000010 0.000010 0.000010 0.107451
0.000010 0.000010 0.000010 0.000010 0.810582 0.000010 0.000010 0.066157 0.000010 0.123191
0.000010 0.000010 0.000010 0.132102 0.867818 0.000010 0.000010 0.000010 0.000010 0.000010
0.000010 0.000010 0.216977 0.032857 0.725360 0.000010 0.000010 0.000010 0.000010 0.024746
0.000010 0.000010 0.000010 0.000010 0.760314 0.000010 0.000010 0.000010 0.000010 0.239606
0.000010 0.000010 0.000010 0.000010 0.944425 0.055495 0.000010 0.000010 0.000010 0.000010
0.000010 0.000010 0.000010 0.000010 0.920103 0.000010 0.000010 0.079817 0.000010 0.000010
0.822426 0.000010 0.000010 0.000010 0.000010 0.000010 0.177494 0.000010 0.000010 0.000010
0.000010 0.000010 0.106114 0.000010 0.654056 0.188204 0.000010 0.051567 0.000010 0.000010
0.000010 0.000010 0.000010 0.000010 0.902103 0.000010 0.000010 0.000010 0.000010 0.097817
0.000010 0.000010 0.000010 0.000010 0.701177 0.298743 0.000010 0.000010 0.000010 0.000010
0.000010 0.000010 0.000010 0.000010 0.999910 0.000010 0.000010 0.000010 0.000010 0.000010
0.000010 0.000010 0.216594 0.203456 0.415930 0.000010 0.000010 0.163961 0.000010 0.000010
0.000010 0.041838 0.030626 0.000010 0.927466 0.000010 0.000010 0.000010 0.000010 0.000010
0.000010 0.020230 0.000010 0.035796 0.801340 0.091527 0.000010 0.051057 0.000010 0.000010
0.000010 0.147644 0.000010 0.000010 0.852276 0.000010 0.000010 0.000010 0.000010 0.000010
0.000010 0.000010 0.000010 0.000010 0.794601 0.000010 0.000010 0.000010 0.000010 0.205319
0.000010 0.000010 0.000010 0.000010 0.977698 0.000010 0.000010 0.000010 0.000010 0.022222
0.000010 0.000011 0.000010 0.156399 0.614831 0.228699 0.000010 0.000010 0.000010 0.000010
0.030461 0.012103 0.091757 0.026370 0.799022 0.000010 0.000010 0.000010 0.000010 0.040247
0.000010 0.000010 0.000010 0.000010 0.999910 0.000010 0.000010 0.000010 0.000010 0.000010
0.000010 0.000010 0.000010 0.000010 0.897134 0.000010 0.000010 0.102786 0.000010 0.000010
0.000010 0.000010 0.293935 0.000010 0.705985 0.000010 0.000010 0.000010 0.000010 0.000010
0.000010 0.000010 0.000010 0.000010 0.781161 0.000010 0.000010 0.000010 0.000010 0.218759
0.000010 0.000010 0.000010 0.000010 0.894102 0.082762 0.000010 0.023066 0.000010 0.000010
0.000010 0.000010 0.000010 0.000010 0.915001 0.024947 0.000010 0.000010 0.000010 0.059982
0.000010 0.000010 0.000010 0.000010 0.996609 0.000010 0.000010 0.003311 0.000010 0.000010
0.999910 0.000010 0.000010 0.000010 0.000010 0.000010 0.000010 0.000010 0.000010 0.000010
0.000010 0.010438 0.000010 0.000010 0.858264 0.131228 0.000010 0.000010 0.000010 0.000010
0.000010 0.000010 0.000010 0.000010 0.899759 0.000010 0.000010 0.000010 0.000010 0.100161
0.999909 0.000010 0.000010 0.000010 0.000010 0.000010 0.000010 0.000010 0.000010 0.000010
0.000010 0.000010 0.000010 0.114999 0.884921 0.000010 0.000010 0.000010 0.000010 0.000010
0.000010 0.000010 0.000010 0.079053 0.743469 0.103689 0.000010 0.000010 0.000010 0.073729
0.000010 0.000010 0.000010 0.000010 0.902066 0.000010 0.000010 0.001885 0.000010 0.095979
0.000010 0.000010 0.000010 0.000010 0.908251 0.091669 0.000010 0.000010 0.000010 0.000010
0.000010 0.000010 0.000010 0.000010 0.999910 0.000010 0.000010 0.000010 0.000010 0.000010
0.000010 0.000010 0.101029 0.000010 0.834429 0.000010 0.006856 0.000010 0.000010 0.057626
0.000010 0.000010 0.000010 0.186358 0.813562 0.000010 0.000010 0.000010 0.000010 0.000010
0.597832 0.000010 0.000010 0.000010 0.000010 0.000010 0.402088 0.000010 0.000010 0.000010
0.000010 0.000010 0.000010 0.000010 0.946012 0.053908 0.000010 0.000010 0.000010 0.000010
0.000010 0.000010 0.000010 0.049991 0.771170 0.000010 0.011514 0.167264 0.000010 0.000010
0.000010 0.000010 0.000010 0.000010 0.999910 0.000010 0.000010 0.000010 0.000010 0.000010
0.000010 0.000010 0.000010 0.037063 0.921526 0.000010 0.000010 0.000010 0.000010 0.041341
0.000010 0.000010 0.000010 0.000010 0.902692 0.000010 0.000010 0.000010 0.000010 0.097228
0.000010 0.000010 0.000010 0.057519 0.000010 0.170201 0.000010 0.772209 0.000010 0.000010
