0.000010 0.066176 0.697709 0.208008 0.028097
0.000010 0.000010 0.861538 0.015549 0.122893
0.000010 0.000010 0.895286 0.008182 0.096511
0.000010 0.000010 0.999960 0.000010 0.000010
0.003401 0.000010 0.687401 0.000010 0.309178
0.000010 0.106090 0.893880 0.000010 0.000010
0.000010 0.000010 0.999960 0.000010 0.000010
0.029565 0.086376 0.798009 0.086041 0.000010
0.008615 0.000010 0.991355 0.000010 0.000010
0.011594 0.000010 0.508150 0.000010 0.480237
0.000010 0.000010 0.999960 0.000010 0.000010
0.000010 0.000010 0.877584 0.122386 0.000010
0.000010 0.109463 0.858354 0.020545 0.011627
0.000010 0.000010 0.872558 0.127412 0.000010
0.000010 0.000010 0.999960 0.000010 0.000010
0.013329 0.148118 0.838533 0.000010 0.000010
0.004076 0.006759 0.989145 0.000010 0.000010
0.000010 0.160742 0.800554 0.038684 0.000010
0.000010 0.000010 0.898123 0.101847 0.000010
0.019995 0.000010 0.979975 0.000010 0.000010
0.000010 0.119333 0.777898 0.102749 0.000010
0.034135 0.059872 0.905973 0.000010 0.000010
0.000010 0.000010 0.965409 0.000010 0.034561
0.000010 0.063836 0.741845 0.194299 0.000010
0.000010 0.000010 0.999960 0.000010 0.000010
0.000010 0.000010 0.999960 0.000010 0.000010
0.000010 0.095197 0.799499 0.105284 0.000010
0.000010 0.528110 0.000010 0.133517 0.338353
0.000010 0.000010 0.999960 0.000010 0.000010
0.008827 0.034741 0.956411 0.000011 0.000010
0.000010 0.000010 0.999960 0.000010 0.000010
0.021321 0.169484 0.809175 0.000010 0.000010
0.000010 0.000010 0.889925 0.000010 0.110045
0.000010 0.000010 0.999960 0.000010 0.000010
0.032538 0.860594 0.106848 0.000010 0.000010
0.000010 0.300179 0.699791 0.000010 0.000010
0.000010 0.000010 0.685623 0.268437 0.045920
0.000010 0.000010 0.999960 0.000010 0.000010
0.000010 0.104669 0.751760 0.143551 0.000010
0.000010 0.000010 0.845618 0.154352 0.000010
0.026382 0.000010 0.973588 0.000010 0.000010
0.000010 0.000010 0.841344 0.000010 0.158626
0.000010 0.039968 0.863863 0.096149 0.000010
0.015768 0.000010 0.908391 0.000010 0.075821
0.999960 0.000010 0.000010 0.000010 0.000010
0.010909 0.040140 0.700009 0.110639 0.138303
0.019531 0.030620 0.728201 0.158407 0.063241
0.000010 0.088038 0.749999 0.161943 0.000010
0.000010 0.008655 0.894131 0.064920 0.032283
0.999960 0.000010 0.000010 0.000010 0.000010
0.010391 0.130027 0.859562 0.000010 0.000010
0.000010 0.000010 0.575849 0.424121 0.000010
0.999960 0.000010 0.000010 0.000010 0.000010
0.000010 0.000010 0.870274 0.000010 0.129696
0.999960 0.000010 0.000010 0.000010 0.000010
0.999960 0.000010 0.000010 0.000010 0.000010
0.000010 0.111945 0.888025 0.000010 0.000010
0.999960 0.000010 0.000010 0.000010 0.000010
0.019227 0.000010 0.222355 0.027586 0.730822
0.999960 0.000010 0.000010 0.000010 0.000010
0.000010 0.000010 0.507045 0.091220 0.401715
0.000010 0.078685 0.763604 0.157691 0.000010
0.000010 0.000010 0.807887 0.192083 0.000010
0.000010 0.193315 0.779003 0.027662 0.000010
0.000010 0.000010 0.684482 0.315488 0.000010
0.000010 0.846765 0.000010 0.026362 0.126853
0.028888 0.658040 0.000010 0.000010 0.313052
0.000010 0.370485 0.000010 0.000010 0.629485
0.000010 0.323886 0.000010 0.105402 0.570692
0.004260 0.766160 0.000010 0.000010 0.229560
0.000010 0.300106 0.000010 0.094336 0.605538
0.000010 0.999960 0.000010 0.000010 0.000010
0.006195 0.660244 0.085302 0.000010 0.248249
0.999960 0.000010 0.000010 0.000010 0.000010
0.000010 0.436104 0.000010 0.018592 0.545284
0.000010 0.309235 0.000010 0.160181 0.530563
0.000010 0.744425 0.000010 0.000010 0.255545
0.000010 0.827238 0.000010 0.172732 0.000010
0.000010 0.533648 0.000010 0.000010 0.466322
0.000010 0.999960 0.000010 0.000010 0.000010
0.000010 0.999960 0.000010 0.000010 0.000010
0.000010 0.000010 0.869765 0.130205 0.000010
0.000010 0.394869 0.166200 0.000010 0.438911
0.999960 0.000010 0.000010 0.000010 0.000010
0.000010 0.999960 0.000010 0.000010 0.000010
0.000010 0.999960 0.000010 0.000010 0.000010
0.000010 0.746905 0.000010 0.000010 0.253065
0.000010 0.982104 0.000010 0.000010 0.017866
0.000010 0.886544 0.000010 0.069283 0.044154
0.999960 0.000010 0.000010 0.000010 0.000010
0.000010 0.787780 0.000010 0.080208 0.131993
0.000010 0.999960 0.000010 0.000010 0.000010
0.999960 0.000010 0.000010 0.000010 0.000010
0.000010 0.999960 0.000010 0.000010 0.000010
0.999960 0.000010 0.000010 0.000010 0.000010
0.999960 0.000010 0.000010 0.000010 0.000010
0.999960 0.000010 0.000010 0.000010 0.000010
0.000010 0.434354 0.000010 0.001660 0.563966
0.000010 0.656567 0.109347 0.000010 0.234067
0.000010 0.122518 0.000010 0.848358 0.029104
0.000010 0.000010 0.000010 0.999960 0.000010
0.000010 0.000010 0.195636 0.804334 0.000010
0.000010 0.000010 0.000010 0.796295 0.203675
0.039877 0.260209 0.000010 0.699894 0.000010
0.000010 0.000010 0.000010 0.866415 0.133555
0.000010 0.776027 0.000010 0.000010 0.223943
0.999955 0.000010 0.000015 0.000010 0.000010
0.000010 0.969226 0.000010 0.030744 0.000010
0.000010 0.600408 0.000010 0.000010 0.399562
0.000010 0.000010 0.000015 0.000010 0.999955
0.999960 0.000010 0.000010 0.000010 0.000010
0.000010 0.400365 0.000010 0.000010 0.599605
0.000010 0.999960 0.000010 0.000010 0.000010
0.000010 0.779284 0.000010 0.022297 0.198399
0.000010 0.999960 0.000010 0.000010 0.000010
0.000010 0.096928 0.000010 0.204343 0.698710
0.000010 0.738616 0.000010 0.000010 0.261354
0.000010 0.801054 0.000010 0.000010 0.198916
0.000010 0.912833 0.042642 0.000010 0.044506
0.000010 0.607691 0.088404 0.000010 0.303885
0.999960 0.000010 0.000010 0.000010 0.000010
0.000010 0.999960 0.000010 0.000010 0.000010
0.000010 0.516590 0.021786 0.043414 0.418199
0.000010 0.710012 0.000010 0.000010 0.289958
0.000010 0.999960 0.000010 0.000010 0.000010
0.000010 0.000010 0.000010 0.000010 0.999960
0.000010 0.667372 0.000010 0.000010 0.332598
0.000010 0.000010 0.000010 0.000010 0.999960
0.000010 0.923841 0.000010 0.000010 0.076129
0.000010 0.654381 0.000010 0.000010 0.345589
0.000010 0.283680 0.000010 0.000010 0.716290
0.000010 0.949664 0.050306 0.000010 0.000010
0.000010 0.999960 0.000010 0.000010 0.000010
0.000010 0.999960 0.000010 0.000010 0.000010
0.000010 0.467358 0.000010 0.000010 0.532612
0.013178 0.986792 0.000010 0.000010 0.000010
0.004305 0.612600 0.000010 0.000010 0.383076
0.000010 0.999960 0.000010 0.000010 0.000010
0.000010 0.157721 0.000010 0.006008 0.836251
0.000010 0.902688 0.000010 0.097282 0.000010
0.000010 0.999960 0.000010 0.000010 0.000010
0.999956 0.000010 0.000014 0.000010 0.000010
0.999960 0.000010 0.000010 0.000010 0.000010
0.000010 0.647501 0.000010 0.000010 0.352469
0.999960 0.000010 0.000010 0.000010 0.000010
0.000010 0.000010 0.000010 0.000010 0.999960
0.000010 0.325571 0.000010 0.000010 0.674399
0.999960 0.000010 0.000010 0.000010 0.000010
0.999960 0.000010 0.000010 0.000010 0.000010
0.000010 0.721114 0.000010 0.000010 0.278856
0.999960 0.000010 0.000010 0.000010 0.000010
0.999960 0.000010 0.000010 0.000010 0.000010
0.999960 0.000010 0.000010 0.000010 0.000010
0.029348 0.131880 0.763633 0.075129 0.000010
0.000010 0.070992 0.719473 0.209515 0.000010
0.000010 0.000010 0.950736 0.049234 0.000010
0.000010 0.000010 0.975829 0.000010 0.024141
0.999960 0.000010 0.000010 0.000010 0.000010
0.000010 0.327079 0.000010 0.028901 0.644000
0.016416 0.000010 0.828615 0.000010 0.154950
0.010488 0.154362 0.835130 0.000010 0.000010
0.020972 0.099892 0.606219 0.272907 0.000010
0.000010 0.000010 0.774066 0.000010 0.225904
0.000010 0.000010 0.640041 0.223214 0.136725
0.000010 0.000010 0.999960 0.000010 0.000010
0.000010 0.000010 0.999960 0.000010 0.000010
0.000010 0.000010 0.999960 0.000010 0.000010
0.000010 0.000010 0.871206 0.000010 0.128764
0.000010 0.000010 0.954115 0.045855 0.000010
0.021321 0.000010 0.690240 0.288419 0.000010
0.000010 0.000010 0.999960 0.000010 0.000010
0.025950 0.000010 0.772102 0.201171 0.000767
0.000010 0.000010 0.913370 0.035368 0.051242
0.000010 0.000010 0.999960 0.000010 0.000010
0.011884 0.022534 0.865375 0.078115 0.022091
0.001465 0.157245 0.790822 0.050458 0.000010
0.000010 0.000010 0.638197 0.186453 0.175330
0.000010 0.000010 0.787812 0.212158 0.000010
0.000010 0.000010 0.895520 0.000010 0.104450
0.000010 0.000010 0.999960 0.000010 0.000010
0.999960 0.000010 0.000010 0.000010 0.000010
0.000010 0.065476 0.890297 0.044207 0.000010
0.000010 0.000010 0.727577 0.272393 0.000010
0.000010 0.000010 0.999960 0.000010 0.000010
0.999960 0.000010 0.000010 0.000010 0.000010
0.000010 0.000010 0.999960 0.000010 0.000010
0.999960 0.000010 0.000010 0.000010 0.000010
0.000010 0.009915 0.990055 0.000010 0.000010
0.000010 0.000010 0.920899 0.000010 0.079071
0.000010 0.000010 0.999960 0.000010 0.000010
0.000010 0.000010 0.892806 0.000010 0.107164
0.000010 0.000010 0.872280 0.127690 0.000010
0.000010 0.000010 0.760669 0.096499 0.142812
0.010084 0.000010 0.762080 0.061601 0.166225
0.010640 0.002580 0.863298 0.000010 0.123472
0.000010 0.000010 0.999960 0.000010 0.000010
0.000010 0.154457 0.735669 0.109855 0.000010
0.000010 0.000010 0.861443 0.138527 0.000010
0.000010 0.102047 0.617570 0.280363 0.000010
0.024253 0.000010 0.577160 0.281985 0.116592
0.000010 0.999960 0.000010 0.000010 0.000010
0.019193 0.546154 0.000010 0.096217 0.338426
0.000010 0.871381 0.000010 0.000010 0.128589
0.020967 0.449675 0.000010 0.000010 0.529338
0.000010 0.808704 0.000010 0.000010 0.191266
0.000010 0.524304 0.000010 0.000010 0.475666
0.000010 0.746035 0.000010 0.101557 0.152388
0.000010 0.813241 0.000010 0.000010 0.186729
0.000010 0.675192 0.000010 0.000010 0.324778
0.000010 0.432643 0.000010 0.036723 0.530614
0.000010 0.610605 0.000010 0.000010 0.389365
0.000010 0.751167 0.000010 0.000010 0.248803
0.999960 0.000010 0.000010 0.000010 0.000010
0.000010 0.192747 0.000010 0.000010 0.807223
0.000010 0.509226 0.067702 0.000010 0.423053
0.000010 0.904847 0.000010 0.000010 0.095123
0.000010 0.646874 0.000010 0.000010 0.353096
0.000010 0.000010 0.000010 0.258383 0.741587
0.000010 0.381738 0.000010 0.000010 0.618232
0.000010 0.286211 0.000010 0.176988 0.536781
0.000010 0.000010 0.000010 0.000010 0.999960
0.000010 0.336574 0.000010 0.000010 0.663396
0.000010 0.000010 0.000010 0.000010 0.999960
0.013200 0.502970 0.000010 0.000010 0.483810
0.000010 0.666906 0.000010 0.000010 0.333064
0.000010 0.999960 0.000010 0.000010 0.000010
0.000010 0.000010 0.000010 0.000010 0.999960
0.000010 0.000010 0.059955 0.000010 0.940015
0.000010 0.452240 0.000010 0.000010 0.547730
0.000010 0.352528 0.000010 0.067513 0.579939
0.000010 0.473643 0.000010 0.000010 0.526327
0.000010 0.399536 0.000010 0.073797 0.526646
0.000010 0.999960 0.000010 0.000010 0.000010
0.000010 0.000010 0.846901 0.153069 0.000010
0.000010 0.680610 0.000010 0.016479 0.302892
0.019996 0.722795 0.000010 0.104940 0.152259
0.000010 0.434973 0.000010 0.000010 0.564997
0.000010 0.482113 0.000010 0.000010 0.517857
0.000010 0.543202 0.000010 0.000010 0.456768
0.000010 0.576044 0.007734 0.000010 0.416203
0.000010 0.261991 0.018650 0.000010 0.719340
0.000010 0.681337 0.000010 0.100141 0.218502
0.000017 0.516547 0.000010 0.000010 0.483416
0.000010 0.677647 0.000010 0.000010 0.322323
0.000010 0.595616 0.000010 0.055805 0.348559
0.000010 0.000010 0.000010 0.048760 0.951210
0.000010 0.692281 0.004901 0.044875 0.257933
0.000010 0.652388 0.000010 0.000010 0.347582
0.000010 0.829699 0.000010 0.000010 0.170271
0.000010 0.759354 0.059060 0.000010 0.181566
0.000010 0.379994 0.044887 0.000010 0.575099
0.000010 0.770225 0.000010 0.229745 0.000010
0.000010 0.185905 0.000010 0.000010 0.814065
0.027115 0.544533 0.000010 0.089474 0.338868
0.015866 0.000010 0.000010 0.000010 0.984104
0.000010 0.497706 0.000010 0.000010 0.502264
0.000010 0.696072 0.086084 0.000010 0.217824
0.000010 0.444379 0.000010 0.000010 0.555591
0.000010 0.073145 0.089813 0.000010 0.837023
0.000010 0.000010 0.000010 0.000010 0.999960
0.000010 0.999960 0.000010 0.000010 0.000010
0.000010 0.000010 0.000010 0.000010 0.999960
0.000010 0.764780 0.000010 0.082791 0.152408
0.000010 0.677536 0.000010 0.000010 0.322434
0.000010 0.645136 0.000010 0.000010 0.354834
0.000010 0.000010 0.000010 0.000010 0.999960
0.999960 0.000010 0.000010 0.000010 0.000010
0.000010 0.311287 0.000010 0.078913 0.609780
0.000010 0.407705 0.000010 0.000010 0.592265
0.000010 0.409029 0.000010 0.000010 0.590941
0.018664 0.316632 0.000010 0.000010 0.664684
0.000010 0.499114 0.065595 0.000010 0.435271
0.000010 0.617937 0.000010 0.000010 0.382033
0.000010 0.415986 0.000010 0.000010 0.583984
0.000010 0.605070 0.011719 0.000010 0.383191
0.000010 0.663936 0.000010 0.000010 0.336034
0.000010 0.360932 0.000010 0.000010 0.639038
0.000010 0.763813 0.188500 0.000010 0.047667
0.000010 0.479274 0.054891 0.000010 0.465815
0.000010 0.511076 0.000010 0.072581 0.416323
0.010760 0.862937 0.120789 0.005503 0.000010
0.000010 0.675527 0.000010 0.000010 0.324443
0.000010 0.000010 0.000010 0.986227 0.013743
0.019123 0.238938 0.114422 0.627507 0.000010
0.028818 0.000010 0.000010 0.958257 0.012905
0.000010 0.000010 0.222189 0.669848 0.107943
0.000010 0.000010 0.000010 0.999960 0.000010
0.000010 0.000010 0.000010 0.999960 0.000010
0.010198 0.000010 0.000010 0.914015 0.075767
0.000010 0.146984 0.000010 0.852986 0.000010
0.000010 0.053942 0.195135 0.750902 0.000010
0.000010 0.000010 0.000010 0.854989 0.144981
0.000010 0.000010 0.000010 0.999960 0.000010
0.000010 0.000010 0.210169 0.789801 0.000010
0.000010 0.000010 0.000010 0.910903 0.089067
0.000010 0.000010 0.000010 0.999960 0.000010
0.000010 0.000010 0.000010 0.999960 0.000010
0.999960 0.000010 0.000010 0.000010 0.000010
0.000010 0.216990 0.014033 0.768957 0.000010
0.000010 0.000010 0.000010 0.999960 0.000010
0.000010 0.185624 0.000010 0.814346 0.000010
0.000010 0.000010 0.000010 0.999960 0.000010
0.000010 0.000010 0.419106 0.483511 0.097363
0.000010 0.000010 0.000010 0.999960 0.000010
0.000010 0.000010 0.000010 0.952526 0.047444
0.000010 0.013048 0.000010 0.986922 0.000010
0.000010 0.000010 0.000010 0.999960 0.000010
0.000010 0.000010 0.000010 0.999960 0.000010
0.000010 0.144979 0.051269 0.803733 0.000010
0.024094 0.000010 0.161311 0.814575 0.000010
0.000010 0.000010 0.000010 0.999960 0.000010
0.000010 0.000010 0.000010 0.906301 0.093669
0.000010 0.000010 0.200706 0.799264 0.000010
0.000010 0.105130 0.000010 0.894840 0.000010
0.000010 0.000014 0.000010 0.999956 0.000010
0.000010 0.000010 0.000010 0.999960 0.000010
0.000010 0.000010 0.000010 0.999960 0.000010
0.999960 0.000010 0.000010 0.000010 0.000010
0.000010 0.036339 0.000010 0.963631 0.000010
0.000010 0.000010 0.000010 0.999960 0.000010
0.999960 0.000010 0.000010 0.000010 0.000010
0.000010 0.000010 0.000010 0.999960 0.000010
0.000010 0.014192 0.000010 0.882831 0.102957
0.000010 0.000010 0.000010 0.943469 0.056501
0.000010 0.000010 0.000010 0.999960 0.000010
0.000010 0.000010 0.000010 0.999960 0.000010
0.005105 0.000010 0.000010 0.994865 0.000010
0.000010 0.000010 0.086318 0.913652 0.000010
0.999960 0.000010 0.000010 0.000010 0.000010
0.000010 0.000010 0.000010 0.999960 0.000010
0.008611 0.000010 0.000010 0.841104 0.150264
0.000010 0.000010 0.000010 0.999960 0.000010
0.000010 0.000010 0.000010 0.999960 0.000010
0.000010 0.000010 0.000010 0.999960 0.000010
0.012034 0.348887 0.134579 0.000010 0.504490
