0.425519 0.000010 0.574461 0.000010
0.000010 0.999970 0.000010 0.000010
0.999970 0.000010 0.000010 0.000010
0.594282 0.000010 0.405698 0.000010
0.000010 0.000010 0.999970 0.000010
0.244179 0.000010 0.755801 0.000010
0.546624 0.000010 0.438391 0.014975
0.321969 0.000010 0.678011 0.000010
0.999970 0.000010 0.000010 0.000010
0.000010 0.999970 0.000010 0.000010
0.578241 0.000010 0.421739 0.000010
0.000010 0.834619 0.000010 0.165361
0.000010 0.000010 0.999970 0.000010
0.999970 0.000010 0.000010 0.000010
0.424608 0.000010 0.575372 0.000010
0.449104 0.000010 0.550876 0.000010
0.000010 0.982270 0.017710 0.000010
0.000010 0.999970 0.000010 0.000010
0.999970 0.000010 0.000010 0.000010
0.999970 0.000010 0.000010 0.000010
0.406960 0.000010 0.593020 0.000010
0.999970 0.000010 0.000010 0.000010
0.000010 0.000010 0.000010 0.999970
0.000010 0.000010 0.999970 0.000010
0.000010 0.999970 0.000010 0.000010
0.000010 0.000010 0.999970 0.000010
0.000010 0.999970 0.000010 0.000010
0.373917 0.000010 0.626063 0.000010
0.000010 0.999970 0.000010 0.000010
0.000010 0.999970 0.000010 0.000010
0.663563 0.000010 0.336417 0.000010
0.000010 0.000010 0.999970 0.000010
0.773876 0.000010 0.226104 0.000010
0.000010 0.000010 0.999970 0.000010
0.000010 0.999970 0.000010 0.000010
0.510430 0.000010 0.489550 0.000010
0.535282 0.000010 0.464698 0.000010
0.000010 0.000010 0.999970 0.000010
0.636207 0.000010 0.363773 0.000010
0.375969 0.000010 0.624011 0.000010
0.999970 0.000010 0.000010 0.000010
0.999970 0.000010 0.000010 0.000010
0.000010 0.999970 0.000010 0.000010
0.967156 0.032824 0.000010 0.000010
0.999970 0.000010 0.000010 0.000010
0.591534 0.000010 0.000010 0.408446
0.371099 0.000010 0.628881 0.000010
0.000010 0.000010 0.953139 0.046841
0.000010 0.000010 0.999970 0.000010
0.000010 0.796979 0.000010 0.203001
0.000010 0.999970 0.000010 0.000010
0.000010 0.526574 0.473406 0.000010
0.000010 0.000010 0.999970 0.000010
0.000010 0.999970 0.000010 0.000010
0.000010 0.000010 0.999970 0.000010
0.000010 0.000010 0.999970 0.000010
0.999970 0.000010 0.000010 0.000010
0.687368 0.000010 0.312612 0.000010
0.308076 0.000010 0.691904 0.000010
0.587563 0.000010 0.412417 0.000010
0.000010 0.999970 0.000010 0.000010
0.000010 0.000010 0.999970 0.000010
0.999970 0.000010 0.000010 0.000010
0.004395 0.995585 0.000010 0.000010
0.000010 0.000010 0.999970 0.000010
0.000010 0.000010 0.999970 0.000010
0.999970 0.000010 0.000010 0.000010
0.000010 0.999970 0.000010 0.000010
0.000010 0.880318 0.119662 0.000010
0.307238 0.000010 0.692742 0.000010
0.017459 0.982521 0.000010 0.000010
0.999970 0.000010 0.000010 0.000010
0.000010 0.999970 0.000010 0.000010
0.000010 0.999970 0.000010 0.000010
0.000010 0.000010 0.000010 0.999970
0.000010 0.000010 0.000010 0.999970
0.999970 0.000010 0.000010 0.000010
0.000010 0.999970 0.000010 0.000010
0.000010 0.000010 0.999970 0.000010
0.999970 0.000010 0.000010 0.000010
0.375466 0.000010 0.624514 0.000010
0.000010 0.999970 0.000010 0.000010
0.000010 0.000010 0.999970 0.000010
0.000010 0.000010 0.000010 0.999970
0.374680 0.000010 0.625300 0.000010
0.999970 0.000010 0.000010 0.000010
0.691341 0.000010 0.308639 0.000010
0.999970 0.000010 0.000010 0.000010
0.999970 0.000010 0.000010 0.000010
0.000010 0.999970 0.000010 0.000010
0.000010 0.971061 0.028919 0.000010
0.805775 0.000010 0.194205 0.000010
0.000010 0.999970 0.000010 0.000010
0.999970 0.000010 0.000010 0.000010
0.411668 0.000010 0.588312 0.000010
0.000010 0.999970 0.000010 0.000010
0.999970 0.000010 0.000010 0.000010
0.000010 0.738233 0.000010 0.261747
