0.000010 0.000010 0.999980
0.999980 0.000010 0.000010
0.000010 0.000010 0.999980
0.000010 0.000010 0.999980
0.000010 0.000010 0.999980
0.000010 0.000010 0.999980
0.000010 0.782276 0.217714
0.000010 0.000010 0.999980
0.000010 0.000010 0.999980
0.999980 0.000010 0.000010
0.037206 0.000010 0.962784
0.999980 0.000010 0.000010
0.000010 0.999980 0.000010
0.000010 0.500755 0.499235
0.000010 0.530732 0.469258
0.000010 0.000010 0.999980
0.947749 0.000010 0.052241
0.999980 0.000010 0.000010
0.000010 0.999980 0.000010
0.010464 0.351967 0.637569
0.000010 0.000010 0.999980
0.000010 0.999980 0.000010
0.999980 0.000010 0.000010
0.000010 0.313707 0.686283
0.999980 0.000010 0.000010
0.000010 0.000010 0.999980
0.999980 0.000010 0.000010
0.000010 0.515321 0.484669
0.999980 0.000010 0.000010
0.999980 0.000010 0.000010
0.000010 0.999980 0.000010
0.000010 0.502665 0.497325
0.000010 0.000010 0.999980
0.000010 0.379167 0.620823
0.999980 0.000010 0.000010
0.000010 0.999980 0.000010
0.000010 0.000010 0.999980
0.000010 0.116137 0.883853
0.000010 0.000010 0.999980
0.000010 0.000010 0.999980
0.000010 0.000010 0.999980
0.000010 0.609459 0.390531
0.999980 0.000010 0.000010
0.000010 0.999980 0.000010
0.000010 0.314872 0.685118
0.000010 0.999980 0.000010
0.000010 0.216152 0.783838
0.052250 0.232738 0.715013
0.000010 0.547199 0.452791
0.999980 0.000010 0.000010
0.999980 0.000010 0.000010
0.494133 0.000010 0.505857
0.000010 0.999980 0.000010
0.999980 0.000010 0.000010
0.000010 0.999980 0.000010
0.000010 0.999980 0.000010
0.000010 0.689639 0.310351
0.000010 0.612790 0.387200
0.000010 0.000010 0.999980
0.000010 0.544051 0.455939
0.999980 0.000010 0.000010
0.000010 0.000010 0.999980
0.026681 0.715557 0.257762
0.972350 0.027640 0.000010
0.000010 0.999980 0.000010
0.000010 0.000010 0.999980
0.000010 0.999980 0.000010
0.999980 0.000010 0.000010
0.901296 0.098694 0.000010
0.000010 0.490813 0.509177
0.974688 0.025302 0.000010
0.000010 0.999980 0.000010
0.999980 0.000010 0.000010
0.999980 0.000010 0.000010
0.999980 0.000010 0.000010
0.999980 0.000010 0.000010
0.000010 0.513310 0.486680
0.999980 0.000010 0.000010
0.000010 0.565675 0.434315
0.000010 0.566619 0.433371
0.000010 0.000010 0.999980
0.999980 0.000010 0.000010
0.000010 0.999980 0.000010
0.999980 0.000010 0.000010
0.000010 0.000010 0.999980
0.000010 0.000010 0.999980
0.000010 0.999980 0.000010
0.000010 0.765905 0.234085
0.000010 0.000010 0.999980
0.999980 0.000010 0.000010
0.968745 0.000010 0.031245
0.000010 0.550289 0.449701
0.999980 0.000010 0.000010
0.000010 0.367853 0.632137
0.000010 0.542143 0.457847
0.999980 0.000010 0.000010
0.000010 0.999980 0.000010
0.999980 0.000010 0.000010
