0.767924 0.000010 0.232036 0.000010 0.000010 0.000010
0.000010 0.000010 0.000010 0.000010 0.999950 0.000010
0.000010 0.000010 0.000010 0.000010 0.000010 0.999950
0.000010 0.000010 0.999950 0.000010 0.000010 0.000010
0.000010 0.000010 0.524895 0.475065 0.000010 0.000010
0.000010 0.000010 0.999950 0.000010 0.000010 0.000010
0.999950 0.000010 0.000010 0.000010 0.000010 0.000010
0.000010 0.000010 0.143858 0.856102 0.000010 0.000010
0.000010 0.000010 0.000010 0.727003 0.000010 0.272957
0.000010 0.999950 0.000010 0.000010 0.000010 0.000010
0.000010 0.000010 0.000010 0.999950 0.000010 0.000010
0.000010 0.252863 0.000010 0.000010 0.747097 0.000010
0.000010 0.000010 0.000010 0.000010 0.000010 0.999950
0.437044 0.000010 0.562916 0.000010 0.000010 0.000010
0.000010 0.000010 0.999950 0.000010 0.000010 0.000010
0.523529 0.000010 0.476431 0.000010 0.000010 0.000010
0.000010 0.000010 0.000010 0.000010 0.999950 0.000010
0.000010 0.000010 0.000010 0.000010 0.999950 0.000010
0.000010 0.000010 0.000010 0.000010 0.000010 0.999950
0.000010 0.000010 0.000010 0.999950 0.000010 0.000010
0.000010 0.000010 0.000010 0.301679 0.000010 0.698281
0.999950 0.000010 0.000010 0.000010 0.000010 0.000010
0.000010 0.000010 0.000010 0.000010 0.999950 0.000010
0.000010 0.000010 0.000010 0.999950 0.000010 0.000010
0.000010 0.419795 0.000010 0.000010 0.580165 0.000010
0.000010 0.000010 0.000010 0.000010 0.000010 0.999950
0.000010 0.000010 0.000010 0.000010 0.999950 0.000010
0.000010 0.000010 0.000010 0.999950 0.000010 0.000010
0.000010 0.000010 0.000010 0.000010 0.999950 0.000010
0.000010 0.000010 0.000010 0.000010 0.999950 0.000010
0.000010 0.000010 0.000010 0.000010 0.000010 0.999950
0.000010 0.000010 0.000010 0.000010 0.000010 0.999950
0.219203 0.000010 0.238621 0.000010 0.000010 0.542146
0.449909 0.000010 0.000010 0.392448 0.000010 0.157614
0.000010 0.999950 0.000010 0.000010 0.000010 0.000010
0.000010 0.000010 0.000010 0.999950 0.000010 0.000010
0.313524 0.000010 0.321715 0.000010 0.000010 0.364730
0.000010 0.000010 0.573639 0.223766 0.000010 0.202564
0.000010 0.000010 0.000010 0.000010 0.000010 0.999950
0.000010 0.000010 0.000010 0.000010 0.000010 0.999950
0.000010 0.000010 0.000010 0.999950 0.000010 0.000010
0.000010 0.000010 0.000010 0.000010 0.000010 0.999950
0.000010 0.000010 0.000010 0.000010 0.999950 0.000010
0.999950 0.000010 0.000010 0.000010 0.000010 0.000010
0.999950 0.000010 0.000010 0.000010 0.000010 0.000010
0.000010 0.000010 0.999950 0.000010 0.000010 0.000010
0.148393 0.000010 0.270116 0.000010 0.000010 0.581461
0.000010 0.000010 0.999950 0.000010 0.000010 0.000010
0.000010 0.000010 0.999950 0.000010 0.000010 0.000010
0.000010 0.000010 0.000010 0.000010 0.999950 0.000010
0.000010 0.203096 0.000010 0.000010 0.796864 0.000010
0.000010 0.000010 0.215750 0.269303 0.514917 0.000010
0.999950 0.000010 0.000010 0.000010 0.000010 0.000010
0.000010 0.000010 0.000010 0.000010 0.999950 0.000010
0.000010 0.000010 0.000010 0.999950 0.000010 0.000010
0.000010 0.000010 0.000010 0.000010 0.000010 0.999950
0.000010 0.000010 0.000010 0.999950 0.000010 0.000010
0.700814 0.000010 0.000010 0.262362 0.000010 0.036795
0.999950 0.000010 0.000010 0.000010 0.000010 0.000010
0.999950 0.000010 0.000010 0.000010 0.000010 0.000010
0.000010 0.630643 0.000010 0.000010 0.369317 0.000010
0.000010 0.000010 0.380210 0.000010 0.000010 0.619750
0.391205 0.036849 0.000010 0.000010 0.000010 0.571915
0.000010 0.999950 0.000010 0.000010 0.000010 0.000010
0.999950 0.000010 0.000010 0.000010 0.000010 0.000010
0.999950 0.000010 0.000010 0.000010 0.000010 0.000010
0.000010 0.000010 0.000010 0.999950 0.000010 0.000010
0.000010 0.453577 0.000010 0.000010 0.546383 0.000010
0.000010 0.000010 0.000010 0.000010 0.890720 0.109240
0.000010 0.000010 0.999950 0.000010 0.000010 0.000010
0.000010 0.341800 0.000010 0.026547 0.631624 0.000010
0.000010 0.000010 0.000010 0.999950 0.000010 0.000010
0.000010 0.000010 0.000010 0.000010 0.999950 0.000010
0.000010 0.247695 0.000010 0.000010 0.752265 0.000010
0.000010 0.999942 0.000018 0.000010 0.000010 0.000010
0.000010 0.999950 0.000010 0.000010 0.000010 0.000010
0.356910 0.000010 0.509879 0.133180 0.000010 0.000010
0.000010 0.000010 0.000010 0.000010 0.999950 0.000010
0.000010 0.000010 0.000010 0.640044 0.000010 0.359916
0.466841 0.000010 0.000010 0.000010 0.000010 0.533119
0.000010 0.000010 0.000010 0.000010 0.000010 0.999950
0.000010 0.576677 0.000010 0.000010 0.423283 0.000010
0.999950 0.000010 0.000010 0.000010 0.000010 0.000010
0.000010 0.280254 0.000010 0.000010 0.719706 0.000010
0.999950 0.000010 0.000010 0.000010 0.000010 0.000010
0.000010 0.000010 0.531735 0.468225 0.000010 0.000010
0.710481 0.000010 0.289479 0.000010 0.000010 0.000010
0.999950 0.000010 0.000010 0.000010 0.000010 0.000010
0.999950 0.000010 0.000010 0.000010 0.000010 0.000010
0.000010 0.000010 0.000010 0.000010 0.999950 0.000010
0.000010 0.000010 0.031982 0.000010 0.967978 0.000010
0.000010 0.000010 0.000010 0.999950 0.000010 0.000010
0.000010 0.000010 0.000010 0.000010 0.999950 0.000010
0.000010 0.000010 0.000010 0.999950 0.000010 0.000010
0.000010 0.000010 0.000010 0.000010 0.000010 0.999950
0.000010 0.405588 0.000010 0.000010 0.594372 0.000010
0.708551 0.000010 0.000010 0.000010 0.000010 0.291409
0.000010 0.999950 0.000010 0.000010 0.000010 0.000010
