0.831220 0.000010 0.168770
0.737144 0.000010 0.262846
0.000010 0.999980 0.000010
0.716950 0.000010 0.283040
0.000010 0.999980 0.000010
0.834619 0.000010 0.165371
0.999980 0.000010 0.000010
0.999980 0.000010 0.000010
0.000010 0.999980 0.000010
0.000010 0.999980 0.000010
0.999980 0.000010 0.000010
0.000010 0.999980 0.000010
0.000010 0.000010 0.999980
0.000010 0.999980 0.000010
0.000010 0.999980 0.000010
0.000015 0.000010 0.999975
0.000010 0.999980 0.000010
0.000010 0.999980 0.000010
0.000010 0.999980 0.000010
0.000010 0.999980 0.000010
0.000010 0.999980 0.000010
0.999980 0.000010 0.000010
0.952197 0.000010 0.047793
0.999980 0.000010 0.000010
0.924586 0.000010 0.075404
0.838176 0.000010 0.161814
0.964155 0.000010 0.035835
0.999980 0.000010 0.000010
0.923010 0.000010 0.076980
0.999980 0.000010 0.000010
0.916198 0.000010 0.083792
0.753093 0.000010 0.246897
0.999980 0.000010 0.000010
0.999980 0.000010 0.000010
0.781614 0.000010 0.218376
0.968837 0.000010 0.031153
0.999980 0.000010 0.000010
0.000010 0.000010 0.999980
0.000010 0.000010 0.999980
0.999980 0.000010 0.000010
0.988172 0.000010 0.011818
0.999980 0.000010 0.000010
0.996190 0.000010 0.003800
0.999980 0.000010 0.000010
0.779274 0.000010 0.220716
0.999980 0.000010 0.000010
0.999980 0.000010 0.000010
0.000010 0.000010 0.999980
0.999980 0.000010 0.000010
0.000010 0.000010 0.999980
0.000010 0.999980 0.000010
0.000010 0.999980 0.000010
0.000010 0.999980 0.000010
0.708341 0.000010 0.291649
0.463962 0.000010 0.536028
0.999980 0.000010 0.000010
0.863803 0.000010 0.136187
0.982609 0.000010 0.017381
0.999980 0.000010 0.000010
0.000010 0.999980 0.000010
0.000010 0.000010 0.999980
0.764892 0.000010 0.235098
0.999980 0.000010 0.000010
0.999980 0.000010 0.000010
0.999980 0.000010 0.000010
0.623135 0.000010 0.376855
0.999980 0.000010 0.000010
0.954466 0.000010 0.045524
0.998528 0.000010 0.001462
0.747753 0.000010 0.252237
0.611585 0.000010 0.388405
0.999980 0.000010 0.000010
0.970296 0.000010 0.029694
0.946979 0.000010 0.053011
0.975593 0.000010 0.024397
0.000010 0.999980 0.000010
0.000010 0.000010 0.999980
0.572825 0.000010 0.427165
0.000010 0.000010 0.999980
0.080779 0.000010 0.919211
0.000010 0.999980 0.000010
0.999980 0.000010 0.000010
0.999980 0.000010 0.000010
0.852540 0.000010 0.147450
0.895910 0.000010 0.104080
0.999971 0.000019 0.000010
0.000010 0.999980 0.000010
0.000010 0.000010 0.999980
0.242878 0.000010 0.757112
0.000010 0.000010 0.999980
0.000010 0.000010 0.999980
0.000010 0.999980 0.000010
0.000010 0.999980 0.000010
0.000010 0.000010 0.999980
0.864443 0.000010 0.135547
0.000010 0.000010 0.999980
0.875903 0.000010 0.124087
0.985400 0.000010 0.014590
0.432328 0.000010 0.567662
0.000010 0.999980 0.000010
0.000010 0.999980 0.000010
0.000010 0.999980 0.000010
0.000010 0.999980 0.000010
0.261309 0.000010 0.738681
0.000010 0.999980 0.000010
0.000010 0.999980 0.000010
0.000010 0.999980 0.000010
0.000010 0.999980 0.000010
0.999980 0.000010 0.000010
0.923421 0.000010 0.076569
0.999980 0.000010 0.000010
0.723710 0.000010 0.276280
0.999980 0.000010 0.000010
0.715590 0.000010 0.284400
0.999980 0.000010 0.000010
0.999980 0.000010 0.000010
0.999980 0.000010 0.000010
0.989030 0.000010 0.010960
0.988040 0.000010 0.011950
0.956436 0.000010 0.043554
0.821995 0.000010 0.177995
