0.635157 0.173045 0.000010 0.191748 0.000010 0.000010 0.000010 0.000010
0.911566 0.000010 0.088374 0.000010 0.000010 0.000010 0.000010 0.000010
0.837411 0.124698 0.000010 0.000010 0.022822 0.000010 0.015029 0.000010
0.855396 0.000010 0.140890 0.000010 0.003664 0.000010 0.000010 0.000010
0.579112 0.128561 0.165621 0.126665 0.000010 0.000010 0.000010 0.000010
0.948636 0.051304 0.000010 0.000010 0.000010 0.000010 0.000010 0.000010
0.756134 0.084848 0.000015 0.128755 0.000010 0.030218 0.000010 0.000010
0.913314 0.086626 0.000010 0.000010 0.000010 0.000010 0.000010 0.000010
0.620726 0.137923 0.092773 0.000010 0.000010 0.000010 0.000010 0.148538
0.000010 0.000010 0.000010 0.000010 0.000010 0.999930 0.000010 0.000010
0.000010 0.000010 0.000010 0.000010 0.000010 0.999930 0.000010 0.000010
0.829509 0.000010 0.005067 0.000010 0.000010 0.000010 0.000010 0.165374
0.863804 0.111769 0.018054 0.006333 0.000010 0.000010 0.000010 0.000010
0.656661 0.000010 0.002052 0.000010 0.152650 0.000010 0.000010 0.188597
0.803429 0.000010 0.000010 0.000010 0.196511 0.000010 0.000010 0.000010
0.691415 0.075327 0.015623 0.217595 0.000010 0.000010 0.000010 0.000010
0.710160 0.000010 0.133263 0.022493 0.000010 0.000010 0.007295 0.126758
0.665765 0.113330 0.193306 0.000010 0.000010 0.000010 0.000010 0.027559
0.609347 0.000010 0.000010 0.023122 0.199592 0.000010 0.000010 0.167899
0.949174 0.000010 0.000010 0.050766 0.000010 0.000010 0.000010 0.000010
0.748158 0.000010 0.000010 0.195200 0.056592 0.000010 0.000010 0.000010
0.865700 0.072900 0.000010 0.000010 0.000010 0.000010 0.020108 0.041251
0.999930 0.000010 0.000010 0.000010 0.000010 0.000010 0.000010 0.000010
0.691677 0.000010 0.000010 0.000010 0.073671 0.000010 0.000010 0.234602
0.941351 0.013109 0.000010 0.000010 0.000010 0.000010 0.000010 0.045491
0.904932 0.012875 0.082143 0.000010 0.000010 0.000010 0.000010 0.000010
0.767979 0.000010 0.115281 0.000010 0.116690 0.000010 0.000010 0.000010
0.000010 0.535055 0.000010 0.145662 0.319233 0.000010 0.000010 0.000010
0.000010 0.000010 0.000010 0.999930 0.000010 0.000010 0.000010 0.000010
0.372129 0.000010 0.030632 0.388303 0.000010 0.000010 0.000010 0.208896
0.000010 0.000010 0.000010 0.000010 0.000010 0.000010 0.000010 0.999930
0.000010 0.097400 0.000010 0.803844 0.000010 0.000010 0.000010 0.098706
0.000010 0.000010 0.000010 0.999930 0.000010 0.000010 0.000010 0.000010
0.000010 0.000010 0.000010 0.000010 0.000010 0.000010 0.000010 0.999930
0.000010 0.000010 0.000010 0.000010 0.000010 0.999930 0.000010 0.000010
0.000010 0.000010 0.000010 0.000010 0.000010 0.999930 0.000010 0.000010
0.000010 0.000010 0.000010 0.999930 0.000010 0.000010 0.000010 0.000010
0.000010 0.000010 0.000010 0.000010 0.000010 0.000010 0.000010 0.999930
0.261563 0.106511 0.000010 0.577038 0.000010 0.000010 0.000010 0.054849
0.000010 0.000010 0.000010 0.999930 0.000010 0.000010 0.000010 0.000010
0.259121 0.000010 0.000010 0.733437 0.007393 0.000010 0.000010 0.000010
0.000010 0.000010 0.000010 0.999930 0.000010 0.000010 0.000010 0.000010
0.000010 0.000010 0.000010 0.992385 0.000010 0.000010 0.000010 0.007555
0.000010 0.000010 0.000010 0.999930 0.000010 0.000010 0.000010 0.000010
0.000010 0.000010 0.000010 0.000010 0.000010 0.000010 0.999930 0.000010
0.000010 0.000010 0.000010 0.837565 0.137699 0.000010 0.024686 0.000010
0.073005 0.000010 0.152648 0.692675 0.044447 0.000010 0.000010 0.037195
0.323338 0.072453 0.000010 0.369830 0.000010 0.000010 0.000010 0.234339
0.000010 0.000010 0.000010 0.695478 0.000010 0.000010 0.000010 0.304462
0.000010 0.000010 0.000010 0.000010 0.000010 0.000010 0.999930 0.000010
0.000010 0.000010 0.000010 0.884391 0.000010 0.000010 0.000010 0.115549
0.000010 0.105612 0.000010 0.894328 0.000010 0.000010 0.000010 0.000010
0.000010 0.000010 0.000010 0.000010 0.000010 0.000010 0.999930 0.000010
0.000010 0.046362 0.000010 0.918193 0.000010 0.000010 0.000010 0.035395
0.000010 0.000010 0.000010 0.000010 0.000010 0.000010 0.999930 0.000010
0.000010 0.000010 0.000010 0.000010 0.000010 0.000010 0.999930 0.000010
0.053813 0.000010 0.000010 0.873779 0.072358 0.000010 0.000010 0.000010
0.000010 0.000010 0.000010 0.000010 0.000010 0.000010 0.999930 0.000010
0.000010 0.000010 0.000010 0.000010 0.000010 0.000010 0.000010 0.999930
0.000010 0.000010 0.000010 0.000010 0.000010 0.000010 0.999930 0.000010
0.000010 0.000010 0.000010 0.000010 0.000010 0.000010 0.000010 0.999930
0.000010 0.000010 0.000010 0.999930 0.000010 0.000010 0.000010 0.000010
0.000010 0.000010 0.000010 0.999930 0.000010 0.000010 0.000010 0.000010
0.111903 0.000010 0.000010 0.606231 0.189289 0.000010 0.000010 0.092537
0.118982 0.000010 0.061858 0.679060 0.000010 0.000010 0.000010 0.140061
0.000010 0.672713 0.000010 0.000010 0.327227 0.000010 0.000010 0.000010
0.000010 0.539718 0.000010 0.000010 0.420829 0.039404 0.000010 0.000010
0.022135 0.182496 0.000010 0.000010 0.795318 0.000010 0.000010 0.000010
0.077719 0.315590 0.040863 0.000010 0.565788 0.000010 0.000010 0.000010
0.000010 0.543611 0.022716 0.000010 0.433623 0.000010 0.000010 0.000010
0.000010 0.713574 0.000010 0.077443 0.208933 0.000010 0.000010 0.000010
0.000010 0.999930 0.000010 0.000010 0.000010 0.000010 0.000010 0.000010
0.000010 0.273950 0.109841 0.028308 0.587861 0.000010 0.000010 0.000010
0.000010 0.000010 0.000010 0.000010 0.000010 0.000010 0.999930 0.000010
0.000010 0.629106 0.021118 0.000010 0.349726 0.000010 0.000010 0.000010
0.040690 0.482037 0.134089 0.000010 0.301564 0.000010 0.000010 0.041590
0.000010 0.196838 0.000010 0.000010 0.803102 0.000010 0.000010 0.000010
0.081797 0.764730 0.000010 0.000010 0.153423 0.000010 0.000010 0.000010
0.000010 0.436087 0.000010 0.000010 0.560224 0.000010 0.000010 0.003639
0.000010 0.560806 0.000010 0.000010 0.439134 0.000010 0.000010 0.000010
0.025184 0.284954 0.000010 0.000010 0.689812 0.000010 0.000010 0.000010
0.787347 0.071818 0.123353 0.000010 0.000010 0.000010 0.009682 0.007770
0.120747 0.441334 0.000010 0.000010 0.299346 0.000010 0.000010 0.138533
0.000010 0.000010 0.000010 0.000010 0.000010 0.000010 0.999930 0.000010
0.000010 0.244800 0.000010 0.000011 0.755139 0.000010 0.000010 0.000010
0.000010 0.388909 0.000010 0.000010 0.590125 0.000010 0.000010 0.020916
0.000010 0.604133 0.000010 0.000010 0.395807 0.000010 0.000010 0.000010
0.000010 0.528674 0.000010 0.029700 0.441576 0.000010 0.000010 0.000010
0.066823 0.548260 0.133874 0.000010 0.251003 0.000010 0.000010 0.000010
0.000010 0.000010 0.000010 0.000010 0.000010 0.000010 0.999930 0.000010
0.000010 0.408941 0.062859 0.000010 0.528150 0.000010 0.000010 0.000010
0.000010 0.887985 0.111955 0.000010 0.000010 0.000010 0.000010 0.000010
0.000010 0.000010 0.000010 0.000010 0.000010 0.000010 0.999930 0.000010
0.000010 0.682014 0.000010 0.012670 0.305266 0.000010 0.000010 0.000010
0.000010 0.000010 0.000010 0.000010 0.000010 0.000010 0.999930 0.000010
0.000010 0.000010 0.000010 0.000010 0.000010 0.000010 0.999930 0.000010
0.000010 0.000010 0.000010 0.000010 0.000010 0.000010 0.999930 0.000010
0.000010 0.634401 0.151544 0.000010 0.214004 0.000010 0.000010 0.000010
0.000010 0.368708 0.026524 0.000010 0.604718 0.000010 0.000010 0.000010
0.091605 0.080911 0.807715 0.019729 0.000010 0.000010 0.000010 0.000010
0.000010 0.000010 0.779182 0.091616 0.104855 0.000010 0.000010 0.024307
0.318482 0.016789 0.628942 0.000010 0.000010 0.000010 0.000010 0.035746
0.000010 0.000010 0.808851 0.186609 0.000010 0.000010 0.000010 0.004490
0.000010 0.000010 0.730008 0.000010 0.166211 0.000010 0.000010 0.103731
0.000010 0.000010 0.787140 0.000010 0.212800 0.000010 0.000010 0.000010
0.000010 0.611175 0.000010 0.000010 0.388765 0.000010 0.000010 0.000010
0.000010 0.000010 0.000010 0.000010 0.000010 0.000010 0.999930 0.000010
0.000010 0.728619 0.030826 0.000010 0.240506 0.000010 0.000010 0.000010
0.030179 0.412505 0.000010 0.000010 0.555031 0.000010 0.000010 0.002245
0.000010 0.584110 0.000010 0.055902 0.359938 0.000010 0.000010 0.000010
0.000010 0.000010 0.000010 0.000010 0.000010 0.000010 0.999930 0.000010
0.000010 0.674592 0.000010 0.000010 0.325348 0.000010 0.000010 0.000010
0.000010 0.999930 0.000010 0.000010 0.000010 0.000010 0.000010 0.000010
0.000010 0.632674 0.000010 0.000010 0.353417 0.000010 0.000010 0.013859
0.000010 0.997621 0.002319 0.000010 0.000010 0.000010 0.000010 0.000010
0.000010 0.633085 0.160584 0.000010 0.206281 0.000010 0.000010 0.000010
0.000010 0.681409 0.000010 0.000010 0.318531 0.000010 0.000010 0.000010
0.000010 0.374306 0.000010 0.000010 0.625634 0.000010 0.000010 0.000010
0.023646 0.976294 0.000010 0.000010 0.000010 0.000010 0.000010 0.000010
0.000010 0.479569 0.000010 0.166550 0.301977 0.000010 0.000010 0.051863
0.000010 0.000010 0.000010 0.000010 0.000010 0.000010 0.999930 0.000010
0.000010 0.000010 0.000010 0.000010 0.999930 0.000010 0.000010 0.000010
0.000010 0.361233 0.000010 0.000010 0.638707 0.000010 0.000010 0.000010
0.000010 0.804412 0.000010 0.000010 0.195528 0.000010 0.000010 0.000010
0.000010 0.000010 0.000010 0.000010 0.999930 0.000010 0.000010 0.000010
0.000010 0.999930 0.000010 0.000010 0.000010 0.000010 0.000010 0.000010
0.000010 0.435341 0.000010 0.000010 0.515193 0.000010 0.000010 0.049416
0.000010 0.999930 0.000010 0.000010 0.000010 0.000010 0.000010 0.000010
0.000010 0.641754 0.000010 0.000010 0.358186 0.000010 0.000010 0.000010
0.000010 0.999930 0.000010 0.000010 0.000010 0.000010 0.000010 0.000010
0.000010 0.999930 0.000010 0.000010 0.000010 0.000010 0.000010 0.000010
0.000010 0.548279 0.075872 0.054827 0.305170 0.000010 0.015822 0.000010
0.000010 0.839540 0.000010 0.000010 0.159460 0.000010 0.000951 0.000010
0.000010 0.000010 0.000010 0.000010 0.999930 0.000010 0.000010 0.000010
0.000010 0.627449 0.000010 0.066056 0.306445 0.000010 0.000010 0.000010
0.000010 0.677108 0.000010 0.000010 0.301120 0.000010 0.000010 0.021722
0.000010 0.615784 0.000010 0.000010 0.384156 0.000010 0.000010 0.000010
0.000010 0.000010 0.000010 0.000010 0.999930 0.000010 0.000010 0.000010
0.000010 0.356247 0.000010 0.038849 0.547446 0.000010 0.004512 0.052916
0.000010 0.999930 0.000010 0.000010 0.000010 0.000010 0.000010 0.000010
0.000010 0.774714 0.039073 0.000010 0.186163 0.000010 0.000010 0.000010
0.000010 0.000010 0.000010 0.000010 0.000010 0.000010 0.999930 0.000010
0.000010 0.000010 0.000010 0.000010 0.000010 0.000010 0.999930 0.000010
0.000010 0.409797 0.000010 0.118732 0.471421 0.000010 0.000010 0.000010
0.000010 0.000010 0.000010 0.000010 0.000010 0.000010 0.999930 0.000010
0.000010 0.781471 0.000010 0.000010 0.198605 0.000010 0.000010 0.019875
0.000010 0.999930 0.000010 0.000010 0.000010 0.000010 0.000010 0.000010
0.000010 0.000010 0.000010 0.000010 0.000010 0.000010 0.999930 0.000010
0.000010 0.000010 0.000010 0.000010 0.000010 0.000010 0.999930 0.000010
0.000010 0.482344 0.000010 0.000010 0.517596 0.000010 0.000010 0.000010
0.000014 0.000010 0.000010 0.000010 0.000010 0.000010 0.999926 0.000010
0.000010 0.000010 0.000010 0.000010 0.000010 0.000010 0.999930 0.000010
0.000010 0.000010 0.000010 0.000010 0.000010 0.000010 0.999930 0.000010
0.796039 0.203901 0.000010 0.000010 0.000010 0.000010 0.000010 0.000010
0.722832 0.205556 0.071562 0.000010 0.000010 0.000010 0.000010 0.000010
0.905244 0.000010 0.000010 0.000010 0.094696 0.000010 0.000010 0.000010
0.942390 0.000010 0.000010 0.057550 0.000010 0.000010 0.000010 0.000010
0.000010 0.000010 0.000010 0.000010 0.000010 0.000010 0.999930 0.000010
0.067025 0.668731 0.000010 0.000010 0.264195 0.000010 0.000010 0.000010
0.619960 0.000010 0.000010 0.379980 0.000010 0.000010 0.000010 0.000010
0.759331 0.000010 0.000010 0.000010 0.147642 0.000010 0.000010 0.092976
0.740563 0.052565 0.024502 0.182330 0.000010 0.000010 0.000010 0.000010
0.738430 0.000010 0.000010 0.245848 0.000010 0.000010 0.015672 0.000010
0.593448 0.190419 0.108238 0.000010 0.000010 0.000010 0.000010 0.107855
0.753911 0.000010 0.169651 0.076388 0.000010 0.000010 0.000010 0.000010
0.436984 0.071445 0.000010 0.441493 0.000010 0.000010 0.000010 0.050038
0.582148 0.000010 0.000010 0.417792 0.000010 0.000010 0.000010 0.000010
0.763139 0.031981 0.000010 0.147219 0.057622 0.000010 0.000010 0.000010
0.999930 0.000010 0.000010 0.000010 0.000010 0.000010 0.000010 0.000010
0.795408 0.171480 0.000010 0.000010 0.000010 0.000010 0.033062 0.000010
0.708913 0.000010 0.176567 0.000010 0.114439 0.000010 0.000010 0.000040
0.618444 0.000010 0.062861 0.000010 0.211393 0.000010 0.000010 0.107262
0.653287 0.000010 0.032708 0.313956 0.000010 0.000010 0.000010 0.000010
0.999930 0.000010 0.000010 0.000010 0.000010 0.000010 0.000010 0.000010
0.555340 0.000010 0.000010 0.290726 0.153884 0.000010 0.000010 0.000010
0.695026 0.000010 0.000010 0.000010 0.127838 0.000010 0.000010 0.177086
0.758682 0.241258 0.000010 0.000010 0.000010 0.000010 0.000010 0.000010
0.874436 0.070202 0.055312 0.000010 0.000010 0.000010 0.000010 0.000010
0.558756 0.000010 0.000010 0.429381 0.000010 0.000010 0.011813 0.000010
0.555228 0.000010 0.000010 0.363968 0.000010 0.000010 0.000010 0.080754
0.000010 0.000010 0.000010 0.000010 0.000010 0.000010 0.999930 0.000010
0.589350 0.000010 0.000010 0.402813 0.007787 0.000010 0.000010 0.000010
0.749460 0.000010 0.000010 0.000010 0.085941 0.000010 0.000010 0.164549
0.999930 0.000010 0.000010 0.000010 0.000010 0.000010 0.000010 0.000010
0.000010 0.000010 0.000010 0.000010 0.000010 0.000010 0.999930 0.000010
0.997836 0.000010 0.000010 0.000010 0.002104 0.000010 0.000010 0.000010
0.000010 0.000010 0.000010 0.000010 0.000010 0.000010 0.999930 0.000010
0.923038 0.000010 0.000010 0.076902 0.000010 0.000010 0.000010 0.000010
0.822818 0.177122 0.000010 0.000010 0.000010 0.000010 0.000010 0.000010
0.765849 0.000010 0.000010 0.234091 0.000010 0.000010 0.000010 0.000010
0.792104 0.000010 0.000010 0.207836 0.000010 0.000010 0.000010 0.000010
0.892850 0.000010 0.000010 0.000010 0.107090 0.000010 0.000010 0.000010
0.420875 0.184585 0.000010 0.394490 0.000010 0.000010 0.000010 0.000010
0.999930 0.000010 0.000010 0.000010 0.000010 0.000010 0.000010 0.000010
0.494242 0.041706 0.000010 0.305569 0.000010 0.000010 0.000010 0.158444
0.996735 0.000010 0.003205 0.000010 0.000010 0.000010 0.000010 0.000010
0.403178 0.232133 0.000010 0.364639 0.000010 0.000010 0.000010 0.000010
0.785692 0.112039 0.102219 0.000010 0.000010 0.000010 0.000010 0.000010
0.617582 0.174137 0.107307 0.100934 0.000010 0.000010 0.000010 0.000010
0.320126 0.000010 0.204267 0.400059 0.075444 0.000010 0.000075 0.000010
0.000010 0.566804 0.000010 0.000010 0.433136 0.000010 0.000010 0.000010
0.033989 0.332203 0.000010 0.000010 0.633758 0.000010 0.000010 0.000010
0.000010 0.512712 0.060836 0.000010 0.426402 0.000010 0.000010 0.000010
0.000010 0.518071 0.000010 0.000010 0.445042 0.000010 0.000010 0.036837
0.000010 0.679076 0.020016 0.024543 0.276325 0.000010 0.000010 0.000010
0.000010 0.570270 0.000010 0.000010 0.426869 0.000010 0.000010 0.002811
0.018042 0.354369 0.097651 0.103025 0.426878 0.000015 0.000010 0.000010
0.000010 0.520236 0.000010 0.062282 0.417432 0.000010 0.000010 0.000010
0.000010 0.666367 0.013797 0.000010 0.319786 0.000010 0.000010 0.000010
0.000010 0.488748 0.000010 0.230293 0.280910 0.000010 0.000010 0.000010
0.000010 0.548661 0.000010 0.000010 0.451279 0.000010 0.000010 0.000010
0.000010 0.357414 0.000010 0.000010 0.588362 0.000010 0.000010 0.054175
0.000010 0.000010 0.000010 0.000010 0.000010 0.000010 0.999930 0.000010
0.000010 0.537799 0.000010 0.000010 0.462141 0.000010 0.000010 0.000010
0.000010 0.664031 0.000010 0.008662 0.273928 0.000010 0.000010 0.053339
0.176752 0.400927 0.000010 0.000010 0.422271 0.000010 0.000010 0.000010
0.035328 0.529395 0.010043 0.000010 0.425193 0.000010 0.000010 0.000010
0.006684 0.962165 0.031101 0.000010 0.000010 0.000010 0.000010 0.000010
0.017326 0.714198 0.000010 0.000010 0.268426 0.000010 0.000010 0.000010
0.000010 0.539378 0.025486 0.000010 0.435087 0.000010 0.000010 0.000010
0.000010 0.529475 0.000010 0.000010 0.470465 0.000010 0.000010 0.000010
0.029342 0.655662 0.000010 0.000010 0.314946 0.000010 0.000010 0.000010
0.000010 0.332576 0.000010 0.000010 0.667364 0.000010 0.000010 0.000010
0.082609 0.917331 0.000010 0.000010 0.000010 0.000010 0.000010 0.000010
0.000010 0.457587 0.000010 0.000010 0.542353 0.000010 0.000010 0.000010
0.000010 0.627261 0.000010 0.000010 0.372679 0.000010 0.000010 0.000010
0.000010 0.433557 0.000010 0.000010 0.566383 0.000010 0.000010 0.000010
0.048502 0.408381 0.000010 0.096738 0.446338 0.000010 0.000010 0.000010
0.111279 0.823631 0.000010 0.000010 0.065040 0.000010 0.000010 0.000010
0.062137 0.789514 0.148299 0.000010 0.000010 0.000010 0.000010 0.000010
0.000010 0.302041 0.000010 0.019871 0.678039 0.000010 0.000010 0.000010
0.000010 0.484127 0.000010 0.050836 0.464987 0.000010 0.000010 0.000010
0.000010 0.887385 0.000010 0.000010 0.112555 0.000010 0.000010 0.000010
0.680854 0.000010 0.152834 0.000010 0.166261 0.000010 0.000010 0.000010
0.000010 0.402935 0.058076 0.033681 0.505267 0.000010 0.000010 0.000010
0.000010 0.263392 0.000010 0.000010 0.736548 0.000010 0.000010 0.000010
0.000010 0.420127 0.000010 0.000010 0.579813 0.000010 0.000010 0.000010
0.000010 0.827007 0.000010 0.041471 0.123671 0.000010 0.000010 0.007811
0.011514 0.938846 0.000010 0.000010 0.049590 0.000010 0.000010 0.000010
0.000010 0.853209 0.000010 0.000010 0.146731 0.000010 0.000010 0.000010
0.000010 0.437724 0.000010 0.102469 0.459757 0.000010 0.000010 0.000010
0.000010 0.445063 0.009058 0.100760 0.445079 0.000010 0.000010 0.000010
0.000010 0.446035 0.000010 0.000010 0.553905 0.000010 0.000010 0.000010
0.000010 0.353208 0.000010 0.000010 0.646732 0.000010 0.000010 0.000010
0.000010 0.609639 0.016695 0.098775 0.274851 0.000010 0.000010 0.000010
0.000010 0.649802 0.101870 0.000010 0.248278 0.000010 0.000010 0.000010
0.000010 0.555496 0.000010 0.055864 0.388590 0.000010 0.000010 0.000010
0.000010 0.779335 0.000010 0.000010 0.215556 0.000010 0.005059 0.000010
0.000010 0.551770 0.000010 0.000010 0.436338 0.011842 0.000010 0.000010
0.000010 0.435509 0.000010 0.000010 0.557120 0.000010 0.007321 0.000010
0.036322 0.496390 0.000010 0.000010 0.467238 0.000010 0.000010 0.000010
0.062122 0.546383 0.000010 0.000010 0.391445 0.000010 0.000010 0.000010
0.000010 0.337419 0.000010 0.000010 0.662521 0.000010 0.000010 0.000010
0.000010 0.322125 0.144614 0.000010 0.533211 0.000010 0.000010 0.000010
0.000010 0.582544 0.000010 0.000010 0.417396 0.000010 0.000010 0.000010
0.000016 0.736217 0.000010 0.000010 0.263717 0.000010 0.000010 0.000010
0.000010 0.594254 0.000010 0.000010 0.343808 0.000010 0.000010 0.061888
0.000010 0.518010 0.000010 0.000010 0.481930 0.000010 0.000010 0.000010
0.024058 0.498944 0.000010 0.000010 0.476948 0.000010 0.000010 0.000010
0.000010 0.999930 0.000010 0.000010 0.000010 0.000010 0.000010 0.000010
0.000010 0.337567 0.000010 0.000010 0.625882 0.036501 0.000010 0.000010
0.000010 0.988747 0.000010 0.011193 0.000010 0.000010 0.000010 0.000010
0.000010 0.505884 0.000010 0.000010 0.494056 0.000010 0.000010 0.000010
0.000010 0.649388 0.000010 0.032689 0.317873 0.000010 0.000010 0.000010
0.000010 0.641687 0.000010 0.000010 0.358253 0.000010 0.000010 0.000010
0.000010 0.724434 0.000010 0.000010 0.275506 0.000010 0.000010 0.000010
0.000010 0.000010 0.000010 0.000010 0.000010 0.000010 0.999930 0.000010
0.050344 0.490931 0.000010 0.000010 0.458675 0.000010 0.000010 0.000010
0.000010 0.292240 0.000010 0.000010 0.707700 0.000010 0.000010 0.000010
0.000010 0.423942 0.000010 0.000010 0.575998 0.000010 0.000010 0.000010
0.021145 0.413678 0.000010 0.000010 0.565127 0.000010 0.000010 0.000010
0.000010 0.630758 0.000010 0.000010 0.369182 0.000010 0.000010 0.000010
0.000010 0.433503 0.000010 0.000010 0.566437 0.000010 0.000010 0.000010
0.000010 0.427964 0.000010 0.079862 0.492124 0.000010 0.000010 0.000010
0.000010 0.150960 0.000010 0.136988 0.712002 0.000010 0.000010 0.000010
0.000010 0.000010 0.000010 0.169657 0.830283 0.000010 0.000010 0.000010
0.043654 0.782661 0.000010 0.000010 0.126648 0.000010 0.000010 0.046997
0.005974 0.477165 0.000010 0.145279 0.371543 0.000010 0.000010 0.000010
0.000010 0.499964 0.000010 0.090303 0.409683 0.000010 0.000010 0.000010
0.000010 0.605690 0.000010 0.000010 0.394250 0.000010 0.000010 0.000010
0.000010 0.580255 0.000010 0.000010 0.419685 0.000010 0.000010 0.000010
0.000010 0.571687 0.000010 0.000010 0.428253 0.000010 0.000010 0.000010
0.072052 0.060044 0.843286 0.000010 0.000010 0.000010 0.000010 0.024578
0.135948 0.108636 0.755366 0.000010 0.000010 0.000010 0.000010 0.000010
0.107700 0.000010 0.821427 0.000010 0.000010 0.000010 0.000010 0.070823
0.000010 0.071030 0.443674 0.432851 0.052404 0.000010 0.000010 0.000010
0.028039 0.003733 0.952072 0.000010 0.000010 0.000010 0.000010 0.016116
0.000010 0.000010 0.999930 0.000010 0.000010 0.000010 0.000010 0.000010
0.042881 0.001455 0.955614 0.000010 0.000010 0.000010 0.000010 0.000010
0.000010 0.073474 0.926466 0.000010 0.000010 0.000010 0.000010 0.000010
0.000010 0.000010 0.792939 0.165866 0.041145 0.000010 0.000010 0.000010
0.000010 0.057819 0.942121 0.000010 0.000010 0.000010 0.000010 0.000010
0.000010 0.000010 0.999930 0.000010 0.000010 0.000010 0.000010 0.000010
0.004166 0.109872 0.757378 0.088163 0.040392 0.000010 0.000010 0.000010
0.211855 0.000010 0.737116 0.050978 0.000010 0.000010 0.000010 0.000010
0.000010 0.000010 0.999930 0.000010 0.000010 0.000010 0.000010 0.000010
0.000010 0.000010 0.999930 0.000010 0.000010 0.000010 0.000010 0.000010
0.000010 0.000010 0.000010 0.000010 0.000010 0.000010 0.999930 0.000010
0.000010 0.000010 0.814598 0.105506 0.079846 0.000010 0.000010 0.000010
0.000010 0.134937 0.865003 0.000010 0.000010 0.000010 0.000010 0.000010
0.000010 0.000010 0.685145 0.000010 0.314795 0.000010 0.000010 0.000010
0.055176 0.000010 0.889763 0.000010 0.054986 0.000010 0.000034 0.000010
0.000010 0.000010 0.639236 0.338688 0.022026 0.000010 0.000010 0.000010
0.066767 0.000010 0.933173 0.000010 0.000010 0.000010 0.000010 0.000010
0.000010 0.000010 0.708060 0.202258 0.089631 0.000010 0.000010 0.000010
0.000010 0.000010 0.999930 0.000010 0.000010 0.000010 0.000010 0.000010
0.000010 0.000010 0.904400 0.093214 0.002337 0.000010 0.000010 0.000010
0.118841 0.000010 0.672083 0.000010 0.153164 0.000010 0.000010 0.055872
0.000010 0.000010 0.719031 0.205828 0.075091 0.000010 0.000010 0.000010
0.000010 0.000010 0.999930 0.000010 0.000010 0.000010 0.000010 0.000010
0.000010 0.028159 0.789248 0.182542 0.000010 0.000010 0.000010 0.000010
0.000010 0.000010 0.638717 0.261691 0.099542 0.000010 0.000010 0.000010
0.000010 0.044848 0.921929 0.000010 0.000010 0.000010 0.000010 0.033172
0.000010 0.000010 0.895741 0.023206 0.081002 0.000010 0.000010 0.000010
0.000010 0.000010 0.848934 0.151006 0.000010 0.000010 0.000010 0.000010
0.000010 0.000010 0.878873 0.000010 0.000010 0.000010 0.000010 0.121067
0.101658 0.002856 0.768234 0.000010 0.127212 0.000010 0.000010 0.000010
0.000010 0.000010 0.000010 0.000010 0.000010 0.000010 0.999930 0.000010
0.000010 0.077687 0.922253 0.000010 0.000010 0.000010 0.000010 0.000010
0.000010 0.092296 0.862259 0.000010 0.000010 0.000010 0.000010 0.045395
0.000010 0.000010 0.000010 0.000010 0.000010 0.000010 0.999930 0.000010
0.000010 0.000010 0.806324 0.193616 0.000010 0.000010 0.000010 0.000010
0.000010 0.000010 0.647097 0.211315 0.137733 0.000010 0.003814 0.000010
0.000010 0.048284 0.951656 0.000010 0.000010 0.000010 0.000010 0.000010
0.122195 0.000010 0.610873 0.266882 0.000010 0.000010 0.000010 0.000010
0.000010 0.000010 0.855913 0.144027 0.000010 0.000010 0.000010 0.000010
0.000010 0.000010 0.889738 0.000010 0.085983 0.000010 0.024229 0.000010
0.000010 0.000010 0.766823 0.233117 0.000010 0.000010 0.000010 0.000010
0.000010 0.000010 0.000015 0.000010 0.000010 0.000010 0.999925 0.000010
0.000010 0.000010 0.999930 0.000010 0.000010 0.000010 0.000010 0.000010
0.081208 0.067121 0.851621 0.000010 0.000010 0.000010 0.000010 0.000010
0.000010 0.000010 0.999930 0.000010 0.000010 0.000010 0.000010 0.000010
0.000010 0.000010 0.842783 0.125345 0.000010 0.000010 0.000010 0.031822
0.000010 0.000010 0.843612 0.156328 0.000010 0.000010 0.000010 0.000010
0.117958 0.881982 0.000010 0.000010 0.000010 0.000010 0.000010 0.000010
