0.000010 0.000010 0.842425 0.000010 0.000010 0.157535
0.080686 0.000010 0.919274 0.000010 0.000010 0.000010
0.000010 0.000010 0.833346 0.000010 0.018339 0.148285
0.098045 0.000010 0.901915 0.000010 0.000010 0.000010
0.198169 0.000010 0.701209 0.082843 0.000010 0.017759
0.000010 0.000010 0.999950 0.000010 0.000010 0.000010
0.000912 0.038062 0.903491 0.000010 0.000010 0.057515
0.000010 0.000010 0.971438 0.000010 0.000010 0.028522
0.155394 0.044810 0.790003 0.000010 0.000010 0.009773
0.000010 0.999950 0.000010 0.000010 0.000010 0.000010
0.000010 0.815077 0.184883 0.000010 0.000010 0.000010
0.092607 0.000010 0.907353 0.000010 0.000010 0.000010
0.005034 0.000010 0.920464 0.000010 0.000010 0.074472
0.101489 0.000010 0.794012 0.000010 0.000010 0.104470
0.000010 0.000010 0.873254 0.014267 0.000010 0.112449
0.000010 0.000010 0.998733 0.000010 0.000010 0.001227
0.126938 0.000010 0.860673 0.000010 0.012358 0.000010
0.170841 0.000010 0.710245 0.000010 0.000010 0.118884
0.021879 0.000010 0.912724 0.028059 0.000010 0.037318
0.000010 0.000010 0.999950 0.000010 0.000010 0.000010
0.000010 0.000010 0.993155 0.000010 0.000010 0.006805
0.000010 0.000010 0.999422 0.000010 0.000538 0.000010
0.000010 0.000010 0.999950 0.000010 0.000010 0.000010
0.000010 0.000010 0.927022 0.000010 0.000010 0.072938
0.000010 0.000010 0.974402 0.000010 0.000010 0.025558
0.010139 0.000010 0.989821 0.000010 0.000010 0.000010
0.099682 0.000010 0.856513 0.043775 0.000010 0.000010
0.048550 0.000010 0.000010 0.439959 0.000010 0.511460
0.000010 0.208325 0.681790 0.109856 0.000010 0.000010
0.094444 0.212374 0.622003 0.071158 0.000010 0.000010
0.000010 0.999950 0.000010 0.000010 0.000010 0.000010
0.011657 0.320819 0.421286 0.185472 0.000010 0.060756
0.081617 0.270469 0.600298 0.000010 0.000010 0.047596
0.000010 0.799506 0.162737 0.000010 0.000010 0.037727
0.000010 0.999950 0.000010 0.000010 0.000010 0.000010
0.000010 0.871150 0.128810 0.000010 0.000010 0.000010
0.140667 0.119488 0.735017 0.000010 0.000010 0.004809
0.000010 0.999950 0.000010 0.000010 0.000010 0.000010
0.000010 0.280418 0.561143 0.155432 0.000010 0.002987
0.191654 0.095888 0.534279 0.178159 0.000010 0.000010
0.149548 0.000010 0.765215 0.085207 0.000010 0.000010
0.193340 0.209849 0.511637 0.000010 0.015031 0.070132
0.098159 0.231735 0.498957 0.000010 0.000010 0.171128
0.000010 0.292496 0.620185 0.000010 0.000010 0.087288
0.000010 0.000010 0.000010 0.000010 0.999950 0.000010
0.000010 0.193669 0.551961 0.239922 0.014429 0.000010
0.219604 0.140332 0.513095 0.126949 0.000010 0.000010
0.000010 0.260713 0.636352 0.102905 0.000010 0.000010
0.095459 0.520176 0.313545 0.070801 0.000010 0.000010
0.000010 0.000010 0.000010 0.000010 0.999950 0.000010
0.000010 0.330922 0.536327 0.132722 0.000010 0.000010
0.133188 0.184918 0.553967 0.000010 0.000010 0.127907
0.000010 0.000010 0.000010 0.000010 0.999950 0.000010
0.059089 0.446512 0.295755 0.000010 0.000010 0.198624
0.000010 0.000010 0.000010 0.000010 0.999950 0.000010
0.000010 0.000010 0.000010 0.000010 0.999950 0.000010
0.055746 0.102654 0.696268 0.145311 0.000010 0.000010
0.000010 0.000010 0.000010 0.000010 0.999950 0.000010
0.000010 0.999950 0.000010 0.000010 0.000010 0.000010
0.000010 0.000010 0.000010 0.000010 0.999950 0.000010
0.000010 0.999950 0.000010 0.000010 0.000010 0.000010
0.400069 0.276478 0.231541 0.091891 0.000010 0.000010
0.131153 0.203145 0.598022 0.000010 0.000010 0.067660
0.120294 0.057611 0.690757 0.069936 0.000010 0.061393
0.175970 0.270292 0.437653 0.116064 0.000010 0.000010
0.000010 0.000010 0.000010 0.803631 0.000010 0.196329
0.000010 0.000010 0.000010 0.208199 0.000010 0.791761
0.000010 0.000010 0.020604 0.315623 0.000010 0.663744
0.121326 0.000010 0.000010 0.000010 0.000010 0.878634
0.000010 0.000010 0.000010 0.554399 0.000010 0.445561
0.000010 0.000010 0.000010 0.527411 0.000010 0.472549
0.000010 0.000010 0.000010 0.999950 0.000010 0.000010
0.109041 0.000010 0.000010 0.414366 0.000010 0.476562
0.000010 0.000010 0.000010 0.000010 0.999950 0.000010
0.000010 0.000010 0.000010 0.000010 0.000010 0.999950
0.222575 0.000010 0.000189 0.053030 0.000010 0.724185
0.000010 0.000010 0.000010 0.362257 0.000010 0.637703
0.000010 0.000010 0.058832 0.000010 0.000010 0.941128
0.000010 0.000010 0.000010 0.400501 0.000010 0.599459
0.000010 0.000010 0.000010 0.545982 0.000010 0.453978
0.000010 0.000010 0.000010 0.596501 0.000010 0.403459
0.142834 0.000010 0.857126 0.000010 0.000011 0.000010
0.000010 0.000010 0.298485 0.000010 0.000010 0.701475
0.000010 0.000010 0.000010 0.000010 0.999950 0.000010
0.000010 0.000010 0.000010 0.999950 0.000010 0.000010
0.000010 0.000010 0.000010 0.999950 0.000010 0.000010
0.000010 0.000010 0.000010 0.471600 0.000010 0.528360
0.000010 0.000010 0.000010 0.008012 0.000010 0.991948
0.146994 0.000010 0.034767 0.150195 0.000010 0.668024
0.000010 0.000010 0.000010 0.000010 0.999950 0.000010
0.000010 0.000010 0.000010 0.752349 0.000010 0.247611
0.098171 0.000010 0.000010 0.362062 0.000010 0.539738
0.000010 0.000010 0.000010 0.000010 0.999950 0.000010
0.000010 0.000010 0.000010 0.457514 0.000010 0.542446
0.000010 0.000010 0.000010 0.000010 0.999950 0.000010
0.000010 0.000010 0.000010 0.000010 0.999950 0.000010
0.000010 0.000010 0.000010 0.000010 0.999950 0.000010
0.147153 0.000010 0.000010 0.390110 0.000010 0.462707
0.041919 0.000010 0.000010 0.000010 0.000010 0.958041
0.826307 0.000010 0.081334 0.092329 0.000010 0.000010
0.870120 0.000010 0.000010 0.005058 0.000010 0.124792
0.665628 0.000010 0.285465 0.048877 0.000010 0.000010
0.999950 0.000010 0.000010 0.000010 0.000010 0.000010
0.788673 0.000010 0.000010 0.211287 0.000010 0.000010
0.775565 0.000010 0.000010 0.000010 0.000010 0.224395
0.000010 0.000010 0.000010 0.000010 0.000010 0.999950
0.000010 0.000010 0.000010 0.000010 0.999950 0.000010
0.015918 0.000010 0.000010 0.375772 0.000010 0.608280
0.000010 0.000010 0.027303 0.246533 0.000010 0.726134
0.000010 0.000010 0.000010 0.169599 0.000010 0.830361
0.000010 0.000010 0.000010 0.000010 0.999950 0.000010
0.000010 0.000010 0.000010 0.313946 0.000010 0.686014
0.000010 0.000010 0.000010 0.411055 0.000010 0.588905
0.000010 0.000010 0.000010 0.356668 0.000010 0.643292
0.000010 0.000010 0.000010 0.485213 0.000010 0.514747
0.169582 0.000010 0.000010 0.107429 0.000010 0.722959
0.000010 0.000010 0.000010 0.267999 0.000010 0.731961
0.000010 0.000010 0.000010 0.472866 0.000010 0.527094
0.000010 0.000010 0.000010 0.286003 0.000010 0.713957
0.129049 0.000010 0.031922 0.161214 0.000010 0.677794
0.000010 0.000010 0.000010 0.000010 0.999950 0.000010
0.000010 0.000010 0.000010 0.999950 0.000010 0.000010
0.000010 0.000010 0.000010 0.288664 0.000010 0.711296
0.000010 0.000010 0.000010 0.277734 0.000010 0.722226
0.000010 0.000010 0.000010 0.999950 0.000010 0.000010
0.000010 0.000010 0.000010 0.230984 0.000010 0.768976
0.000010 0.010169 0.000010 0.339817 0.000010 0.649984
0.000010 0.000010 0.000010 0.285806 0.000010 0.714154
0.000010 0.000010 0.000010 0.242990 0.000010 0.756970
0.000010 0.007879 0.000010 0.212301 0.000010 0.779790
0.000010 0.000010 0.000010 0.181714 0.000010 0.818246
0.123982 0.000010 0.000010 0.415418 0.010919 0.449661
0.000010 0.000010 0.000010 0.999950 0.000010 0.000010
0.000010 0.000010 0.000010 0.999950 0.000010 0.000010
0.018212 0.000010 0.000010 0.158770 0.000010 0.822988
0.000010 0.000010 0.000010 0.159006 0.000010 0.840954
0.000010 0.000010 0.000010 0.134461 0.000010 0.865499
0.000010 0.000010 0.000010 0.999950 0.000010 0.000010
0.000010 0.000010 0.000010 0.540783 0.000010 0.459177
0.000010 0.000010 0.000010 0.999950 0.000010 0.000010
0.017255 0.000010 0.000010 0.000010 0.000010 0.982705
0.000010 0.000010 0.000010 0.000010 0.999950 0.000010
0.000010 0.000010 0.000010 0.000010 0.999950 0.000010
0.000010 0.000010 0.003763 0.459108 0.007519 0.529590
0.000010 0.000010 0.000010 0.000010 0.999950 0.000010
0.000010 0.000010 0.000010 0.180529 0.000010 0.819431
0.009080 0.000010 0.000010 0.033644 0.000010 0.957246
0.000010 0.000010 0.000010 0.000010 0.999950 0.000010
0.000017 0.000010 0.000010 0.000010 0.999943 0.000010
0.000010 0.000010 0.000010 0.000010 0.000010 0.999950
0.000010 0.000010 0.000010 0.000010 0.999950 0.000010
0.000010 0.000010 0.000010 0.000010 0.999950 0.000010
0.000010 0.000010 0.000010 0.000010 0.999950 0.000010
0.000010 0.000010 0.777807 0.222153 0.000010 0.000010
0.091166 0.000010 0.735763 0.000010 0.000010 0.173041
0.000010 0.000010 0.999950 0.000010 0.000010 0.000010
0.000010 0.000010 0.999950 0.000010 0.000010 0.000010
0.000010 0.000010 0.000010 0.000010 0.999950 0.000010
0.000010 0.000010 0.017489 0.250676 0.000010 0.731805
0.000010 0.000010 0.999950 0.000010 0.000010 0.000010
0.000010 0.000010 0.831793 0.168165 0.000013 0.000010
0.011406 0.000010 0.884598 0.103966 0.000010 0.000010
0.000010 0.000010 0.976709 0.000010 0.023251 0.000010
0.141773 0.048191 0.683601 0.000010 0.000010 0.126416
0.144720 0.000010 0.855240 0.000010 0.000010 0.000010
0.000010 0.088599 0.793571 0.000010 0.000010 0.117800
0.000010 0.000010 0.914990 0.084970 0.000010 0.000010
0.000010 0.000010 0.859621 0.140339 0.000010 0.000010
0.000010 0.000010 0.999950 0.000010 0.000010 0.000010
0.000010 0.000010 0.833914 0.000010 0.032122 0.133933
0.178640 0.000010 0.717366 0.103964 0.000010 0.000010
0.091341 0.000010 0.647784 0.260844 0.000011 0.000010
0.067482 0.000010 0.923386 0.009102 0.000010 0.000010
0.000010 0.000010 0.999950 0.000010 0.000010 0.000010
0.000018 0.000010 0.821478 0.178475 0.000010 0.000010
0.000010 0.104746 0.836108 0.056014 0.000010 0.003112
0.000010 0.000010 0.870957 0.000010 0.000010 0.129003
0.095537 0.000010 0.870327 0.034106 0.000010 0.000010
0.000010 0.000010 0.981002 0.000010 0.018958 0.000010
0.000010 0.000010 0.927756 0.000010 0.000010 0.072204
0.000010 0.000010 0.000010 0.000010 0.999950 0.000010
0.000010 0.000010 0.999576 0.000010 0.000010 0.000384
0.000010 0.000010 0.925519 0.000010 0.000010 0.074441
0.000010 0.000010 0.999950 0.000010 0.000010 0.000010
0.000010 0.000010 0.000010 0.000010 0.999950 0.000010
0.000010 0.000010 0.999950 0.000010 0.000010 0.000010
0.000010 0.000010 0.000010 0.000010 0.999950 0.000010
0.006569 0.000010 0.993391 0.000010 0.000010 0.000010
0.000010 0.000010 0.857767 0.000010 0.000010 0.142193
0.000010 0.000010 0.999950 0.000010 0.000010 0.000010
0.119043 0.000010 0.880917 0.000010 0.000010 0.000010
0.000010 0.000010 0.910195 0.089765 0.000010 0.000010
0.000010 0.000010 0.846129 0.000010 0.000010 0.153831
0.000010 0.000010 0.999950 0.000010 0.000010 0.000010
0.000010 0.119116 0.880844 0.000010 0.000010 0.000010
0.000010 0.000010 0.999950 0.000010 0.000010 0.000010
0.000010 0.000010 0.712644 0.123026 0.000010 0.164300
0.112582 0.000010 0.818463 0.068924 0.000010 0.000010
0.117274 0.000010 0.766927 0.000010 0.000010 0.115768
0.335335 0.000010 0.600937 0.000010 0.000010 0.063697
0.000010 0.000010 0.000010 0.999950 0.000010 0.000010
0.000010 0.000010 0.051943 0.563423 0.000010 0.384604
0.065155 0.000010 0.000010 0.725076 0.000010 0.209739
0.000010 0.000010 0.000010 0.170549 0.000010 0.829411
0.012543 0.000010 0.000010 0.000010 0.000010 0.987417
0.000010 0.000010 0.000010 0.126708 0.000010 0.873252
0.096980 0.000010 0.103724 0.590946 0.000010 0.208329
0.030293 0.000010 0.000010 0.166761 0.000010 0.802916
0.029310 0.000010 0.000010 0.222034 0.000010 0.748626
0.112068 0.000010 0.000010 0.197378 0.000010 0.690524
0.000010 0.000010 0.000010 0.267203 0.000010 0.732757
0.000010 0.000010 0.000010 0.332244 0.000010 0.667716
0.000010 0.000010 0.000010 0.000010 0.999950 0.000010
0.000010 0.000010 0.000010 0.035086 0.000010 0.964874
0.000010 0.021135 0.000010 0.354535 0.000010 0.624300
0.000010 0.000010 0.182500 0.453750 0.000010 0.363720
0.028623 0.000010 0.000010 0.302163 0.000010 0.669185
0.116316 0.000010 0.000010 0.192401 0.000010 0.691252
0.000010 0.000010 0.000010 0.658107 0.000010 0.341853
0.017140 0.000010 0.000010 0.238581 0.000010 0.744249
0.000010 0.000010 0.000010 0.000010 0.000010 0.999950
0.000010 0.000010 0.000010 0.099265 0.000010 0.900695
0.000010 0.000010 0.013043 0.186702 0.000010 0.800224
0.000010 0.000010 0.103162 0.000010 0.000010 0.896798
0.000010 0.000010 0.000010 0.362583 0.009311 0.628076
0.000010 0.000010 0.000010 0.000010 0.000010 0.999950
0.000010 0.000010 0.000010 0.000010 0.000010 0.999950
0.000010 0.000010 0.125591 0.008509 0.000010 0.865871
0.060067 0.000010 0.039804 0.173476 0.000010 0.726633
0.198248 0.000010 0.010425 0.167775 0.000010 0.623532
0.000010 0.000010 0.000010 0.416278 0.000010 0.583682
0.000010 0.000010 0.000010 0.037804 0.000010 0.962156
0.000010 0.000010 0.000010 0.000010 0.000010 0.999950
0.184478 0.000010 0.771764 0.000010 0.000010 0.043728
0.099434 0.000010 0.000010 0.000010 0.000010 0.900526
0.000010 0.000010 0.000010 0.179594 0.000010 0.820366
0.000010 0.000010 0.000010 0.000010 0.000010 0.999950
0.000010 0.000010 0.000010 0.276902 0.000010 0.723058
0.000010 0.000010 0.000010 0.188315 0.000010 0.811645
0.000010 0.000010 0.000010 0.000010 0.000010 0.999950
0.000010 0.000010 0.000010 0.000010 0.000010 0.999950
0.043711 0.000010 0.000010 0.243483 0.000010 0.712777
0.000010 0.000010 0.000010 0.266406 0.000010 0.733554
0.000010 0.000010 0.000010 0.170386 0.000010 0.829574
0.093112 0.000010 0.000010 0.000010 0.000010 0.906848
0.108263 0.000010 0.000010 0.127570 0.000010 0.764137
0.000010 0.000010 0.000010 0.130815 0.000010 0.869145
0.000010 0.000010 0.000010 0.000010 0.002270 0.997690
0.000010 0.000010 0.043220 0.322304 0.000010 0.634445
0.000010 0.000010 0.000010 0.225982 0.003138 0.770851
0.000010 0.000010 0.033836 0.000010 0.000010 0.966124
0.000010 0.000010 0.051695 0.345218 0.000010 0.603057
0.000010 0.000010 0.000010 0.369456 0.000010 0.630504
0.179948 0.000010 0.000010 0.000010 0.000010 0.820012
0.000010 0.000010 0.000010 0.222447 0.000010 0.777513
0.000010 0.000010 0.000010 0.192569 0.000010 0.807391
0.000010 0.029694 0.000010 0.367007 0.000010 0.603270
0.000010 0.000010 0.000010 0.253184 0.000010 0.746776
0.000010 0.000010 0.000424 0.093048 0.005986 0.900521
0.000010 0.000010 0.000010 0.000010 0.000010 0.999950
0.000010 0.000010 0.000010 0.258724 0.000010 0.741236
0.000010 0.000010 0.000010 0.000010 0.002123 0.997837
0.000010 0.000010 0.000010 0.116558 0.000010 0.883402
0.000010 0.000010 0.002167 0.477195 0.000010 0.520607
0.000010 0.000010 0.000010 0.226369 0.000010 0.773591
0.000010 0.000010 0.000010 0.154874 0.000010 0.845086
0.000010 0.000010 0.000010 0.000010 0.999950 0.000010
0.000010 0.000010 0.012715 0.101963 0.000010 0.885292
0.000010 0.000010 0.000010 0.000010 0.000010 0.999950
0.000010 0.000010 0.000010 0.319903 0.000010 0.680057
0.000010 0.000010 0.003644 0.000010 0.007365 0.988960
0.000010 0.000010 0.000010 0.492882 0.000010 0.507078
0.000010 0.000010 0.000010 0.000010 0.000010 0.999950
0.000010 0.000010 0.000010 0.349945 0.000010 0.650015
0.000010 0.000010 0.000010 0.999950 0.000010 0.000010
0.000010 0.000010 0.000010 0.999950 0.000010 0.000010
0.000010 0.000010 0.000010 0.000010 0.000010 0.999950
0.000010 0.000010 0.128888 0.204650 0.000010 0.666431
0.000010 0.000010 0.005378 0.239560 0.000010 0.755032
0.000010 0.000010 0.000010 0.212139 0.000010 0.787821
0.000010 0.000010 0.000010 0.340089 0.000010 0.659871
0.000010 0.000010 0.000010 0.164684 0.000010 0.835276
0.943595 0.000010 0.000010 0.000010 0.000010 0.056365
0.855049 0.000010 0.005495 0.000010 0.000010 0.139426
0.881118 0.000010 0.118842 0.000010 0.000010 0.000010
0.572271 0.000010 0.196090 0.000010 0.000010 0.231608
0.957618 0.000010 0.000010 0.042342 0.000010 0.000010
0.999950 0.000010 0.000010 0.000010 0.000010 0.000010
0.999950 0.000010 0.000010 0.000010 0.000010 0.000010
0.915065 0.000010 0.000010 0.000010 0.000010 0.084895
0.941162 0.000010 0.000010 0.058798 0.000010 0.000010
0.947354 0.000010 0.000010 0.000010 0.000010 0.052606
0.999950 0.000010 0.000010 0.000010 0.000010 0.000010
0.833535 0.000010 0.000010 0.000010 0.000010 0.166425
0.761946 0.000010 0.213882 0.024142 0.000010 0.000010
0.999950 0.000010 0.000010 0.000010 0.000010 0.000010
0.999950 0.000010 0.000010 0.000010 0.000010 0.000010
0.000010 0.000010 0.000010 0.000010 0.999950 0.000010
0.906684 0.000010 0.000010 0.000010 0.000010 0.093276
0.876184 0.000010 0.000010 0.000010 0.015739 0.108047
0.696660 0.000010 0.007538 0.105343 0.000010 0.190438
0.974108 0.000010 0.000010 0.000010 0.011218 0.014645
0.802047 0.000010 0.197913 0.000010 0.000010 0.000010
0.999950 0.000010 0.000010 0.000010 0.000010 0.000010
0.924658 0.000010 0.000010 0.075302 0.000010 0.000010
0.999950 0.000010 0.000010 0.000010 0.000010 0.000010
0.990125 0.000010 0.000010 0.009835 0.000010 0.000010
0.748808 0.000010 0.128623 0.122539 0.000010 0.000010
0.854198 0.000010 0.000010 0.145762 0.000010 0.000010
0.999950 0.000010 0.000010 0.000010 0.000010 0.000010
0.831100 0.000010 0.092534 0.000010 0.000010 0.076335
0.924050 0.000010 0.000010 0.075910 0.000010 0.000010
0.971055 0.000010 0.000010 0.000010 0.000010 0.028905
0.987332 0.000010 0.000010 0.000010 0.000010 0.012628
0.975932 0.000010 0.011145 0.012892 0.000010 0.000010
0.999950 0.000010 0.000010 0.000010 0.000010 0.000010
0.798677 0.000010 0.047394 0.118793 0.000010 0.035115
0.000010 0.000010 0.000010 0.000010 0.999950 0.000010
0.953136 0.000010 0.000010 0.046824 0.000010 0.000010
0.908144 0.000010 0.000010 0.000010 0.000010 0.091816
0.000010 0.000010 0.000010 0.000010 0.999950 0.000010
0.890690 0.000010 0.109270 0.000010 0.000010 0.000010
0.820344 0.031260 0.000010 0.000010 0.010492 0.137884
0.995609 0.000010 0.000010 0.000010 0.000010 0.004351
0.721986 0.000010 0.251485 0.026499 0.000010 0.000010
0.999950 0.000010 0.000010 0.000010 0.000010 0.000010
0.965994 0.000010 0.000010 0.000010 0.033966 0.000010
0.999950 0.000010 0.000010 0.000010 0.000010 0.000010
0.000010 0.000010 0.000010 0.000010 0.999950 0.000010
0.999950 0.000010 0.000010 0.000010 0.000010 0.000010
0.955335 0.000010 0.000010 0.000010 0.000010 0.044625
0.999950 0.000010 0.000010 0.000010 0.000010 0.000010
0.999950 0.000010 0.000010 0.000010 0.000010 0.000010
0.999950 0.000010 0.000010 0.000010 0.000010 0.000010
0.000010 0.000010 0.162110 0.000010 0.000010 0.837850
