0.000010 0.179680 0.598761 0.116251 0.105248 0.000010 0.000010 0.000010 0.000010 0.000010
0.000010 0.000010 0.876871 0.000010 0.031002 0.000010 0.000010 0.030557 0.000010 0.061510
0.020192 0.088032 0.823479 0.000010 0.000010 0.000010 0.000010 0.068237 0.000010 0.000010
0.000010 0.000010 0.837959 0.000010 0.000010 0.000010 0.000010 0.016845 0.000010 0.145126
0.000010 0.000010 0.553404 0.039558 0.151080 0.000010 0.004725 0.193834 0.000010 0.057359
0.000010 0.044220 0.955700 0.000010 0.000010 0.000010 0.000010 0.000010 0.000010 0.000010
0.000010 0.000010 0.720746 0.094345 0.120686 0.005344 0.000010 0.058829 0.000010 0.000010
0.000010 0.092355 0.907565 0.000010 0.000010 0.000010 0.000010 0.000010 0.000010 0.000010
0.000010 0.047963 0.594283 0.153091 0.204603 0.000010 0.000010 0.000010 0.000010 0.000010
0.000010 0.000010 0.000010 0.000010 0.000010 0.000010 0.000010 0.000010 0.999910 0.000010
0.000010 0.000010 0.000010 0.000010 0.000010 0.000010 0.000010 0.000010 0.999910 0.000010
0.000010 0.000010 0.765895 0.097928 0.000010 0.000010 0.000010 0.000010 0.000010 0.136106
0.000010 0.107047 0.783556 0.012693 0.096644 0.000010 0.000010 0.000010 0.000010 0.000010
0.000010 0.000010 0.541796 0.259059 0.094085 0.089063 0.000010 0.015947 0.000010 0.000010
0.000010 0.000010 0.797602 0.000010 0.000010 0.202318 0.000010 0.000010 0.000010 0.000010
0.000010 0.000010 0.630567 0.060841 0.220790 0.000010 0.000010 0.087742 0.000010 0.000010
0.007442 0.000010 0.652460 0.185116 0.000010 0.000010 0.000010 0.000010 0.000010 0.154923
0.000010 0.088959 0.656376 0.000010 0.186123 0.068483 0.000010 0.000010 0.000010 0.000010
0.000010 0.000010 0.678484 0.107173 0.049050 0.165232 0.000010 0.000010 0.000010 0.000010
0.000010 0.000010 0.852142 0.000010 0.147778 0.000010 0.000010 0.000010 0.000010 0.000010
0.000010 0.000010 0.740769 0.000010 0.113069 0.146092 0.000010 0.000010 0.000010 0.000010
0.023053 0.112698 0.864179 0.000010 0.000010 0.000010 0.000010 0.000010 0.000010 0.000010
0.000010 0.000010 0.999910 0.000010 0.000010 0.000010 0.000010 0.000010 0.000010 0.000010
0.000010 0.000010 0.748068 0.000010 0.092282 0.064467 0.000010 0.095123 0.000010 0.000010
0.000010 0.000010 0.940920 0.000010 0.000010 0.000010 0.000010 0.059000 0.000010 0.000010
0.000010 0.000010 0.837862 0.000010 0.162058 0.000010 0.000010 0.000010 0.000010 0.000010
0.000010 0.000010 0.631268 0.000010 0.207412 0.161251 0.000010 0.000010 0.000010 0.000010
0.000010 0.211482 0.000010 0.071537 0.061258 0.330507 0.000010 0.318758 0.000010 0.006417
0.000010 0.000010 0.244008 0.532005 0.154370 0.067030 0.002536 0.000010 0.000010 0.000010
0.000010 0.000010 0.335099 0.511461 0.000010 0.000010 0.000010 0.000010 0.000010 0.153370
0.000010 0.000010 0.000010 0.999910 0.000010 0.000010 0.000010 0.000010 0.000010 0.000010
0.000010 0.000010 0.000010 0.683475 0.249815 0.000010 0.000216 0.066435 0.000010 0.000010
0.000010 0.000010 0.000010 0.980412 0.019508 0.000010 0.000010 0.000010 0.000010 0.000010
0.000010 0.000010 0.000010 0.999910 0.000010 0.000010 0.000010 0.000010 0.000010 0.000010
0.000010 0.000010 0.000010 0.000010 0.000010 0.000010 0.000010 0.000010 0.999910 0.000010
0.000010 0.000010 0.000010 0.235348 0.000010 0.000010 0.000010 0.000010 0.764572 0.000010
0.000010 0.007142 0.332310 0.480291 0.180198 0.000010 0.000010 0.000010 0.000010 0.000010
0.000010 0.000010 0.000010 0.999910 0.000010 0.000010 0.000010 0.000010 0.000010 0.000010
0.000010 0.002503 0.229986 0.574004 0.000010 0.084779 0.000010 0.000010 0.000010 0.108677
0.000010 0.000010 0.000010 0.773164 0.000010 0.125845 0.000010 0.000010 0.000010 0.100921
0.000010 0.000010 0.270324 0.615287 0.000010 0.093293 0.021036 0.000010 0.000010 0.000010
0.000010 0.000010 0.000010 0.728698 0.028420 0.061450 0.014921 0.000010 0.000010 0.166461
0.000010 0.000010 0.000010 0.748606 0.092451 0.158873 0.000010 0.000010 0.000010 0.000010
0.000010 0.129380 0.187418 0.683133 0.000010 0.000010 0.000010 0.000010 0.000010 0.000010
0.999909 0.000010 0.000010 0.000010 0.000011 0.000010 0.000010 0.000010 0.000010 0.000010
0.032905 0.000010 0.000010 0.672094 0.000010 0.294931 0.000010 0.000010 0.000010 0.000010
0.000010 0.000010 0.187701 0.411883 0.255296 0.145061 0.000010 0.000010 0.000010 0.000010
0.000010 0.081629 0.274807 0.572818 0.000010 0.016811 0.000010 0.000010 0.000010 0.053886
0.000010 0.000010 0.000010 0.864302 0.135618 0.000010 0.000010 0.000010 0.000010 0.000010
0.999910 0.000010 0.000010 0.000010 0.000010 0.000010 0.000010 0.000010 0.000010 0.000010
0.000010 0.000010 0.029114 0.822321 0.000010 0.148494 0.000010 0.000010 0.000010 0.000010
0.000010 0.060411 0.000010 0.652753 0.266560 0.020216 0.000010 0.000010 0.000010 0.000010
0.999910 0.000010 0.000010 0.000010 0.000010 0.000010 0.000010 0.000010 0.000010 0.000010
0.000010 0.047799 0.000010 0.722256 0.160750 0.000010 0.029004 0.040141 0.000010 0.000010
0.999910 0.000010 0.000010 0.000010 0.000010 0.000010 0.000010 0.000010 0.000010 0.000010
0.999910 0.000010 0.000010 0.000010 0.000010 0.000010 0.000010 0.000010 0.000010 0.000010
0.000010 0.000010 0.158970 0.635143 0.076734 0.129092 0.000010 0.000010 0.000010 0.000010
0.999910 0.000010 0.000010 0.000010 0.000010 0.000010 0.000010 0.000010 0.000010 0.000010
0.000010 0.000010 0.000010 0.499338 0.000010 0.000010 0.000010 0.000010 0.500582 0.000010
0.999910 0.000010 0.000010 0.000010 0.000010 0.000010 0.000010 0.000010 0.000010 0.000010
0.000010 0.000010 0.000010 0.717763 0.042266 0.000010 0.000010 0.000010 0.239901 0.000010
0.000010 0.000010 0.000010 0.669043 0.226239 0.005763 0.000010 0.000010 0.000010 0.098894
0.000010 0.060514 0.240166 0.557317 0.141943 0.000010 0.000010 0.000010 0.000010 0.000010
0.000010 0.000010 0.291919 0.439515 0.118116 0.071262 0.000010 0.079138 0.000010 0.000010
0.000010 0.000010 0.000010 0.743809 0.000010 0.000010 0.000010 0.000010 0.000010 0.256111
0.000010 0.487453 0.000010 0.000010 0.000010 0.145623 0.000010 0.366854 0.000010 0.000010
0.000010 0.616467 0.000010 0.000010 0.000015 0.379169 0.000010 0.004288 0.000010 0.000010
0.000010 0.000010 0.049697 0.000010 0.000010 0.468872 0.000010 0.481361 0.000010 0.000010
0.000010 0.333966 0.000010 0.000010 0.000010 0.559421 0.000010 0.000010 0.000010 0.106544
0.000010 0.357083 0.000010 0.000010 0.064964 0.327817 0.000010 0.250075 0.000010 0.000010
0.000010 0.592847 0.000010 0.000010 0.068015 0.165903 0.000010 0.173175 0.000010 0.000010
0.000010 0.999910 0.000010 0.000010 0.000010 0.000010 0.000010 0.000010 0.000010 0.000010
0.000010 0.000010 0.000010 0.000010 0.153040 0.365995 0.000010 0.480895 0.000010 0.000010
0.233081 0.000010 0.000010 0.000010 0.000010 0.000010 0.766839 0.000010 0.000010 0.000010
0.000010 0.408020 0.000010 0.000010 0.000010 0.254537 0.000010 0.337373 0.000010 0.000010
0.000010 0.463245 0.000010 0.000010 0.000010 0.306534 0.000010 0.000010 0.000010 0.230151
0.000010 0.185910 0.000010 0.000010 0.000010 0.429283 0.000010 0.384737 0.000010 0.000010
0.000010 0.629639 0.086918 0.000010 0.000010 0.150508 0.000010 0.132875 0.000010 0.000010
0.000010 0.102735 0.000010 0.000010 0.000010 0.207518 0.000010 0.689677 0.000010 0.000010
0.000010 0.407811 0.000010 0.000010 0.000010 0.398215 0.000010 0.193903 0.000010 0.000010
0.000010 0.400532 0.000010 0.000010 0.026335 0.573063 0.000010 0.000010 0.000010 0.000010
0.000010 0.000010 0.723717 0.000010 0.276203 0.000010 0.000010 0.000010 0.000010 0.000010
0.000010 0.442974 0.230407 0.091351 0.000010 0.225107 0.000010 0.010112 0.000010 0.000010
0.125431 0.000013 0.000010 0.000010 0.000010 0.000010 0.874479 0.000017 0.000010 0.000010
0.000010 0.000010 0.000010 0.000010 0.000010 0.689500 0.000010 0.310420 0.000010 0.000010
0.000010 0.462387 0.000010 0.000010 0.010187 0.527356 0.000010 0.000010 0.000010 0.000010
0.000010 0.239957 0.000010 0.000010 0.000010 0.149620 0.000010 0.610354 0.000010 0.000010
0.000010 0.331692 0.000010 0.014814 0.000010 0.368403 0.000010 0.285031 0.000010 0.000010
0.000010 0.297087 0.000010 0.044301 0.068449 0.070821 0.000010 0.425669 0.000010 0.093633
0.115071 0.000010 0.000010 0.000010 0.000010 0.000010 0.884849 0.000010 0.000010 0.000010
0.000010 0.171275 0.000010 0.000010 0.051482 0.380833 0.000010 0.396349 0.000010 0.000010
0.000010 0.660460 0.000010 0.000010 0.000010 0.220021 0.000010 0.000010 0.000010 0.119449
0.000010 0.000010 0.000010 0.000010 0.000010 0.000010 0.999910 0.000010 0.000010 0.000010
0.000010 0.502693 0.000010 0.000010 0.079240 0.417997 0.000010 0.000010 0.000010 0.000010
0.000010 0.000010 0.000010 0.000010 0.000010 0.000010 0.999910 0.000010 0.000010 0.000010
0.000010 0.000010 0.000010 0.000010 0.000010 0.000010 0.999910 0.000010 0.000010 0.000010
0.173135 0.000010 0.000010 0.000010 0.000010 0.000010 0.826785 0.000010 0.000010 0.000010
0.000010 0.511789 0.000010 0.000010 0.045171 0.204568 0.000010 0.126366 0.000010 0.112056
0.000010 0.161448 0.000010 0.000010 0.000010 0.388616 0.000010 0.343644 0.000010 0.106232
0.000010 0.000010 0.000010 0.000010 0.000010 0.000010 0.000010 0.000010 0.000010 0.999910
0.000010 0.098797 0.000010 0.107360 0.023143 0.000010 0.000010 0.059833 0.000010 0.710817
0.000010 0.000010 0.261906 0.000010 0.197892 0.000010 0.000010 0.041106 0.000010 0.499036
0.000010 0.000010 0.000010 0.135128 0.268341 0.000010 0.000010 0.000010 0.000010 0.596461
0.000010 0.000010 0.000010 0.000010 0.000010 0.225919 0.000010 0.000010 0.000010 0.774001
0.000010 0.115164 0.000010 0.000010 0.103220 0.004936 0.000010 0.096053 0.000010 0.680576
0.000010 0.219597 0.000010 0.046541 0.000010 0.244578 0.000010 0.489223 0.000010 0.000010
0.166511 0.000010 0.000010 0.000010 0.000010 0.000010 0.833409 0.000010 0.000010 0.000010
0.000010 0.633903 0.000010 0.000010 0.000010 0.000010 0.000010 0.358963 0.000010 0.007064
0.000010 0.000010 0.000010 0.000010 0.047914 0.441975 0.000010 0.510040 0.000010 0.000010
0.000010 0.381843 0.000010 0.026752 0.000010 0.177205 0.000010 0.414139 0.000010 0.000010
0.123220 0.000010 0.000010 0.000010 0.000010 0.000010 0.876700 0.000010 0.000010 0.000010
0.000010 0.286770 0.000010 0.000010 0.000010 0.000010 0.000010 0.713150 0.000010 0.000010
0.000010 0.999910 0.000010 0.000010 0.000010 0.000010 0.000010 0.000010 0.000010 0.000010
0.000010 0.471218 0.000010 0.000010 0.000010 0.224458 0.000010 0.304254 0.000010 0.000010
0.000010 0.999910 0.000010 0.000010 0.000010 0.000010 0.000010 0.000010 0.000010 0.000010
0.000010 0.000010 0.000010 0.000010 0.242156 0.000010 0.000010 0.757764 0.000010 0.000010
0.000010 0.528844 0.000010 0.000010 0.000010 0.178677 0.000010 0.292410 0.000010 0.000010
0.000010 0.438532 0.000011 0.000010 0.042853 0.405685 0.000010 0.112868 0.000010 0.000010
0.000010 0.522261 0.000010 0.000010 0.000010 0.000010 0.000010 0.477659 0.000010 0.000010
0.000010 0.163590 0.000010 0.219901 0.000010 0.268801 0.000010 0.347648 0.000010 0.000010
0.000010 0.000010 0.000010 0.000010 0.000010 0.000010 0.999910 0.000010 0.000010 0.000010
0.000010 0.000010 0.000010 0.000010 0.000010 0.999910 0.000010 0.000010 0.000010 0.000010
0.000010 0.172596 0.000010 0.000010 0.000012 0.216737 0.000010 0.610595 0.000010 0.000010
0.000010 0.518137 0.000010 0.000010 0.000010 0.000010 0.000010 0.481783 0.000010 0.000010
0.000010 0.236522 0.000010 0.000010 0.000010 0.763398 0.000010 0.000010 0.000010 0.000010
0.000010 0.993713 0.000010 0.000010 0.000010 0.006207 0.000010 0.000010 0.000010 0.000010
0.000010 0.229718 0.000010 0.000010 0.075479 0.498680 0.000010 0.196063 0.000010 0.000010
0.000010 0.999910 0.000010 0.000010 0.000010 0.000010 0.000010 0.000010 0.000010 0.000010
0.000010 0.248867 0.000010 0.000010 0.040617 0.206994 0.000010 0.503463 0.000010 0.000010
0.000010 0.991962 0.000010 0.000010 0.000010 0.007958 0.000010 0.000010 0.000010 0.000010
0.000010 0.999910 0.000010 0.000010 0.000010 0.000010 0.000010 0.000010 0.000010 0.000010
0.000010 0.627821 0.000010 0.000010 0.211720 0.037086 0.000010 0.123314 0.000010 0.000010
0.000010 0.785836 0.000010 0.000010 0.000010 0.000010 0.000010 0.214084 0.000010 0.000010
0.000010 0.000010 0.000010 0.000010 0.000010 0.999910 0.000010 0.000010 0.000010 0.000010
0.000010 0.370594 0.000010 0.007128 0.038286 0.233432 0.000010 0.350511 0.000010 0.000010
0.000010 0.501836 0.000010 0.000010 0.000010 0.199726 0.000010 0.298368 0.000010 0.000010
0.000010 0.000010 0.000010 0.000010 0.000010 0.463876 0.000010 0.536044 0.000010 0.000010
0.000010 0.000010 0.000010 0.000010 0.000010 0.999910 0.000010 0.000010 0.000010 0.000010
0.000010 0.255905 0.000010 0.037747 0.068342 0.235210 0.000010 0.402747 0.000010 0.000010
0.000010 0.999910 0.000010 0.000010 0.000010 0.000010 0.000010 0.000010 0.000010 0.000010
0.000010 0.413336 0.000010 0.000010 0.042915 0.128259 0.000010 0.415430 0.000010 0.000010
0.146277 0.000010 0.000010 0.000010 0.000010 0.000010 0.853643 0.000010 0.000010 0.000010
0.139373 0.000010 0.000010 0.000012 0.000010 0.000010 0.860545 0.000010 0.000010 0.000010
0.000010 0.170507 0.000010 0.105799 0.000010 0.351767 0.000010 0.371868 0.000010 0.000010
0.000010 0.000010 0.000010 0.000010 0.000010 0.000010 0.999910 0.000010 0.000010 0.000010
0.000010 0.667210 0.000010 0.000010 0.031367 0.057917 0.000010 0.243446 0.000010 0.000010
0.000010 0.999910 0.000010 0.000010 0.000010 0.000010 0.000010 0.000010 0.000010 0.000010
0.000010 0.000010 0.000010 0.000010 0.000010 0.000010 0.999910 0.000010 0.000010 0.000010
0.000010 0.000010 0.000010 0.000010 0.000010 0.000010 0.999910 0.000010 0.000010 0.000010
0.000010 0.000010 0.000010 0.000010 0.000010 0.356395 0.000010 0.643525 0.000010 0.000010
0.000010 0.000010 0.000010 0.000010 0.000010 0.000010 0.999910 0.000010 0.000010 0.000010
0.145070 0.000010 0.000010 0.000010 0.000014 0.000010 0.854846 0.000010 0.000010 0.000010
0.136738 0.000010 0.000010 0.000010 0.000010 0.000010 0.863182 0.000010 0.000010 0.000010
0.000010 0.250659 0.749261 0.000010 0.000010 0.000010 0.000010 0.000010 0.000010 0.000010
0.000010 0.000010 0.685813 0.000010 0.041050 0.103360 0.000010 0.125418 0.000010 0.044308
0.000010 0.000010 0.800145 0.000010 0.100109 0.099676 0.000010 0.000010 0.000010 0.000010
0.000010 0.000010 0.780443 0.219477 0.000010 0.000010 0.000010 0.000010 0.000010 0.000010
0.999910 0.000010 0.000010 0.000010 0.000010 0.000010 0.000010 0.000010 0.000010 0.000010
0.000010 0.080480 0.000010 0.000010 0.000010 0.083471 0.000010 0.760325 0.000010 0.075665
0.000010 0.000010 0.649692 0.350228 0.000010 0.000010 0.000010 0.000010 0.000010 0.000010
0.000010 0.000010 0.797256 0.000010 0.000010 0.202664 0.000010 0.000010 0.000010 0.000010
0.000010 0.073094 0.682441 0.101198 0.000010 0.000010 0.000010 0.000010 0.000010 0.143207
0.000010 0.000010 0.753342 0.171591 0.053307 0.000010 0.021701 0.000010 0.000010 0.000010
0.001326 0.217313 0.591167 0.023238 0.000010 0.000010 0.000010 0.021244 0.034705 0.110977
0.000010 0.000010 0.711408 0.000010 0.000010 0.008879 0.000010 0.000010 0.000010 0.279643
0.000010 0.125498 0.443110 0.429449 0.000010 0.001882 0.000010 0.000010 0.000010 0.000010
0.000010 0.000010 0.662986 0.336934 0.000010 0.000010 0.000010 0.000010 0.000010 0.000010
0.000010 0.000010 0.703010 0.122889 0.058510 0.105818 0.000010 0.009724 0.000010 0.000010
0.000010 0.000010 0.977531 0.000010 0.022389 0.000010 0.000010 0.000010 0.000010 0.000010
0.010575 0.000010 0.802869 0.000010 0.008171 0.000010 0.016025 0.162310 0.000010 0.000010
0.000010 0.000010 0.582398 0.000010 0.000010 0.146818 0.000010 0.000010 0.000010 0.270714
0.000010 0.000010 0.542440 0.099321 0.000010 0.197209 0.000010 0.000010 0.000010 0.160970
0.000010 0.063467 0.737366 0.051397 0.147710 0.000010 0.000010 0.000010 0.000010 0.000010
0.000010 0.000010 0.961101 0.000010 0.000010 0.000010 0.000010 0.007979 0.000010 0.030849
0.000010 0.000010 0.625717 0.187233 0.000010 0.106907 0.000010 0.030469 0.000010 0.049624
0.000010 0.000010 0.653966 0.128757 0.000010 0.217206 0.000010 0.000010 0.000010 0.000010
0.000010 0.207521 0.792399 0.000010 0.000010 0.000010 0.000010 0.000010 0.000010 0.000010
0.000010 0.068239 0.761886 0.000010 0.112965 0.000010 0.000010 0.000010 0.000010 0.056850
0.025881 0.000010 0.562036 0.324474 0.087548 0.000010 0.000010 0.000010 0.000010 0.000010
0.000010 0.020998 0.625741 0.240157 0.103920 0.009134 0.000010 0.000010 0.000010 0.000010
0.999910 0.000010 0.000010 0.000010 0.000010 0.000010 0.000010 0.000010 0.000010 0.000010
0.000010 0.000010 0.682341 0.145164 0.120163 0.000010 0.000010 0.052273 0.000010 0.000010
0.000010 0.000010 0.724589 0.000010 0.140381 0.068017 0.000010 0.066953 0.000010 0.000010
0.000010 0.000010 0.821681 0.000010 0.178239 0.000010 0.000010 0.000010 0.000010 0.000010
0.999910 0.000010 0.000010 0.000010 0.000010 0.000010 0.000010 0.000010 0.000010 0.000010
0.000010 0.000010 0.953142 0.000010 0.000010 0.000010 0.000010 0.046778 0.000010 0.000010
0.899357 0.000010 0.000010 0.000010 0.000010 0.000010 0.100563 0.000010 0.000010 0.000010
0.000010 0.000010 0.748748 0.047991 0.203191 0.000010 0.000010 0.000010 0.000010 0.000010
0.000010 0.146286 0.724930 0.000010 0.128715 0.000010 0.000010 0.000010 0.000010 0.000010
0.000010 0.000010 0.823510 0.000010 0.135756 0.040664 0.000010 0.000010 0.000010 0.000010
0.000010 0.000010 0.775039 0.117084 0.000010 0.000010 0.000010 0.020185 0.000010 0.087632
0.000010 0.000010 0.872283 0.000010 0.000010 0.127637 0.000010 0.000010 0.000010 0.000010
0.000010 0.000010 0.411670 0.256792 0.012668 0.000010 0.000010 0.318810 0.000010 0.000010
0.000010 0.000010 0.999910 0.000010 0.000010 0.000010 0.000010 0.000010 0.000010 0.000010
0.000010 0.114360 0.413049 0.432194 0.000010 0.000010 0.000010 0.000010 0.000010 0.040338
0.000010 0.000010 0.910179 0.000010 0.089741 0.000010 0.000010 0.000010 0.000010 0.000010
0.000010 0.174095 0.435799 0.232535 0.047012 0.110509 0.000010 0.000010 0.000010 0.000010
0.000010 0.032745 0.712865 0.000010 0.138095 0.000010 0.000010 0.082399 0.000010 0.033846
0.000010 0.150621 0.646387 0.000982 0.179976 0.021983 0.000010 0.000010 0.000010 0.000010
0.000010 0.000010 0.436299 0.000010 0.413480 0.000010 0.000010 0.150151 0.000010 0.000010
0.000010 0.492438 0.000010 0.000010 0.000010 0.507482 0.000010 0.000010 0.000010 0.000010
0.000010 0.000010 0.000010 0.000010 0.000010 0.520124 0.000010 0.479796 0.000010 0.000010
0.000010 0.213020 0.000010 0.000010 0.034302 0.349645 0.000010 0.365903 0.000010 0.037079
0.000010 0.000010 0.000010 0.056825 0.000010 0.220165 0.000010 0.722940 0.000010 0.000010
0.000010 0.368882 0.000010 0.033121 0.000010 0.170425 0.000010 0.373741 0.000010 0.053781
0.000010 0.330733 0.000010 0.000010 0.031922 0.249819 0.000010 0.387466 0.000010 0.000010
0.000010 0.011957 0.027219 0.000010 0.138862 0.395861 0.000010 0.402899 0.000010 0.023161
0.000010 0.190749 0.000010 0.045260 0.000010 0.370176 0.000010 0.393755 0.000010 0.000010
0.000010 0.271715 0.000010 0.000010 0.000010 0.213943 0.000010 0.450366 0.000010 0.063915
0.000010 0.248020 0.000010 0.050607 0.101510 0.064029 0.000010 0.535783 0.000010 0.000010
0.000010 0.226343 0.000010 0.000010 0.000010 0.307953 0.000010 0.465634 0.000010 0.000010
0.000010 0.102648 0.000010 0.000010 0.000010 0.465722 0.000010 0.431560 0.000010 0.000010
0.969255 0.000011 0.000010 0.000010 0.000010 0.000010 0.030664 0.000010 0.000010 0.000010
0.000010 0.008483 0.000010 0.041917 0.000010 0.250321 0.000010 0.699219 0.000010 0.000010
0.000010 0.394697 0.000010 0.102489 0.000010 0.121268 0.000010 0.381487 0.000010 0.000010
0.000010 0.289242 0.173298 0.000010 0.000010 0.247087 0.000010 0.290314 0.000010 0.000010
0.000010 0.533272 0.000010 0.000010 0.031970 0.218663 0.000010 0.206075 0.000010 0.009970
0.000010 0.000010 0.000010 0.000010 0.050281 0.000010 0.000010 0.949639 0.000010 0.000010
0.000010 0.636277 0.026676 0.000010 0.000010 0.336977 0.000010 0.000010 0.000010 0.000010
0.000010 0.120270 0.000010 0.000010 0.053333 0.202200 0.000010 0.622162 0.000010 0.001984
0.000010 0.000010 0.000010 0.000010 0.000010 0.000010 0.000010 0.999910 0.000010 0.000010
0.000010 0.490775 0.000010 0.000010 0.000010 0.114863 0.000010 0.394292 0.000010 0.000010
0.000010 0.000010 0.000010 0.000010 0.000010 0.326457 0.000010 0.673463 0.000010 0.000010
0.000010 0.987943 0.011977 0.000010 0.000010 0.000010 0.000010 0.000010 0.000010 0.000010
0.010012 0.293014 0.000010 0.000010 0.000010 0.344833 0.000010 0.352080 0.000010 0.000010
0.000010 0.435514 0.000010 0.000010 0.000010 0.352763 0.000010 0.211653 0.000010 0.000010
0.000010 0.096614 0.000010 0.000010 0.000010 0.224934 0.000010 0.678382 0.000010 0.000010
0.000010 0.000010 0.030933 0.140074 0.000010 0.226450 0.000010 0.602483 0.000010 0.000010
0.000010 0.240349 0.000010 0.000010 0.000010 0.000010 0.000010 0.665081 0.000010 0.094500
0.000010 0.273563 0.000010 0.000010 0.102148 0.000010 0.000010 0.513300 0.000010 0.110929
0.000010 0.000010 0.000010 0.000010 0.000010 0.173973 0.000010 0.825947 0.000010 0.000010
0.000010 0.060544 0.000010 0.002200 0.082521 0.088455 0.000010 0.766230 0.000010 0.000010
0.000010 0.271835 0.000010 0.000010 0.000010 0.087050 0.000010 0.641045 0.000010 0.000010
0.000010 0.000010 0.670267 0.000010 0.000010 0.091373 0.000010 0.036653 0.000010 0.201646
0.000010 0.000010 0.000010 0.000010 0.036189 0.118358 0.000010 0.842310 0.000010 0.003083
0.000010 0.000010 0.000010 0.000010 0.000010 0.296284 0.000010 0.703636 0.000010 0.000010
0.000010 0.000010 0.000010 0.000010 0.000010 0.358517 0.000010 0.641403 0.000010 0.000010
0.000010 0.663162 0.000010 0.000010 0.162430 0.174337 0.000010 0.000010 0.000010 0.000010
0.000010 0.423601 0.000010 0.031182 0.003659 0.000010 0.000010 0.541498 0.000010 0.000010
0.000010 0.506536 0.000010 0.000016 0.000010 0.000010 0.000010 0.493378 0.000010 0.000010
0.000010 0.000010 0.000010 0.000010 0.095331 0.284025 0.000010 0.620573 0.000010 0.000010
0.000010 0.609558 0.000010 0.000010 0.026985 0.363387 0.000010 0.000010 0.000010 0.000010
0.000010 0.295144 0.000010 0.000010 0.000010 0.135565 0.000010 0.569221 0.000010 0.000010
0.000010 0.000010 0.000010 0.000010 0.000010 0.245276 0.000010 0.754644 0.000010 0.000010
0.000010 0.168983 0.000010 0.000010 0.133981 0.000010 0.000010 0.696966 0.000010 0.000010
0.000010 0.307909 0.000010 0.000010 0.000010 0.042703 0.000010 0.523427 0.000010 0.125901
0.000010 0.388022 0.000010 0.000010 0.000010 0.413789 0.000010 0.198119 0.000010 0.000010
0.000010 0.437045 0.000010 0.000010 0.000010 0.259472 0.015954 0.287469 0.000010 0.000010
0.000010 0.244218 0.000010 0.000010 0.000010 0.255377 0.000010 0.489825 0.010520 0.000010
0.011223 0.305496 0.000010 0.000010 0.000010 0.299459 0.000010 0.383761 0.000010 0.000010
0.000010 0.000010 0.032356 0.000010 0.000010 0.329447 0.000010 0.638127 0.000010 0.000010
0.000010 0.591174 0.067599 0.000010 0.000010 0.244371 0.000010 0.082936 0.000010 0.013871
0.000010 0.000010 0.000010 0.000010 0.000010 0.178838 0.000010 0.821082 0.000010 0.000010
0.000010 0.044445 0.000010 0.000010 0.081828 0.301685 0.000010 0.515983 0.000010 0.056010
0.000010 0.000010 0.000010 0.000010 0.000010 0.000010 0.000010 0.999910 0.000010 0.000010
0.000010 0.000010 0.000010 0.000010 0.000010 0.047173 0.000010 0.952747 0.000010 0.000010
0.000010 0.220203 0.000010 0.125057 0.000010 0.240660 0.000010 0.414021 0.000010 0.000010
0.000010 0.478875 0.000010 0.000010 0.000010 0.265969 0.000010 0.255087 0.000010 0.000010
0.000010 0.006718 0.000010 0.000010 0.000010 0.162625 0.000010 0.830587 0.000010 0.000010
0.000010 0.000010 0.000010 0.000010 0.000010 0.000010 0.000010 0.999910 0.000010 0.000010
0.000010 0.000010 0.000010 0.000010 0.138541 0.316977 0.000010 0.499692 0.044730 0.000010
0.013495 0.000010 0.000010 0.000010 0.000010 0.000010 0.000010 0.986425 0.000010 0.000010
0.000010 0.307364 0.000010 0.000010 0.000010 0.180998 0.000010 0.457747 0.000010 0.053831
0.000010 0.493021 0.000010 0.005466 0.044881 0.251777 0.000010 0.204805 0.000010 0.000010
0.000010 0.545735 0.000010 0.000010 0.000010 0.454185 0.000010 0.000010 0.000010 0.000010
0.000010 0.481244 0.000010 0.000010 0.001884 0.077481 0.000010 0.439331 0.000010 0.000010
0.000010 0.000010 0.000010 0.000010 0.000010 0.000010 0.999910 0.000010 0.000010 0.000010
0.000010 0.000010 0.026619 0.000010 0.000010 0.270919 0.000010 0.702392 0.000010 0.000010
0.000010 0.000010 0.000010 0.000010 0.000010 0.216774 0.000010 0.783146 0.000010 0.000010
0.000010 0.111794 0.000010 0.000010 0.000010 0.412591 0.000010 0.475545 0.000010 0.000010
0.005229 0.000010 0.000010 0.000010 0.000010 0.000010 0.000010 0.994691 0.000010 0.000010
0.000010 0.543707 0.000010 0.000010 0.091030 0.365193 0.000010 0.000010 0.000010 0.000010
0.000010 0.352638 0.000010 0.000010 0.000010 0.294707 0.000010 0.352585 0.000010 0.000010
0.000010 0.128910 0.000010 0.036277 0.000010 0.285937 0.000010 0.548815 0.000010 0.000010
0.000010 0.000010 0.000010 0.000010 0.000010 0.001520 0.000010 0.998400 0.000010 0.000010
0.000010 0.000010 0.000010 0.000010 0.000010 0.000010 0.000010 0.999910 0.000010 0.000010
0.000010 0.542467 0.048381 0.000010 0.000010 0.000010 0.000010 0.409081 0.000010 0.000010
0.000010 0.364476 0.084024 0.053571 0.000010 0.000010 0.000010 0.497869 0.000010 0.000010
0.000010 0.149034 0.000010 0.000010 0.118169 0.270018 0.000010 0.462719 0.000010 0.000010
0.000010 0.000010 0.000010 0.000010 0.000010 0.000010 0.000010 0.999910 0.000010 0.000010
0.000010 0.432479 0.000010 0.000010 0.000010 0.302927 0.000010 0.238568 0.000010 0.025966
0.000010 0.088388 0.000010 0.000010 0.102973 0.140685 0.000010 0.667894 0.000010 0.000010
0.000010 0.000010 0.000010 0.000010 0.198710 0.000010 0.000010 0.083900 0.000010 0.717320
0.000010 0.121992 0.067051 0.000010 0.199986 0.000010 0.000010 0.000010 0.000010 0.610910
0.000010 0.000010 0.000010 0.112292 0.191891 0.000010 0.000010 0.000010 0.000010 0.695748
0.000010 0.000010 0.000010 0.269187 0.166104 0.000010 0.000010 0.186200 0.000010 0.378449
0.000010 0.000010 0.000010 0.000010 0.000010 0.000010 0.000010 0.000010 0.000010 0.999910
0.000010 0.000010 0.000010 0.000010 0.000010 0.000010 0.000010 0.000010 0.000010 0.999910
0.000010 0.000010 0.000010 0.000010 0.108290 0.000010 0.000010 0.000010 0.000010 0.891630
0.000010 0.000010 0.000010 0.000010 0.129902 0.115281 0.000010 0.000010 0.000010 0.754747
0.000010 0.000010 0.000010 0.141084 0.055702 0.000010 0.000010 0.000010 0.000010 0.803143
0.000010 0.044934 0.000010 0.000010 0.201105 0.000010 0.000010 0.000010 0.000010 0.753891
0.000010 0.000010 0.000010 0.000010 0.000010 0.000010 0.000010 0.000010 0.000010 0.999910
0.000010 0.000010 0.000010 0.000010 0.417002 0.000010 0.000010 0.190320 0.000010 0.392607
0.000010 0.000010 0.079557 0.142922 0.000010 0.000010 0.000010 0.000010 0.000010 0.777451
0.000010 0.000010 0.000010 0.000010 0.318102 0.000010 0.000010 0.000010 0.000010 0.681818
0.000010 0.000010 0.000010 0.000010 0.000010 0.000010 0.000010 0.000010 0.000010 0.999910
0.845513 0.000018 0.000010 0.000010 0.000010 0.000010 0.154399 0.000010 0.000010 0.000010
0.000010 0.000010 0.000010 0.000010 0.340328 0.036049 0.000010 0.077759 0.000010 0.545804
0.000010 0.112541 0.000010 0.000010 0.305504 0.000010 0.000010 0.000010 0.000010 0.581885
0.000010 0.000010 0.000010 0.000010 0.102246 0.116155 0.000010 0.229980 0.000010 0.551559
0.008322 0.000010 0.000010 0.047843 0.195677 0.000010 0.000010 0.152182 0.000010 0.595927
0.000010 0.000010 0.000010 0.243718 0.000010 0.000010 0.000010 0.067345 0.000010 0.688867
0.000010 0.000010 0.047511 0.000010 0.251578 0.006362 0.000010 0.008868 0.000010 0.685631
0.000010 0.000010 0.000010 0.019364 0.202425 0.163684 0.000010 0.000010 0.000010 0.614467
0.000010 0.000010 0.000010 0.000010 0.207946 0.015440 0.000010 0.000010 0.000010 0.776544
0.000010 0.000010 0.000010 0.056296 0.422790 0.000010 0.000010 0.040655 0.000010 0.480198
0.000010 0.000010 0.109582 0.000010 0.000010 0.000010 0.000010 0.121968 0.000010 0.768381
0.000010 0.000010 0.000010 0.000010 0.494946 0.082222 0.000010 0.000010 0.000010 0.422762
0.000010 0.000010 0.000010 0.000010 0.542321 0.000010 0.000010 0.000010 0.000010 0.457599
0.000010 0.000010 0.065299 0.000010 0.212032 0.000010 0.000010 0.142760 0.000010 0.579848
0.000010 0.000010 0.000010 0.000010 0.000010 0.111829 0.000010 0.000010 0.000010 0.888091
0.000010 0.000010 0.000010 0.000010 0.498593 0.000010 0.000010 0.000010 0.000010 0.501327
0.000010 0.000010 0.000010 0.000010 0.580566 0.113605 0.000010 0.000010 0.000010 0.305758
0.000010 0.000010 0.000010 0.000010 0.000010 0.000010 0.000010 0.000010 0.000010 0.999910
0.000010 0.000010 0.000010 0.006378 0.236709 0.000010 0.000010 0.000010 0.000010 0.756843
0.000010 0.000010 0.000010 0.000010 0.000010 0.000010 0.000010 0.158085 0.000010 0.841835
0.662528 0.000010 0.000010 0.000010 0.000010 0.000010 0.337392 0.000010 0.000010 0.000010
0.000010 0.040026 0.000010 0.000010 0.149621 0.000010 0.000010 0.000010 0.000010 0.810283
0.000010 0.000014 0.000010 0.000010 0.372882 0.000010 0.000010 0.098929 0.000010 0.528115
0.999910 0.000010 0.000010 0.000010 0.000010 0.000010 0.000010 0.000010 0.000010 0.000010
0.000010 0.150755 0.000010 0.000010 0.472247 0.000010 0.000010 0.000010 0.000010 0.376928
0.005732 0.000010 0.000010 0.000010 0.640306 0.236496 0.000010 0.000010 0.000010 0.117406
0.000010 0.000010 0.000010 0.000010 0.306922 0.000010 0.000010 0.078271 0.000010 0.614737
0.000010 0.014737 0.135931 0.074749 0.305968 0.022205 0.000010 0.000010 0.000010 0.446370
0.000010 0.000010 0.000010 0.015239 0.344648 0.000010 0.000010 0.000010 0.000010 0.640043
0.000010 0.000010 0.000010 0.000010 0.298611 0.109292 0.022546 0.000010 0.000010 0.569491
0.000010 0.000010 0.000010 0.000010 0.585546 0.191551 0.000010 0.000010 0.000010 0.222833
0.896478 0.000010 0.000010 0.000010 0.000010 0.000010 0.103442 0.000010 0.000010 0.000010
0.000010 0.000010 0.000010 0.000010 0.999910 0.000010 0.000010 0.000010 0.000010 0.000010
0.000010 0.000010 0.005577 0.000010 0.024545 0.000010 0.000010 0.075520 0.000010 0.894298
0.000010 0.000010 0.000010 0.000010 0.999910 0.000010 0.000010 0.000010 0.000010 0.000010
0.000010 0.000010 0.000010 0.000010 0.999910 0.000010 0.000010 0.000010 0.000010 0.000010
0.000010 0.000010 0.000010 0.000010 0.999910 0.000010 0.000010 0.000010 0.000010 0.000010
0.000010 0.934655 0.065265 0.000010 0.000010 0.000010 0.000010 0.000010 0.000010 0.000010
