0.000010 0.802450 0.136617 0.000010 0.000010 0.000010 0.060893
0.102987 0.892894 0.004080 0.000010 0.000010 0.000010 0.000010
0.194110 0.734453 0.000010 0.022247 0.000010 0.000010 0.049160
0.127929 0.801025 0.071006 0.000010 0.000010 0.000010 0.000010
0.190829 0.662481 0.095415 0.000010 0.000010 0.000010 0.051245
0.000010 0.999940 0.000010 0.000010 0.000010 0.000010 0.000010
0.187601 0.812349 0.000010 0.000010 0.000010 0.000010 0.000010
0.119378 0.880572 0.000010 0.000010 0.000010 0.000010 0.000010
0.097397 0.739882 0.162680 0.000010 0.000010 0.000010 0.000010
0.000010 0.512223 0.000010 0.000010 0.000010 0.487727 0.000010
0.000010 0.800079 0.000010 0.000010 0.000010 0.199871 0.000010
0.265147 0.734803 0.000010 0.000010 0.000010 0.000010 0.000010
0.227157 0.772793 0.000010 0.000010 0.000010 0.000010 0.000010
0.000010 0.774026 0.179853 0.000010 0.000010 0.000010 0.046081
0.044172 0.870860 0.000010 0.000010 0.000010 0.000010 0.084928
0.067291 0.842890 0.089780 0.000010 0.000010 0.000010 0.000010
0.000010 0.810874 0.170916 0.000010 0.018171 0.000010 0.000010
0.015841 0.683626 0.220366 0.000010 0.000010 0.000010 0.080137
0.141861 0.835607 0.006035 0.000010 0.000010 0.000010 0.016467
0.000010 0.889692 0.110258 0.000010 0.000010 0.000010 0.000010
0.000010 0.921386 0.078564 0.000010 0.000010 0.000010 0.000010
0.039959 0.947498 0.000010 0.000010 0.012504 0.000010 0.000010
0.000010 0.999940 0.000010 0.000010 0.000010 0.000010 0.000010
0.000010 0.858919 0.116051 0.000010 0.000010 0.000010 0.024990
0.172083 0.827867 0.000010 0.000010 0.000010 0.000010 0.000010
0.142062 0.857888 0.000010 0.000010 0.000010 0.000010 0.000010
0.000010 0.803742 0.196208 0.000010 0.000010 0.000010 0.000010
0.207555 0.000010 0.000010 0.000010 0.000010 0.000010 0.792395
0.000010 0.815748 0.046434 0.000010 0.000010 0.075791 0.061996
0.092558 0.818986 0.078671 0.000011 0.000010 0.009754 0.000010
0.000010 0.000010 0.000010 0.000010 0.000010 0.999940 0.000010
0.000010 0.503845 0.158903 0.009557 0.000010 0.162821 0.164854
0.000010 0.617965 0.221790 0.000010 0.000010 0.160205 0.000010
0.000010 0.391026 0.000010 0.000010 0.000010 0.608924 0.000010
0.000010 0.000010 0.000010 0.000010 0.000010 0.999940 0.000010
0.000010 0.115505 0.000010 0.000010 0.000010 0.884445 0.000010
0.000010 0.782662 0.217288 0.000010 0.000010 0.000010 0.000010
0.000010 0.000010 0.000010 0.000010 0.000010 0.999940 0.000010
0.255995 0.649874 0.000010 0.000010 0.000010 0.000010 0.094091
0.345957 0.591712 0.000010 0.000010 0.000010 0.000010 0.062292
0.000010 0.779806 0.220144 0.000010 0.000010 0.000010 0.000010
0.123628 0.658530 0.144081 0.012995 0.000010 0.000010 0.060747
0.000010 0.716809 0.244487 0.000010 0.000010 0.000010 0.038664
0.198379 0.575849 0.000010 0.000010 0.000010 0.208885 0.016857
0.000010 0.000010 0.000010 0.000018 0.999932 0.000010 0.000010
0.000010 0.769690 0.038280 0.000010 0.033152 0.000010 0.158847
0.000010 0.601939 0.395787 0.000010 0.000010 0.000010 0.002233
0.131754 0.796623 0.000010 0.000010 0.000010 0.000010 0.071583
0.000010 0.509766 0.154922 0.000010 0.000010 0.331006 0.004276
0.000010 0.000010 0.000010 0.000010 0.999940 0.000010 0.000010
0.017801 0.706258 0.000010 0.000010 0.000010 0.211658 0.064253
0.000010 0.672129 0.257868 0.000010 0.000010 0.016002 0.053971
0.000010 0.000010 0.000010 0.000010 0.999940 0.000010 0.000010
0.000010 0.459845 0.174286 0.005932 0.000010 0.246162 0.113754
0.000010 0.000010 0.000010 0.000010 0.999940 0.000010 0.000010
0.000010 0.000010 0.000010 0.000010 0.999940 0.000010 0.000010
0.006409 0.724772 0.178211 0.000010 0.000010 0.000010 0.090578
0.000010 0.000010 0.000010 0.000010 0.999940 0.000010 0.000010
0.000010 0.000010 0.000010 0.000010 0.000010 0.999940 0.000010
0.000010 0.000010 0.000010 0.000010 0.999940 0.000010 0.000010
0.000010 0.000010 0.000010 0.000010 0.000010 0.999940 0.000010
0.127454 0.439139 0.405724 0.000010 0.018937 0.000010 0.008726
0.033741 0.742018 0.178235 0.000010 0.000010 0.000010 0.045976
0.049027 0.729347 0.110777 0.000010 0.000010 0.000010 0.110818
0.189610 0.588458 0.136849 0.000010 0.000010 0.085053 0.000010
0.073820 0.000010 0.000010 0.000010 0.000010 0.000010 0.926130
0.067588 0.000010 0.000010 0.000010 0.000010 0.000010 0.932362
0.000010 0.055927 0.000010 0.000010 0.000010 0.000010 0.944023
0.148960 0.000010 0.000010 0.000010 0.000010 0.000010 0.850990
0.000010 0.000010 0.070426 0.000010 0.000010 0.000010 0.929524
0.000010 0.000010 0.184240 0.000010 0.000010 0.000010 0.815710
0.000010 0.000010 0.000010 0.000010 0.007274 0.000010 0.992676
0.000010 0.000010 0.156481 0.000010 0.000010 0.000010 0.843469
0.000010 0.000010 0.000010 0.773862 0.226088 0.000010 0.000010
0.030938 0.000010 0.000010 0.018142 0.000010 0.000010 0.950880
0.211082 0.031063 0.000010 0.000010 0.000010 0.000010 0.757814
0.000010 0.007955 0.000010 0.000010 0.000010 0.000010 0.991995
0.135053 0.000010 0.000010 0.000010 0.001798 0.000010 0.863109
0.000010 0.000010 0.031822 0.000010 0.000010 0.000010 0.968128
0.000010 0.000010 0.000010 0.000010 0.000010 0.000010 0.999940
0.000010 0.000010 0.000010 0.000010 0.000010 0.000010 0.999940
0.008244 0.759782 0.228555 0.000010 0.003389 0.000010 0.000010
0.000010 0.326399 0.000010 0.000010 0.000010 0.000010 0.673551
0.000010 0.000010 0.000010 0.897923 0.102027 0.000010 0.000010
0.000010 0.000010 0.084504 0.000010 0.000010 0.000010 0.915446
0.000010 0.000010 0.010500 0.000010 0.000010 0.000010 0.989450
0.054667 0.000010 0.000010 0.000010 0.000010 0.000010 0.945283
0.000010 0.024705 0.000010 0.000010 0.000010 0.000010 0.975245
0.246701 0.000010 0.011350 0.000010 0.000010 0.000010 0.741909
0.000010 0.000010 0.000010 0.891395 0.108555 0.000010 0.000010
0.000010 0.000010 0.082325 0.000010 0.000010 0.000010 0.917625
0.206102 0.000010 0.000010 0.000010 0.000010 0.000010 0.793848
0.000010 0.000010 0.000010 0.999940 0.000010 0.000010 0.000010
0.000010 0.000010 0.000010 0.000010 0.000010 0.000010 0.999940
0.000010 0.000010 0.000010 0.999940 0.000010 0.000010 0.000010
0.000010 0.000010 0.000010 0.999932 0.000018 0.000010 0.000010
0.000010 0.000010 0.000020 0.834697 0.165243 0.000010 0.000010
0.169212 0.000010 0.044525 0.000010 0.000010 0.000010 0.786223
0.141847 0.000010 0.000010 0.000010 0.001672 0.000010 0.856441
0.999940 0.000010 0.000010 0.000010 0.000010 0.000010 0.000010
0.477989 0.000010 0.468369 0.012183 0.000010 0.000010 0.041430
0.429553 0.185334 0.385073 0.000010 0.000010 0.000010 0.000010
0.156462 0.000010 0.843488 0.000010 0.000010 0.000010 0.000010
0.752514 0.000010 0.154763 0.000010 0.000010 0.000010 0.092683
0.387835 0.000010 0.438549 0.000010 0.000010 0.000010 0.173576
0.000014 0.000010 0.000010 0.000010 0.000010 0.000010 0.999936
0.000010 0.000010 0.000010 0.846761 0.153189 0.000010 0.000010
0.036274 0.000010 0.000010 0.000010 0.000010 0.000010 0.963676
0.000010 0.000010 0.037716 0.000010 0.000010 0.000010 0.962234
0.000010 0.000010 0.015327 0.000010 0.000010 0.000010 0.984623
0.000010 0.000010 0.000010 0.878378 0.121572 0.000010 0.000010
0.103571 0.000010 0.000010 0.000010 0.000010 0.000010 0.896379
0.000010 0.000010 0.000010 0.000010 0.000010 0.000010 0.999940
0.000010 0.012509 0.000010 0.000010 0.000010 0.000010 0.987441
0.013170 0.009957 0.000010 0.000010 0.000010 0.000010 0.976833
0.011039 0.000010 0.167372 0.000010 0.000032 0.000010 0.821526
0.000010 0.000010 0.000010 0.000010 0.000010 0.000010 0.999940
0.000010 0.000010 0.033746 0.000010 0.000010 0.000010 0.966204
0.031801 0.000010 0.000010 0.000010 0.000010 0.000010 0.968149
0.000010 0.039159 0.131439 0.000010 0.000010 0.019375 0.809997
0.000010 0.000010 0.000010 0.999940 0.000010 0.000010 0.000010
0.095502 0.000010 0.000010 0.000010 0.000010 0.000010 0.904448
0.082408 0.000010 0.000010 0.000010 0.000010 0.000010 0.917542
0.000010 0.000010 0.000010 0.000010 0.000010 0.000010 0.999940
0.000010 0.000010 0.000010 0.000010 0.000010 0.000010 0.999940
0.000010 0.000010 0.000010 0.000010 0.000010 0.000010 0.999940
0.058558 0.000010 0.000010 0.000010 0.000010 0.027667 0.913735
0.000010 0.000010 0.068058 0.000010 0.000010 0.000010 0.931892
0.004923 0.000010 0.000010 0.000010 0.000010 0.000010 0.995027
0.000010 0.000010 0.000010 0.000010 0.000010 0.000010 0.999940
0.000010 0.000010 0.000010 0.000010 0.000010 0.000010 0.999940
0.028649 0.000010 0.105405 0.006769 0.000010 0.000010 0.859147
0.000010 0.000010 0.018030 0.000010 0.012808 0.000010 0.969122
0.011998 0.000010 0.000010 0.000010 0.000010 0.000010 0.987952
0.090279 0.000010 0.000010 0.000010 0.000010 0.000010 0.909671
0.104128 0.000010 0.000010 0.000010 0.000010 0.000010 0.895822
0.044468 0.000010 0.000010 0.000010 0.000010 0.000010 0.955482
0.000010 0.000010 0.000010 0.000010 0.000010 0.000010 0.999940
0.000010 0.000010 0.124509 0.000010 0.000010 0.000010 0.875441
0.037269 0.022885 0.093529 0.000010 0.000010 0.000010 0.846287
0.056433 0.000010 0.007868 0.000010 0.000010 0.000010 0.935659
0.000010 0.000010 0.000010 0.878491 0.121459 0.000010 0.000010
0.000010 0.000010 0.000010 0.862329 0.137621 0.000010 0.000010
0.000010 0.073544 0.000010 0.006477 0.000010 0.000010 0.919939
0.000010 0.000010 0.000010 0.999940 0.000010 0.000010 0.000010
0.000010 0.001670 0.000010 0.000010 0.000010 0.000010 0.998280
0.085429 0.000010 0.000010 0.000010 0.000010 0.000010 0.914521
0.000010 0.000010 0.000010 0.999940 0.000010 0.000010 0.000010
0.000016 0.000010 0.000010 0.999934 0.000010 0.000010 0.000010
0.000010 0.000010 0.000010 0.000010 0.000010 0.000010 0.999940
0.000010 0.000010 0.000010 0.999940 0.000010 0.000010 0.000010
0.000010 0.000010 0.000010 0.870205 0.129745 0.000010 0.000010
0.000010 0.000010 0.000010 0.880359 0.119591 0.000010 0.000010
0.146833 0.721345 0.000010 0.000010 0.000010 0.000010 0.131782
0.141921 0.706370 0.028254 0.000010 0.000010 0.000010 0.123425
0.157269 0.839609 0.000010 0.000010 0.003082 0.000010 0.000010
0.000010 0.999940 0.000010 0.000010 0.000010 0.000010 0.000010
0.000010 0.000010 0.000010 0.000010 0.999940 0.000010 0.000010
0.156874 0.000010 0.000010 0.000010 0.000010 0.000010 0.843076
0.023453 0.976497 0.000010 0.000010 0.000010 0.000010 0.000010
0.197906 0.738685 0.000010 0.000010 0.013704 0.000010 0.049674
0.233498 0.766452 0.000010 0.000010 0.000010 0.000010 0.000010
0.000010 0.978699 0.000010 0.000010 0.021251 0.000010 0.000010
0.129048 0.685151 0.074638 0.000010 0.011337 0.030948 0.068868
0.378874 0.621076 0.000010 0.000010 0.000010 0.000010 0.000010
0.000010 0.873043 0.000010 0.000010 0.000010 0.000010 0.126907
0.124612 0.875338 0.000010 0.000010 0.000010 0.000010 0.000010
0.000010 0.902808 0.011462 0.000010 0.000010 0.000010 0.085690
0.078073 0.921877 0.000010 0.000010 0.000010 0.000010 0.000010
0.148300 0.752432 0.000010 0.000010 0.035580 0.000010 0.063658
0.429872 0.570078 0.000010 0.000010 0.000010 0.000010 0.000010
0.064880 0.708764 0.187911 0.000010 0.000010 0.000010 0.038414
0.156467 0.810593 0.032900 0.000010 0.000010 0.000010 0.000010
0.239289 0.760661 0.000010 0.000010 0.000010 0.000010 0.000010
0.077608 0.850313 0.026821 0.000010 0.000010 0.000010 0.045228
0.166002 0.833948 0.000010 0.000010 0.000010 0.000010 0.000010
0.121010 0.788272 0.000010 0.000010 0.000010 0.000010 0.090678
0.141106 0.732918 0.125689 0.000257 0.000010 0.000010 0.000010
0.000010 0.890678 0.097583 0.011699 0.000010 0.000010 0.000010
0.067303 0.851582 0.064020 0.000010 0.000010 0.000010 0.017065
0.000010 0.000010 0.000010 0.000010 0.999940 0.000010 0.000010
0.000010 0.907150 0.092800 0.000010 0.000010 0.000010 0.000010
0.135083 0.832370 0.024166 0.000010 0.000010 0.000010 0.008351
0.000010 0.851208 0.148742 0.000010 0.000010 0.000010 0.000010
0.000010 0.000010 0.000010 0.000010 0.999940 0.000010 0.000010
0.187771 0.812179 0.000010 0.000010 0.000010 0.000010 0.000010
0.000010 0.000010 0.000010 0.100626 0.899324 0.000010 0.000010
0.000010 0.841618 0.158332 0.000010 0.000010 0.000010 0.000010
0.000010 0.872274 0.000010 0.000010 0.000010 0.000010 0.127676
0.000010 0.950293 0.035535 0.000010 0.014132 0.000010 0.000010
0.195023 0.804927 0.000010 0.000010 0.000010 0.000010 0.000010
0.266368 0.733582 0.000010 0.000010 0.000010 0.000010 0.000010
0.000010 0.882391 0.000010 0.000010 0.000010 0.000010 0.117559
0.000010 0.999940 0.000010 0.000010 0.000010 0.000010 0.000010
0.138737 0.836373 0.000010 0.000010 0.000010 0.024849 0.000010
0.048657 0.951293 0.000010 0.000010 0.000010 0.000010 0.000010
0.126342 0.634780 0.000010 0.000010 0.000010 0.000010 0.238838
0.278776 0.721174 0.000010 0.000010 0.000010 0.000010 0.000010
0.159365 0.685470 0.097640 0.000010 0.000010 0.000010 0.057496
0.000010 0.453758 0.515056 0.000010 0.000010 0.000010 0.031146
0.000010 0.000010 0.000010 0.000010 0.000010 0.000010 0.999940
0.000010 0.072880 0.000010 0.000010 0.000010 0.000010 0.927070
0.064431 0.000010 0.039758 0.000010 0.000010 0.000010 0.895770
0.000010 0.000010 0.031364 0.000010 0.000010 0.000010 0.968586
0.122535 0.000010 0.000010 0.000010 0.000010 0.000010 0.877415
0.000010 0.000010 0.032608 0.000010 0.000010 0.000010 0.967342
0.099856 0.057307 0.052251 0.000010 0.000010 0.000010 0.790556
0.101852 0.000010 0.003339 0.000010 0.000010 0.000010 0.894769
0.084590 0.000010 0.000010 0.000010 0.002969 0.000010 0.912401
0.000010 0.000010 0.162029 0.000010 0.000010 0.000010 0.837921
0.000010 0.000010 0.000010 0.000010 0.000010 0.000010 0.999940
0.043763 0.000010 0.000010 0.000010 0.000010 0.000010 0.956187
0.000010 0.000015 0.000010 0.032136 0.967809 0.000010 0.000010
0.000010 0.000010 0.000010 0.000010 0.000010 0.000010 0.999940
0.000010 0.076345 0.000010 0.000010 0.000010 0.000010 0.923605
0.193385 0.058784 0.000010 0.000010 0.000010 0.000010 0.747792
0.079563 0.000010 0.000010 0.000010 0.000010 0.000010 0.920387
0.175473 0.002295 0.000010 0.000010 0.000010 0.000010 0.822192
0.022629 0.034141 0.000010 0.000010 0.000010 0.000010 0.943190
0.130661 0.000010 0.000010 0.000010 0.000010 0.000010 0.869289
0.000010 0.000010 0.000010 0.000010 0.000010 0.000010 0.999940
0.000010 0.012726 0.000010 0.000010 0.000010 0.000010 0.987224
0.000010 0.000010 0.038785 0.000010 0.000010 0.000010 0.961165
0.000010 0.148025 0.000010 0.000010 0.000010 0.000010 0.851925
0.000010 0.000010 0.000010 0.000010 0.018129 0.000010 0.981821
0.002040 0.000010 0.011205 0.000010 0.000010 0.000010 0.986715
0.000010 0.000010 0.039033 0.000010 0.000010 0.000010 0.960917
0.000010 0.145865 0.000010 0.000010 0.000010 0.000010 0.854085
0.197551 0.000010 0.000010 0.000010 0.000010 0.000010 0.802399
0.216391 0.011617 0.064171 0.000010 0.000010 0.000010 0.707791
0.000010 0.000010 0.016204 0.000010 0.000010 0.000010 0.983746
0.122811 0.000010 0.000010 0.000010 0.000010 0.000010 0.877139
0.000010 0.000010 0.000010 0.000010 0.000010 0.000010 0.999940
0.210983 0.675853 0.113124 0.000010 0.000010 0.000010 0.000010
0.165724 0.000010 0.009332 0.000010 0.000010 0.000010 0.824904
0.056100 0.000010 0.000010 0.000010 0.012468 0.000010 0.931392
0.108711 0.000010 0.000010 0.000010 0.000010 0.000010 0.891239
0.000010 0.000010 0.088983 0.000010 0.000010 0.000010 0.910967
0.000010 0.000010 0.042570 0.000010 0.000010 0.000010 0.957380
0.000010 0.000010 0.000010 0.000010 0.000010 0.000010 0.999940
0.000010 0.000010 0.074016 0.000010 0.000010 0.000010 0.925934
0.000010 0.000010 0.054182 0.000010 0.000010 0.000010 0.945768
0.000010 0.000010 0.000010 0.000010 0.000010 0.000010 0.999940
0.107150 0.000010 0.000010 0.000010 0.000010 0.000010 0.892800
0.000010 0.000010 0.116206 0.000010 0.000010 0.000010 0.883744
0.152958 0.000010 0.000010 0.000010 0.000010 0.000010 0.846992
0.000010 0.000010 0.000010 0.000010 0.008367 0.000010 0.991583
0.000010 0.000010 0.000010 0.007668 0.000010 0.000010 0.992282
0.000010 0.050294 0.000010 0.000010 0.000010 0.000010 0.949656
0.000010 0.000010 0.000010 0.000010 0.010984 0.000010 0.988966
0.000010 0.037065 0.000010 0.000010 0.000010 0.000010 0.962885
0.096471 0.019633 0.000010 0.000010 0.000010 0.000010 0.883856
0.000010 0.000010 0.000010 0.000010 0.000010 0.000010 0.999940
0.162809 0.000010 0.072293 0.000010 0.006882 0.000010 0.757987
0.000010 0.000010 0.000010 0.000010 0.000010 0.000010 0.999940
0.140016 0.000010 0.000010 0.000010 0.000010 0.000010 0.859934
0.052897 0.000010 0.000010 0.000010 0.000010 0.000010 0.947053
0.000010 0.000010 0.000010 0.000010 0.000010 0.000010 0.999940
0.082760 0.022172 0.000010 0.000010 0.009450 0.000010 0.885588
0.152141 0.000010 0.000010 0.000010 0.000010 0.000010 0.847809
0.000010 0.000010 0.000010 0.000010 0.000010 0.052005 0.947945
0.085585 0.000010 0.000010 0.000010 0.008693 0.000010 0.905682
0.105247 0.000010 0.000010 0.000010 0.000010 0.000010 0.894703
0.011057 0.014395 0.015579 0.000010 0.000010 0.000010 0.958938
0.000010 0.000010 0.000010 0.000010 0.000474 0.000010 0.999476
0.000010 0.000010 0.000010 0.000010 0.000010 0.000010 0.999940
0.000010 0.000010 0.000010 0.999940 0.000010 0.000010 0.000010
0.035514 0.018219 0.000010 0.000010 0.000010 0.000010 0.946227
0.035991 0.000010 0.000010 0.000010 0.000010 0.000010 0.963959
0.000010 0.000010 0.000010 0.000010 0.000010 0.000010 0.999940
0.000014 0.037669 0.000010 0.004276 0.000017 0.000010 0.958003
0.000010 0.000010 0.081627 0.000010 0.000010 0.000010 0.918323
0.000010 0.000010 0.000010 0.000010 0.000010 0.000010 0.999940
0.072765 0.000010 0.000010 0.000010 0.000010 0.000010 0.927185
0.065688 0.000010 0.000010 0.000010 0.000010 0.000010 0.934262
0.062704 0.000010 0.000010 0.000010 0.000010 0.028924 0.908333
0.085183 0.006429 0.000010 0.000010 0.000010 0.000010 0.908348
0.079106 0.086658 0.000010 0.000010 0.000010 0.000010 0.834196
0.000010 0.000010 0.054900 0.000010 0.000010 0.000010 0.945050
0.178210 0.000010 0.000010 0.000010 0.000010 0.000010 0.821740
0.037499 0.000010 0.000010 0.000010 0.000010 0.000010 0.962451
0.000010 0.000010 0.018254 0.000010 0.000010 0.000010 0.981696
0.528350 0.000010 0.471600 0.000010 0.000010 0.000010 0.000010
0.426266 0.066331 0.395632 0.000010 0.000010 0.000010 0.111741
0.527012 0.069430 0.403518 0.000010 0.000010 0.000010 0.000010
0.336145 0.190509 0.313626 0.000010 0.000010 0.000010 0.159690
0.999940 0.000010 0.000010 0.000010 0.000010 0.000010 0.000010
0.999940 0.000010 0.000010 0.000010 0.000010 0.000010 0.000010
0.469074 0.000010 0.530876 0.000010 0.000010 0.000010 0.000010
0.493444 0.000010 0.506506 0.000010 0.000010 0.000010 0.000010
0.728231 0.000010 0.271719 0.000010 0.000010 0.000010 0.000010
0.424062 0.000010 0.575888 0.000010 0.000010 0.000010 0.000010
0.999940 0.000010 0.000010 0.000010 0.000010 0.000010 0.000010
0.209419 0.000010 0.682358 0.000010 0.000010 0.000010 0.108183
0.397174 0.185927 0.416859 0.000010 0.000010 0.000010 0.000010
0.345348 0.000010 0.654602 0.000010 0.000010 0.000010 0.000010
0.999940 0.000010 0.000010 0.000010 0.000010 0.000010 0.000010
0.000010 0.000010 0.000010 0.119573 0.880377 0.000010 0.000010
0.308977 0.000010 0.690151 0.000010 0.000010 0.000010 0.000832
0.408338 0.000010 0.574451 0.017171 0.000010 0.000010 0.000010
0.355285 0.010408 0.385265 0.000010 0.000010 0.000010 0.249011
0.517893 0.000010 0.469660 0.000010 0.012407 0.000010 0.000010
0.443020 0.152961 0.403979 0.000010 0.000010 0.000010 0.000010
0.483477 0.000010 0.516473 0.000010 0.000010 0.000010 0.000010
0.412116 0.010810 0.577034 0.000010 0.000010 0.000010 0.000010
0.423678 0.000010 0.576272 0.000010 0.000010 0.000010 0.000010
0.000010 0.000010 0.999940 0.000010 0.000010 0.000010 0.000010
0.654880 0.057753 0.286610 0.000010 0.000010 0.000010 0.000728
0.000010 0.000010 0.999940 0.000010 0.000010 0.000010 0.000010
0.229501 0.000010 0.770449 0.000010 0.000010 0.000010 0.000010
0.415975 0.043874 0.540110 0.000010 0.000010 0.000010 0.000010
0.241283 0.039932 0.718744 0.000010 0.000010 0.000010 0.000010
0.241345 0.000010 0.758605 0.000010 0.000010 0.000010 0.000010
0.000010 0.000010 0.999940 0.000010 0.000010 0.000010 0.000010
0.634992 0.000010 0.364958 0.000010 0.000010 0.000010 0.000010
0.229909 0.000010 0.770041 0.000010 0.000010 0.000010 0.000010
0.433558 0.000010 0.464328 0.000010 0.000010 0.000010 0.102074
0.000010 0.000010 0.000010 0.338040 0.661910 0.000010 0.000010
0.450709 0.000010 0.549241 0.000010 0.000010 0.000010 0.000010
0.357172 0.000010 0.636947 0.000010 0.000010 0.000010 0.005841
0.000010 0.000010 0.000010 0.000010 0.999940 0.000010 0.000010
0.161175 0.000010 0.838775 0.000010 0.000010 0.000010 0.000010
0.000010 0.000010 0.889301 0.000010 0.001753 0.000010 0.108906
0.356652 0.000010 0.643298 0.000010 0.000010 0.000010 0.000010
0.189618 0.204407 0.605935 0.000010 0.000010 0.000010 0.000010
0.430697 0.000010 0.569253 0.000010 0.000010 0.000010 0.000010
0.352479 0.000010 0.613983 0.033498 0.000010 0.000010 0.000010
0.000010 0.000010 0.999940 0.000010 0.000010 0.000010 0.000010
0.000010 0.000010 0.000010 0.096238 0.903712 0.000010 0.000010
0.000010 0.000010 0.999940 0.000010 0.000010 0.000010 0.000010
0.496170 0.000010 0.503780 0.000010 0.000010 0.000010 0.000010
0.000010 0.000010 0.999940 0.000010 0.000010 0.000010 0.000010
0.000010 0.000010 0.999940 0.000010 0.000010 0.000010 0.000010
0.000010 0.000010 0.999940 0.000010 0.000010 0.000010 0.000010
0.000010 0.183703 0.000010 0.000010 0.000010 0.000010 0.816247
