0.000010 0.000010 0.999980
0.999213 0.000010 0.000777
0.000010 0.000010 0.999980
0.000010 0.399406 0.600584
0.000010 0.624526 0.375464
0.000010 0.456751 0.543239
0.037871 0.000010 0.962119
0.000010 0.390640 0.609350
0.000010 0.434326 0.565664
0.999980 0.000010 0.000010
0.003401 0.416507 0.580092
0.999980 0.000010 0.000010
0.000010 0.999980 0.000010
0.000010 0.312849 0.687141
0.000010 0.477295 0.522695
0.000010 0.999980 0.000010
0.981040 0.018950 0.000010
0.999980 0.000010 0.000010
0.000010 0.000010 0.999980
0.000010 0.000010 0.999980
0.000010 0.141195 0.858795
0.036741 0.000010 0.963249
0.999980 0.000010 0.000010
0.000010 0.000010 0.999980
0.999980 0.000010 0.000010
0.000010 0.999980 0.000010
0.999980 0.000010 0.000010
0.000010 0.188331 0.811659
0.999980 0.000010 0.000010
0.999980 0.000010 0.000010
0.000010 0.000010 0.999980
0.000010 0.999980 0.000010
0.000010 0.000010 0.999980
0.000010 0.000010 0.999980
0.999980 0.000010 0.000010
0.000010 0.999980 0.000010
0.000010 0.463407 0.536583
0.000010 0.678627 0.321363
0.000010 0.382537 0.617453
0.000010 0.715933 0.284057
0.000010 0.723601 0.276389
0.000010 0.000010 0.999980
0.935388 0.064602 0.000010
0.000010 0.000010 0.999980
0.000010 0.000010 0.999980
0.000010 0.999980 0.000010
0.000010 0.000010 0.999980
0.012757 0.683412 0.303831
0.000010 0.413699 0.586291
0.999980 0.000010 0.000010
0.999980 0.000010 0.000010
0.453760 0.000010 0.546230
0.000010 0.999980 0.000010
0.999980 0.000010 0.000010
0.000010 0.000010 0.999980
0.000010 0.000010 0.999980
0.000010 0.999980 0.000010
0.000010 0.474812 0.525178
0.000010 0.533064 0.466926
0.000010 0.000010 0.999980
0.999980 0.000010 0.000010
0.000010 0.861172 0.138818
0.000010 0.999980 0.000010
0.999980 0.000010 0.000010
0.000010 0.312661 0.687329
0.000010 0.000010 0.999980
0.000010 0.000010 0.999980
0.999980 0.000010 0.000010
0.929939 0.000010 0.070051
0.000010 0.000010 0.999980
0.976686 0.000010 0.023304
0.035232 0.000010 0.964758
0.999980 0.000010 0.000010
0.999980 0.000010 0.000010
0.999980 0.000010 0.000010
0.999980 0.000010 0.000010
0.000010 0.000010 0.999980
0.999980 0.000010 0.000010
0.000010 0.999980 0.000010
0.000010 0.000010 0.999980
0.000010 0.999980 0.000010
0.999980 0.000010 0.000010
0.000010 0.000010 0.999980
0.999980 0.000010 0.000010
0.000013 0.000010 0.999977
0.000010 0.999980 0.000010
0.000010 0.590267 0.409723
0.000010 0.999980 0.000010
0.000010 0.179322 0.820668
0.999980 0.000010 0.000010
0.950084 0.049906 0.000010
0.000010 0.999980 0.000010
0.999980 0.000010 0.000010
0.000010 0.501683 0.498307
0.000010 0.000010 0.999980
0.999980 0.000010 0.000010
0.000010 0.308010 0.691980
0.996249 0.000010 0.003741
