0.559491 0.000010 0.000010 0.440489
0.035392 0.964588 0.000010 0.000010
0.755080 0.000010 0.244900 0.000010
0.999970 0.000010 0.000010 0.000010
0.000010 0.000010 0.999970 0.000010
0.000010 0.000010 0.999970 0.000010
0.991768 0.008212 0.000010 0.000010
0.288479 0.000010 0.511211 0.200299
0.000010 0.000010 0.000010 0.999970
0.000010 0.999970 0.000010 0.000010
0.000010 0.000010 0.000010 0.999970
0.000010 0.999970 0.000010 0.000010
0.647916 0.000010 0.352064 0.000010
0.748778 0.000010 0.251202 0.000010
0.293264 0.000010 0.706716 0.000010
0.999970 0.000010 0.000010 0.000010
0.000010 0.976991 0.000010 0.022989
0.000010 0.999970 0.000010 0.000010
0.088497 0.000010 0.594156 0.317337
0.999970 0.000010 0.000010 0.000010
0.118139 0.000010 0.728620 0.153230
0.229244 0.000010 0.770736 0.000010
0.000010 0.999970 0.000010 0.000010
0.000010 0.000010 0.999970 0.000010
0.000010 0.999970 0.000010 0.000010
0.491578 0.000010 0.000010 0.508402
0.000010 0.999970 0.000010 0.000010
0.738134 0.000010 0.261846 0.000010
0.000010 0.999970 0.000010 0.000010
0.000010 0.999970 0.000010 0.000010
0.539792 0.000010 0.460188 0.000010
0.000010 0.000010 0.000010 0.999970
0.999970 0.000010 0.000010 0.000010
0.000010 0.000010 0.999970 0.000010
0.000010 0.999970 0.000010 0.000010
0.999970 0.000010 0.000010 0.000010
0.000010 0.000010 0.000010 0.999970
0.446230 0.000010 0.553750 0.000010
0.635652 0.000010 0.364328 0.000010
0.428056 0.000010 0.571924 0.000010
0.366914 0.000010 0.529086 0.103991
0.920892 0.000010 0.000010 0.079088
0.000010 0.939624 0.060356 0.000010
0.000010 0.000010 0.999970 0.000010
0.997404 0.002576 0.000010 0.000010
0.000010 0.000010 0.000010 0.999970
0.999970 0.000010 0.000010 0.000010
0.000010 0.000010 0.498838 0.501142
0.000010 0.000010 0.999970 0.000010
0.000010 0.999970 0.000010 0.000010
0.000010 0.999970 0.000010 0.000010
0.550506 0.449474 0.000010 0.000010
0.000010 0.000010 0.999970 0.000010
0.000010 0.999970 0.000010 0.000010
0.000010 0.000010 0.999970 0.000010
0.232669 0.000010 0.767311 0.000010
0.999970 0.000010 0.000010 0.000010
0.000010 0.000010 0.999970 0.000010
0.999970 0.000010 0.000010 0.000010
0.999970 0.000010 0.000010 0.000010
0.000010 0.999970 0.000010 0.000010
0.000010 0.000010 0.999970 0.000010
0.664211 0.000010 0.000010 0.335769
0.000010 0.999970 0.000010 0.000010
0.000010 0.000010 0.999970 0.000010
0.000010 0.000010 0.999970 0.000010
0.999970 0.000010 0.000010 0.000010
0.000010 0.999970 0.000010 0.000010
0.000010 0.932761 0.067219 0.000010
0.476309 0.000010 0.523671 0.000010
0.000010 0.973830 0.000010 0.026150
0.727652 0.008666 0.029148 0.234535
0.000010 0.999970 0.000010 0.000010
0.000010 0.999970 0.000010 0.000010
0.000010 0.999970 0.000010 0.000010
0.000010 0.999970 0.000010 0.000010
0.999970 0.000010 0.000010 0.000010
0.000010 0.999970 0.000010 0.000010
0.000010 0.000010 0.000010 0.999970
0.612192 0.000010 0.387788 0.000010
0.661546 0.000010 0.338434 0.000010
0.000010 0.999970 0.000010 0.000010
0.000010 0.000010 0.999970 0.000010
0.000010 0.999970 0.000010 0.000010
0.487914 0.000010 0.512066 0.000010
0.242926 0.000010 0.757054 0.000010
0.000010 0.000010 0.999970 0.000010
0.000010 0.000010 0.000010 0.999970
0.000010 0.000010 0.351467 0.648513
0.000010 0.999970 0.000010 0.000010
0.048479 0.951501 0.000010 0.000010
0.999970 0.000010 0.000010 0.000010
0.000010 0.999970 0.000010 0.000010
0.603920 0.000010 0.000010 0.396060
0.548326 0.000010 0.451654 0.000010
0.000010 0.999970 0.000010 0.000010
0.999970 0.000010 0.000010 0.000010
0.007049 0.992931 0.000010 0.000010
