0.066470 0.000010 0.844482 0.049406 0.000010 0.039622
0.047939 0.000010 0.952021 0.000010 0.000010 0.000010
0.000010 0.000010 0.840704 0.000010 0.000010 0.159256
0.000010 0.000010 0.999950 0.000010 0.000010 0.000010
0.000010 0.000010 0.917140 0.000010 0.014239 0.068592
0.000010 0.000010 0.756481 0.000010 0.000010 0.243479
0.000010 0.000010 0.999950 0.000010 0.000010 0.000010
0.055707 0.000010 0.887834 0.056430 0.000010 0.000010
0.000010 0.047602 0.903755 0.000010 0.003856 0.044767
0.000010 0.999950 0.000010 0.000010 0.000010 0.000010
0.000010 0.999950 0.000010 0.000010 0.000010 0.000010
0.154116 0.000010 0.845844 0.000010 0.000010 0.000010
0.000010 0.000010 0.978317 0.000010 0.000010 0.021643
0.000010 0.000010 0.924061 0.000010 0.000010 0.075899
0.000010 0.000010 0.999950 0.000010 0.000010 0.000010
0.000010 0.000010 0.999950 0.000010 0.000010 0.000010
0.000010 0.000010 0.999950 0.000010 0.000010 0.000010
0.112359 0.000010 0.887601 0.000010 0.000010 0.000010
0.064172 0.000010 0.935788 0.000010 0.000010 0.000010
0.000010 0.000010 0.999950 0.000010 0.000010 0.000010
0.000010 0.000010 0.999950 0.000010 0.000010 0.000010
0.000010 0.000010 0.997400 0.000010 0.002560 0.000010
0.000010 0.000010 0.975005 0.000010 0.000010 0.024955
0.000010 0.000010 0.999950 0.000010 0.000010 0.000010
0.000010 0.000010 0.999950 0.000010 0.000010 0.000010
0.000010 0.000010 0.999950 0.000010 0.000010 0.000010
0.070029 0.000010 0.929931 0.000010 0.000010 0.000010
0.000010 0.000010 0.000010 0.422393 0.000010 0.577567
0.000010 0.151878 0.845088 0.003004 0.000010 0.000010
0.000010 0.000010 0.914309 0.085651 0.000010 0.000010
0.000010 0.000010 0.967109 0.000010 0.000010 0.032851
0.000010 0.207033 0.561980 0.230957 0.000010 0.000010
0.087679 0.180007 0.696697 0.000010 0.002576 0.033031
0.000010 0.065756 0.934204 0.000010 0.000010 0.000010
0.000010 0.999950 0.000010 0.000010 0.000010 0.000010
0.000010 0.636028 0.214237 0.000010 0.000010 0.149706
0.116900 0.000010 0.754765 0.000010 0.000010 0.128306
0.000010 0.000010 0.966531 0.000010 0.000010 0.033429
0.082357 0.244792 0.601422 0.000010 0.000010 0.071408
0.039694 0.168222 0.538942 0.000010 0.000010 0.253121
0.000010 0.201848 0.661269 0.136853 0.000010 0.000010
0.000010 0.187701 0.554632 0.045582 0.000010 0.212065
0.124802 0.000010 0.803422 0.069672 0.000010 0.002085
0.068029 0.275033 0.629047 0.000010 0.027871 0.000010
0.000010 0.000010 0.000010 0.000010 0.999950 0.000010
0.082141 0.258114 0.401854 0.247757 0.010124 0.000010
0.133315 0.111231 0.487552 0.059523 0.000010 0.208369
0.326108 0.000010 0.541547 0.132315 0.000010 0.000010
0.000010 0.186214 0.589943 0.223813 0.000010 0.000010
0.000010 0.000010 0.000010 0.000010 0.999950 0.000010
0.000010 0.246427 0.686070 0.067473 0.000010 0.000010
0.426872 0.024238 0.510938 0.000010 0.000010 0.037932
0.000010 0.000010 0.000010 0.000010 0.999950 0.000010
0.000010 0.059294 0.644549 0.000010 0.042645 0.253492
0.000010 0.000010 0.000010 0.000010 0.999950 0.000010
0.000010 0.000010 0.000010 0.000010 0.999950 0.000010
0.095026 0.000010 0.679028 0.207691 0.018235 0.000010
0.032859 0.000010 0.000010 0.000010 0.967101 0.000010
0.000010 0.999950 0.000010 0.000010 0.000010 0.000010
0.000010 0.000010 0.000010 0.000010 0.999950 0.000010
0.000010 0.999950 0.000010 0.000010 0.000010 0.000010
0.107877 0.352105 0.475212 0.064786 0.000010 0.000010
0.151428 0.000010 0.734527 0.114015 0.000010 0.000010
0.049773 0.000010 0.859724 0.027586 0.000010 0.062896
0.257941 0.240029 0.456298 0.045712 0.000010 0.000010
0.000010 0.000010 0.000010 0.999950 0.000010 0.000010
0.000010 0.000010 0.000010 0.082904 0.015593 0.901472
0.000010 0.008514 0.000010 0.232158 0.000010 0.759298
0.000010 0.000010 0.102083 0.727595 0.000010 0.170292
0.000010 0.000010 0.000010 0.999950 0.000010 0.000010
0.046870 0.000010 0.058607 0.548951 0.019113 0.326449
0.000010 0.000010 0.000010 0.999950 0.000010 0.000010
0.000010 0.000010 0.000010 0.217023 0.002343 0.780604
0.000010 0.000010 0.000010 0.000010 0.999950 0.000010
0.000010 0.000010 0.000010 0.317313 0.000010 0.682647
0.000010 0.000010 0.117166 0.846397 0.000010 0.036407
0.000010 0.000010 0.000010 0.819676 0.000010 0.180284
0.000010 0.000010 0.019716 0.195216 0.000010 0.785039
0.000010 0.000010 0.000010 0.721945 0.000010 0.278015
0.000010 0.000010 0.000010 0.723459 0.000010 0.276501
0.000010 0.000010 0.000010 0.668443 0.000010 0.331517
0.121519 0.000010 0.781375 0.000010 0.000010 0.097076
0.000010 0.000010 0.299426 0.094395 0.000010 0.606149
0.000010 0.000010 0.000010 0.000010 0.999950 0.000010
0.000010 0.000010 0.000010 0.999950 0.000010 0.000010
0.000010 0.000010 0.000010 0.999950 0.000010 0.000010
0.000010 0.000010 0.000010 0.999950 0.000010 0.000010
0.000010 0.000010 0.000010 0.589279 0.000010 0.410681
0.085967 0.000010 0.000010 0.000010 0.000010 0.913993
0.000010 0.000010 0.000010 0.000010 0.999950 0.000010
0.000010 0.000010 0.000010 0.999950 0.000010 0.000010
0.068944 0.000010 0.000010 0.931016 0.000010 0.000010
0.000010 0.000010 0.000010 0.000010 0.999950 0.000010
0.000010 0.000010 0.000010 0.923452 0.000010 0.076508
0.000010 0.000010 0.000010 0.000010 0.999950 0.000010
0.000010 0.000010 0.000010 0.000010 0.999950 0.000010
0.000010 0.000010 0.000010 0.000010 0.999950 0.000010
0.000010 0.000010 0.000010 0.629018 0.000010 0.370942
0.000010 0.000010 0.085449 0.289983 0.000010 0.624538
0.687060 0.027139 0.089778 0.196003 0.000010 0.000010
0.862259 0.000010 0.000010 0.129312 0.000010 0.008399
0.809333 0.000010 0.190627 0.000010 0.000010 0.000010
0.824922 0.000010 0.000010 0.000010 0.000010 0.175038
0.718789 0.000010 0.131684 0.120193 0.029313 0.000010
0.889388 0.000010 0.000010 0.000010 0.000010 0.110572
0.000010 0.000010 0.000010 0.849629 0.000010 0.150331
0.000010 0.000010 0.000010 0.000010 0.999950 0.000010
0.000010 0.000010 0.000010 0.689306 0.000010 0.310654
0.000010 0.000010 0.077335 0.580945 0.000010 0.341691
0.000010 0.000010 0.000010 0.757561 0.000010 0.242399
0.000010 0.000010 0.000010 0.000010 0.999950 0.000010
0.000010 0.000010 0.000010 0.287546 0.000010 0.712414
0.000010 0.000010 0.000010 0.999950 0.000010 0.000010
0.000010 0.000010 0.061261 0.481411 0.000010 0.457298
0.000010 0.000010 0.000010 0.999950 0.000010 0.000010
0.195895 0.000010 0.000010 0.342574 0.000010 0.461501
0.000010 0.000010 0.000010 0.831729 0.000010 0.168231
0.000010 0.000010 0.000010 0.565977 0.000010 0.433983
0.000010 0.000010 0.111720 0.254089 0.000010 0.634162
0.000010 0.000010 0.069617 0.379131 0.000010 0.551222
0.000010 0.000010 0.000010 0.000019 0.999941 0.000010
0.046700 0.000010 0.000010 0.953260 0.000010 0.000010
0.000010 0.000010 0.073435 0.412502 0.000010 0.514033
0.000010 0.000010 0.000010 0.261196 0.000010 0.738764
0.000010 0.000010 0.000010 0.999950 0.000010 0.000010
0.000010 0.000010 0.000010 0.171353 0.000010 0.828607
0.000010 0.000010 0.097373 0.617426 0.000010 0.285171
0.083221 0.000010 0.000010 0.338816 0.020767 0.557176
0.071050 0.000010 0.000010 0.387487 0.000010 0.541434
0.000010 0.000010 0.000010 0.999950 0.000010 0.000010
0.000010 0.000010 0.000010 0.466921 0.025442 0.507608
0.000010 0.000010 0.046089 0.701018 0.000010 0.252863
0.000010 0.000010 0.000010 0.999950 0.000010 0.000010
0.000010 0.000010 0.000010 0.999950 0.000010 0.000010
0.000010 0.000010 0.090806 0.290164 0.000010 0.619000
0.000010 0.000010 0.105450 0.529405 0.000010 0.365115
0.000010 0.000010 0.000010 0.297533 0.000010 0.702427
0.000010 0.000010 0.000010 0.999950 0.000010 0.000010
0.150055 0.000010 0.000010 0.646870 0.000010 0.203045
0.000010 0.000010 0.070174 0.929786 0.000010 0.000010
0.000010 0.000010 0.000010 0.737510 0.000010 0.262450
0.000010 0.000010 0.000010 0.000010 0.999950 0.000010
0.000010 0.000010 0.000010 0.000010 0.999950 0.000010
0.000010 0.000010 0.000010 0.507303 0.010642 0.482025
0.000010 0.000010 0.000010 0.000010 0.999950 0.000010
0.000010 0.000010 0.000010 0.000010 0.000010 0.999950
0.000010 0.000010 0.000010 0.215254 0.000010 0.784706
0.000010 0.000010 0.000010 0.000010 0.999950 0.000010
0.000010 0.000010 0.000010 0.000010 0.999950 0.000010
0.000010 0.000010 0.000010 0.354187 0.000010 0.645773
0.000010 0.000010 0.000010 0.000010 0.999950 0.000010
0.000010 0.000010 0.000010 0.000010 0.999950 0.000010
0.000010 0.000010 0.000010 0.000010 0.999950 0.000010
0.000010 0.000010 0.852209 0.137086 0.010676 0.000010
0.000010 0.000010 0.999950 0.000010 0.000010 0.000010
0.026789 0.000010 0.973171 0.000010 0.000010 0.000010
0.000010 0.000010 0.999950 0.000010 0.000010 0.000010
0.000010 0.000010 0.000010 0.000010 0.999950 0.000010
0.028022 0.000010 0.000010 0.646815 0.000010 0.325133
0.000010 0.000010 0.844703 0.000010 0.000010 0.155257
0.016756 0.000010 0.983204 0.000010 0.000010 0.000010
0.159909 0.000010 0.752535 0.087526 0.000010 0.000010
0.000010 0.000010 0.973074 0.000010 0.026886 0.000010
0.000010 0.028396 0.887254 0.000010 0.000010 0.084320
0.000010 0.000010 0.999950 0.000010 0.000010 0.000010
0.000010 0.000010 0.999950 0.000010 0.000010 0.000010
0.000010 0.000010 0.898113 0.101847 0.000010 0.000010
0.000010 0.000010 0.994345 0.005615 0.000010 0.000010
0.003963 0.000010 0.995997 0.000010 0.000010 0.000010
0.000011 0.000010 0.989976 0.000010 0.009983 0.000010
0.103015 0.000010 0.896945 0.000010 0.000010 0.000010
0.000010 0.000010 0.982357 0.017603 0.000010 0.000010
0.000010 0.000010 0.999950 0.000010 0.000010 0.000010
0.000010 0.000010 0.999950 0.000010 0.000010 0.000010
0.000010 0.000010 0.885122 0.000010 0.000010 0.114838
0.000010 0.000010 0.943249 0.056711 0.000010 0.000010
0.195785 0.000010 0.804175 0.000010 0.000010 0.000010
0.134747 0.000010 0.865213 0.000010 0.000010 0.000010
0.000010 0.000010 0.999950 0.000010 0.000010 0.000010
0.000010 0.000010 0.988309 0.000010 0.000010 0.011651
0.000010 0.000010 0.000010 0.000010 0.999950 0.000010
0.000010 0.000010 0.875117 0.124843 0.000010 0.000010
0.041982 0.000010 0.957978 0.000010 0.000010 0.000010
0.000010 0.000010 0.998721 0.000010 0.001239 0.000010
0.000010 0.000010 0.000010 0.000010 0.999950 0.000010
0.000010 0.000010 0.999950 0.000010 0.000010 0.000010
0.000010 0.000010 0.000010 0.018783 0.981177 0.000010
0.000010 0.000010 0.999950 0.000010 0.000010 0.000010
0.000010 0.000010 0.999950 0.000010 0.000010 0.000010
0.000010 0.000010 0.999950 0.000010 0.000010 0.000010
0.005004 0.016744 0.712258 0.000010 0.000010 0.265973
0.088008 0.000010 0.911952 0.000010 0.000010 0.000010
0.216722 0.000010 0.642805 0.000010 0.000010 0.140443
0.000010 0.000010 0.999950 0.000010 0.000010 0.000010
0.000010 0.000010 0.999950 0.000010 0.000010 0.000010
0.000010 0.000010 0.935079 0.000010 0.000010 0.064881
0.089086 0.000010 0.770398 0.000010 0.000010 0.140486
0.000010 0.000010 0.998352 0.000010 0.001608 0.000010
0.000010 0.000010 0.860524 0.139436 0.000010 0.000010
0.246009 0.000010 0.692706 0.061255 0.000010 0.000010
0.000010 0.000010 0.000010 0.999950 0.000010 0.000010
0.056218 0.000010 0.000010 0.514800 0.015259 0.413702
0.004690 0.000010 0.000010 0.776014 0.000010 0.219266
0.013323 0.000010 0.000010 0.322692 0.000010 0.663956
0.000010 0.000010 0.058949 0.431066 0.012191 0.497774
0.000010 0.000010 0.000010 0.393269 0.000010 0.606691
0.000010 0.000010 0.278118 0.598905 0.000010 0.122947
0.006296 0.000010 0.023095 0.471729 0.000010 0.498859
0.000010 0.000010 0.000010 0.263944 0.000010 0.736016
0.000010 0.000010 0.088106 0.371497 0.000010 0.540367
0.000010 0.000010 0.000010 0.121757 0.000010 0.878203
0.000010 0.000010 0.000010 0.999950 0.000010 0.000010
0.000010 0.000010 0.000010 0.000010 0.999950 0.000010
0.000010 0.000010 0.000010 0.008645 0.000010 0.991315
0.000010 0.000010 0.034972 0.660278 0.000010 0.304720
0.000010 0.000010 0.196837 0.419784 0.019518 0.363840
0.000010 0.000010 0.064301 0.209038 0.000010 0.726631
0.077348 0.052558 0.000010 0.189215 0.000010 0.680859
0.000010 0.000010 0.000010 0.567871 0.005312 0.426787
0.000010 0.000010 0.012545 0.593023 0.000010 0.394402
0.000010 0.000010 0.000010 0.144194 0.000010 0.855766
0.000010 0.000010 0.000010 0.506672 0.000010 0.493288
0.000010 0.000010 0.000010 0.000010 0.000010 0.999950
0.000010 0.000010 0.000010 0.000010 0.000010 0.999950
0.000010 0.000010 0.000010 0.342897 0.000010 0.657063
0.000010 0.000010 0.000010 0.440725 0.000010 0.559235
0.068665 0.000010 0.000010 0.000010 0.000010 0.931295
0.000010 0.000010 0.000010 0.000010 0.000010 0.999950
0.000010 0.000010 0.000010 0.000010 0.000010 0.999950
0.000010 0.000010 0.000012 0.000010 0.000010 0.999948
0.000010 0.000010 0.000010 0.258919 0.000010 0.741041
0.252195 0.000010 0.000010 0.000010 0.000010 0.747765
0.000010 0.000010 0.000010 0.411266 0.000010 0.588694
0.000010 0.000010 0.989878 0.000010 0.010082 0.000010
0.064621 0.000010 0.000010 0.000010 0.000010 0.935339
0.107872 0.000010 0.000010 0.622579 0.000010 0.269519
0.000010 0.000010 0.000010 0.000010 0.000010 0.999950
0.000010 0.000010 0.000010 0.000010 0.000010 0.999950
0.000010 0.000010 0.000010 0.326609 0.000010 0.673351
0.000010 0.000010 0.000010 0.558923 0.000010 0.441037
0.000010 0.000010 0.000010 0.020140 0.000010 0.979820
0.092475 0.000010 0.000010 0.764526 0.000010 0.142969
0.000010 0.000010 0.000010 0.501852 0.000010 0.498108
0.000010 0.000010 0.000010 0.536934 0.000010 0.463026
0.109510 0.000010 0.000010 0.222419 0.000010 0.668040
0.040888 0.000010 0.000010 0.264762 0.001986 0.692344
0.000010 0.000010 0.000010 0.710262 0.000010 0.289698
0.000010 0.000010 0.000010 0.516821 0.000010 0.483139
0.000010 0.025371 0.000010 0.242221 0.000010 0.732378
0.000010 0.000010 0.015424 0.859621 0.006412 0.118522
0.000010 0.000010 0.030087 0.495215 0.000010 0.474668
0.000010 0.000010 0.043999 0.881157 0.007105 0.067720
0.000010 0.000010 0.000010 0.145820 0.000010 0.854140
0.000010 0.000010 0.000010 0.279062 0.016275 0.704632
0.000010 0.000010 0.000010 0.000010 0.000010 0.999950
0.000010 0.000010 0.000010 0.235018 0.000010 0.764942
0.000010 0.000010 0.000010 0.426164 0.000010 0.573796
0.029400 0.000010 0.000010 0.431723 0.000010 0.538846
0.000010 0.000010 0.000010 0.000010 0.000010 0.999950
0.000010 0.000010 0.000010 0.000010 0.000010 0.999950
0.055872 0.000010 0.020296 0.311741 0.000010 0.612071
0.000010 0.000010 0.000010 0.000010 0.013258 0.986702
0.000010 0.000010 0.000010 0.375128 0.000010 0.624832
0.000010 0.000010 0.000010 0.568198 0.000010 0.431762
0.000010 0.000010 0.000010 0.409995 0.000010 0.589965
0.000010 0.000010 0.000010 0.394047 0.000010 0.605913
0.000010 0.000010 0.000010 0.000010 0.999950 0.000010
0.052731 0.000010 0.060143 0.081178 0.000010 0.805929
0.000010 0.000010 0.000010 0.296951 0.000010 0.703009
0.000010 0.000010 0.000010 0.407170 0.000010 0.592790
0.066519 0.000010 0.000010 0.000010 0.000010 0.933441
0.190358 0.000010 0.050562 0.648760 0.004218 0.106092
0.000010 0.000010 0.000010 0.394606 0.000010 0.605354
0.000010 0.000010 0.000010 0.230331 0.000010 0.769629
0.000010 0.000010 0.000010 0.411702 0.000010 0.588258
0.000010 0.000010 0.000010 0.508248 0.000010 0.491712
0.048023 0.000010 0.078575 0.000010 0.000010 0.873372
0.000010 0.000010 0.000010 0.532394 0.000010 0.467566
0.000010 0.000010 0.000010 0.291283 0.000010 0.708677
0.083472 0.000010 0.000010 0.288063 0.000010 0.628435
0.000010 0.000010 0.040456 0.552333 0.000010 0.407181
0.000010 0.000010 0.000010 0.407013 0.000010 0.592947
0.999950 0.000010 0.000010 0.000010 0.000010 0.000010
0.828569 0.070410 0.000010 0.000010 0.017571 0.083430
0.872524 0.000010 0.113227 0.000010 0.000010 0.014219
0.735886 0.000010 0.143683 0.000010 0.000010 0.120401
0.999950 0.000010 0.000010 0.000010 0.000010 0.000010
0.999950 0.000010 0.000010 0.000010 0.000010 0.000010
0.930361 0.000010 0.031594 0.000010 0.000010 0.038015
0.999950 0.000010 0.000010 0.000010 0.000010 0.000010
0.687423 0.000010 0.190734 0.121813 0.000010 0.000010
0.857930 0.000010 0.063977 0.000010 0.000010 0.078063
0.958877 0.000010 0.000010 0.000010 0.000010 0.041083
0.755998 0.000010 0.243962 0.000010 0.000010 0.000010
0.938552 0.000010 0.000010 0.061408 0.000010 0.000010
0.999950 0.000010 0.000010 0.000010 0.000010 0.000010
0.999950 0.000010 0.000010 0.000010 0.000010 0.000010
0.000010 0.000010 0.000010 0.000010 0.999950 0.000010
0.784204 0.000010 0.140374 0.065382 0.000010 0.010020
0.986308 0.000010 0.000010 0.000010 0.013652 0.000010
0.820229 0.000010 0.000010 0.000010 0.000010 0.179731
0.917894 0.000010 0.000010 0.000010 0.037009 0.045066
0.548678 0.000010 0.353480 0.000010 0.000010 0.097811
0.999950 0.000010 0.000010 0.000010 0.000010 0.000010
0.999950 0.000010 0.000010 0.000010 0.000010 0.000010
0.988929 0.000010 0.000010 0.000010 0.011031 0.000010
0.978741 0.000010 0.000010 0.000010 0.000010 0.021219
0.999950 0.000010 0.000010 0.000010 0.000010 0.000010
0.999950 0.000010 0.000010 0.000010 0.000010 0.000010
0.984231 0.000010 0.000010 0.000010 0.015729 0.000010
0.994403 0.000010 0.000010 0.005557 0.000010 0.000010
0.844585 0.000010 0.152432 0.000010 0.002953 0.000010
0.933361 0.000010 0.000010 0.000010 0.000010 0.066599
0.989404 0.000010 0.000010 0.005179 0.005387 0.000010
0.917808 0.000010 0.000010 0.082152 0.000010 0.000010
0.877966 0.000010 0.121994 0.000010 0.000010 0.000010
0.992145 0.000010 0.007815 0.000010 0.000010 0.000010
0.000010 0.000010 0.000010 0.000010 0.999950 0.000010
0.917855 0.000010 0.000010 0.000010 0.000010 0.082105
0.873961 0.000010 0.062221 0.063788 0.000010 0.000010
0.000010 0.000010 0.000010 0.000010 0.999950 0.000010
0.999950 0.000010 0.000010 0.000010 0.000010 0.000010
0.999950 0.000010 0.000010 0.000010 0.000010 0.000010
0.999950 0.000010 0.000010 0.000010 0.000010 0.000010
0.716260 0.000010 0.283700 0.000010 0.000010 0.000010
0.999950 0.000010 0.000010 0.000010 0.000010 0.000010
0.999950 0.000010 0.000010 0.000010 0.000010 0.000010
0.999950 0.000010 0.000010 0.000010 0.000010 0.000010
0.000010 0.000010 0.000010 0.000010 0.999950 0.000010
0.999950 0.000010 0.000010 0.000010 0.000010 0.000010
0.712062 0.000010 0.056819 0.000010 0.032489 0.198610
0.999950 0.000010 0.000010 0.000010 0.000010 0.000010
0.999950 0.000010 0.000010 0.000010 0.000010 0.000010
0.999950 0.000010 0.000010 0.000010 0.000010 0.000010
0.000010 0.000010 0.020026 0.000010 0.000010 0.979934
