0.046841 0.829906 0.073171 0.000010 0.007264 0.000010 0.042799
0.000010 0.955973 0.043977 0.000010 0.000010 0.000010 0.000010
0.156949 0.843001 0.000010 0.000010 0.000010 0.000010 0.000010
0.000010 0.999940 0.000010 0.000010 0.000010 0.000010 0.000010
0.050880 0.931753 0.000010 0.000010 0.017327 0.000010 0.000010
0.270110 0.729840 0.000010 0.000010 0.000010 0.000010 0.000010
0.000010 0.999940 0.000010 0.000010 0.000010 0.000010 0.000010
0.000010 0.882850 0.047836 0.000010 0.000010 0.000010 0.069274
0.044377 0.864140 0.000010 0.000010 0.013637 0.077815 0.000010
0.000010 0.387205 0.000010 0.000010 0.000010 0.612745 0.000010
0.000010 0.735153 0.000010 0.000010 0.000010 0.264797 0.000010
0.000010 0.844612 0.155338 0.000010 0.000010 0.000010 0.000010
0.059424 0.940526 0.000010 0.000010 0.000010 0.000010 0.000010
0.081387 0.918563 0.000010 0.000010 0.000010 0.000010 0.000010
0.000010 0.999940 0.000010 0.000010 0.000010 0.000010 0.000010
0.000010 0.999940 0.000010 0.000010 0.000010 0.000010 0.000010
0.000010 0.999940 0.000010 0.000010 0.000010 0.000010 0.000010
0.000010 0.884344 0.115606 0.000010 0.000010 0.000010 0.000010
0.000010 0.878045 0.061313 0.000010 0.000010 0.050065 0.010547
0.000010 0.999940 0.000010 0.000010 0.000010 0.000010 0.000010
0.000010 0.999940 0.000010 0.000010 0.000010 0.000010 0.000010
0.000010 0.991117 0.000010 0.000010 0.008833 0.000010 0.000010
0.049649 0.950301 0.000010 0.000010 0.000010 0.000010 0.000010
0.000010 0.999940 0.000010 0.000010 0.000010 0.000010 0.000010
0.000010 0.999940 0.000010 0.000010 0.000010 0.000010 0.000010
0.000010 0.999940 0.000010 0.000010 0.000010 0.000010 0.000010
0.000010 0.968841 0.031109 0.000010 0.000010 0.000010 0.000010
0.624534 0.000625 0.000010 0.000010 0.000010 0.000010 0.374801
0.000010 0.727617 0.000010 0.000010 0.000010 0.272333 0.000010
0.000010 0.573814 0.000010 0.000010 0.000010 0.353227 0.072919
0.000010 0.000010 0.000010 0.000010 0.000010 0.999940 0.000010
0.000010 0.511869 0.000010 0.000010 0.000010 0.267567 0.220524
0.000010 0.532524 0.092979 0.000134 0.000010 0.374334 0.000010
0.058370 0.249745 0.000010 0.000010 0.000010 0.691845 0.000010
0.000010 0.000010 0.000010 0.000010 0.000010 0.999940 0.000010
0.077667 0.252236 0.000010 0.000010 0.000010 0.670057 0.000010
0.152586 0.706478 0.136885 0.000010 0.000010 0.004021 0.000010
0.000010 0.000010 0.000010 0.000010 0.000010 0.999940 0.000010
0.062499 0.464898 0.111145 0.000010 0.005172 0.356264 0.000010
0.292985 0.391676 0.022972 0.000010 0.000010 0.292337 0.000010
0.000010 0.646113 0.000010 0.000010 0.000010 0.243857 0.109989
0.177611 0.646534 0.000010 0.000010 0.000010 0.121793 0.054031
0.123548 0.738506 0.059862 0.000010 0.000010 0.078054 0.000010
0.000010 0.555054 0.056895 0.000010 0.034066 0.353955 0.000010
0.000010 0.000010 0.000010 0.095663 0.904287 0.000010 0.000010
0.000010 0.420862 0.080517 0.000010 0.014280 0.269519 0.214802
0.247394 0.449587 0.133786 0.000010 0.000010 0.169203 0.000010
0.000010 0.431164 0.360432 0.000010 0.000010 0.064714 0.143660
0.065264 0.293737 0.000010 0.000010 0.014599 0.458311 0.168068
0.000010 0.000010 0.000010 0.000010 0.999940 0.000010 0.000010
0.000010 0.629115 0.000010 0.000010 0.000010 0.340977 0.029868
0.076758 0.315459 0.397873 0.000010 0.000010 0.209879 0.000010
0.000010 0.000010 0.000010 0.000010 0.999940 0.000010 0.000010
0.241685 0.496146 0.000010 0.000010 0.049152 0.212988 0.000010
0.000010 0.000010 0.000010 0.000010 0.999940 0.000010 0.000010
0.000010 0.000010 0.000010 0.000010 0.999940 0.000010 0.000010
0.000010 0.582677 0.120275 0.000010 0.019885 0.087022 0.190120
0.000010 0.000010 0.000010 0.000010 0.999940 0.000010 0.000010
0.000010 0.000010 0.000010 0.000010 0.000010 0.999940 0.000010
0.000010 0.000010 0.000010 0.000010 0.999940 0.000010 0.000010
0.000010 0.000010 0.000010 0.000010 0.000010 0.999940 0.000010
0.000010 0.479288 0.034799 0.000010 0.000010 0.465785 0.020098
0.000010 0.603299 0.177344 0.000010 0.000010 0.125841 0.093486
0.089113 0.886968 0.023878 0.000010 0.000010 0.000010 0.000010
0.000010 0.398266 0.279897 0.000010 0.000010 0.321798 0.000010
0.000010 0.000010 0.000010 0.000010 0.000010 0.000010 0.999940
0.983750 0.000010 0.000010 0.000010 0.016200 0.000010 0.000010
0.670447 0.000010 0.000010 0.000010 0.000010 0.000010 0.329503
0.267630 0.097738 0.000010 0.000010 0.000010 0.000010 0.634592
0.000010 0.000010 0.000010 0.000010 0.000010 0.000010 0.999940
0.336015 0.055803 0.047915 0.019658 0.000010 0.000010 0.540589
0.000010 0.000010 0.000010 0.000010 0.000010 0.000010 0.999940
0.775942 0.000010 0.000010 0.000010 0.013446 0.000010 0.210573
0.000010 0.000010 0.000010 0.999940 0.000010 0.000010 0.000010
0.685604 0.000010 0.000010 0.014450 0.000010 0.000010 0.299906
0.170992 0.113108 0.000010 0.000010 0.000010 0.000010 0.715860
0.279173 0.000010 0.000010 0.000010 0.000010 0.000010 0.720777
0.824240 0.051763 0.000010 0.000010 0.000010 0.000010 0.123957
0.000010 0.000010 0.000010 0.000010 0.000010 0.000010 0.999940
0.353929 0.000010 0.000010 0.000010 0.000010 0.000010 0.646021
0.536015 0.000010 0.000010 0.000010 0.000010 0.000010 0.463935
0.070304 0.796415 0.133241 0.000010 0.000010 0.000010 0.000010
0.638602 0.291467 0.000010 0.000010 0.000010 0.000010 0.069891
0.000010 0.000010 0.000010 0.999940 0.000010 0.000010 0.000010
0.000010 0.000010 0.000010 0.000010 0.000010 0.000010 0.999940
0.000010 0.000010 0.000010 0.000010 0.000010 0.000010 0.999940
0.000010 0.000010 0.000010 0.000010 0.000010 0.000010 0.999940
0.439230 0.000010 0.000010 0.000010 0.000010 0.000010 0.560720
0.918493 0.000010 0.081457 0.000010 0.000010 0.000010 0.000010
0.000010 0.000010 0.000010 0.999940 0.000010 0.000010 0.000010
0.000010 0.000010 0.000010 0.000010 0.000010 0.000010 0.999940
0.000010 0.000010 0.097615 0.000010 0.000010 0.000010 0.902335
0.000010 0.000010 0.000010 0.999940 0.000010 0.000010 0.000010
0.287519 0.000010 0.000010 0.000010 0.000010 0.000010 0.712431
0.000010 0.000010 0.000010 0.999940 0.000010 0.000010 0.000010
0.000010 0.000010 0.000010 0.999940 0.000010 0.000010 0.000010
0.000010 0.000010 0.000010 0.841908 0.158042 0.000010 0.000010
0.350584 0.000010 0.000010 0.000010 0.000010 0.000010 0.649366
0.734038 0.076930 0.000010 0.000010 0.000010 0.000010 0.188992
0.000010 0.126656 0.715500 0.000010 0.000010 0.000010 0.157803
0.090691 0.000010 0.825595 0.000010 0.000010 0.000010 0.083674
0.000010 0.218791 0.781159 0.000010 0.000010 0.000010 0.000010
0.111189 0.000010 0.829206 0.000010 0.000010 0.059564 0.000010
0.000010 0.102565 0.737442 0.000010 0.037940 0.025197 0.096836
0.109149 0.000010 0.890801 0.000010 0.000010 0.000010 0.000010
0.183008 0.000010 0.000010 0.000010 0.000010 0.000010 0.816942
0.000010 0.000010 0.000010 0.999940 0.000010 0.000010 0.000010
0.387723 0.000010 0.000010 0.000010 0.000010 0.000010 0.612227
0.328277 0.076918 0.000010 0.000010 0.000010 0.000010 0.594764
0.324466 0.000010 0.000010 0.000010 0.000010 0.000010 0.675484
0.000010 0.000010 0.000010 0.999940 0.000010 0.000010 0.000010
0.686607 0.000010 0.000010 0.000010 0.000010 0.000010 0.313343
0.000010 0.000010 0.000010 0.000010 0.000010 0.000010 0.999940
0.394318 0.049118 0.000010 0.000010 0.000010 0.000010 0.556524
0.162420 0.000010 0.000010 0.000010 0.000010 0.000010 0.837530
0.369948 0.007816 0.178888 0.000010 0.000010 0.000010 0.443317
0.148762 0.000010 0.000010 0.000010 0.000010 0.000010 0.851188
0.470558 0.000010 0.000010 0.000010 0.000010 0.000010 0.529392
0.626371 0.094092 0.000010 0.000010 0.000010 0.000010 0.279497
0.606297 0.069588 0.000010 0.000010 0.000010 0.000010 0.324075
0.000010 0.000010 0.000010 0.999940 0.000010 0.000010 0.000010
0.000010 0.000010 0.049731 0.000010 0.000010 0.000010 0.950219
0.716731 0.073654 0.000010 0.000010 0.000010 0.000010 0.209574
0.763298 0.000010 0.000010 0.000010 0.000010 0.000010 0.236652
0.000010 0.000010 0.000010 0.000010 0.000010 0.000010 0.999940
0.487657 0.000010 0.039534 0.000010 0.000010 0.000010 0.472768
0.396740 0.093109 0.000010 0.000010 0.000010 0.000010 0.510111
0.051538 0.000010 0.166493 0.000010 0.022766 0.000010 0.759173
0.606665 0.000010 0.072716 0.000010 0.000010 0.000010 0.320579
0.000010 0.000010 0.000010 0.000010 0.000010 0.000010 0.999940
0.308692 0.000010 0.000010 0.000010 0.031727 0.000010 0.659541
0.246423 0.015939 0.017015 0.000010 0.000010 0.000010 0.720594
0.000010 0.000010 0.000010 0.000010 0.000010 0.000010 0.999940
0.000010 0.000010 0.000010 0.000010 0.000010 0.000010 0.999940
0.617047 0.090592 0.000010 0.000010 0.000010 0.000010 0.292320
0.513807 0.103235 0.000010 0.000010 0.000010 0.000010 0.382918
0.838194 0.000010 0.000010 0.000010 0.000010 0.000010 0.161756
0.000010 0.000010 0.000010 0.000010 0.000010 0.000010 0.999940
0.242724 0.000010 0.150279 0.000010 0.000010 0.000010 0.606957
0.000010 0.066653 0.000010 0.000010 0.000010 0.000010 0.933297
0.343394 0.000010 0.000010 0.000010 0.000010 0.000010 0.656556
0.000010 0.000010 0.000010 0.999940 0.000010 0.000010 0.000010
0.000010 0.000010 0.000010 0.999940 0.000010 0.000010 0.000010
0.531542 0.000010 0.000010 0.010474 0.000010 0.000010 0.457944
0.000010 0.000010 0.000010 0.999940 0.000010 0.000010 0.000010
0.694373 0.000010 0.000010 0.000010 0.000010 0.000010 0.305577
0.771400 0.000010 0.000010 0.000010 0.000010 0.000010 0.228550
0.000010 0.000010 0.000010 0.999940 0.000010 0.000010 0.000010
0.000010 0.000010 0.000010 0.999940 0.000010 0.000010 0.000010
0.590838 0.000010 0.000010 0.000010 0.000010 0.000010 0.409112
0.000010 0.000010 0.000010 0.999940 0.000010 0.000010 0.000010
0.000010 0.000010 0.000010 0.999940 0.000010 0.000010 0.000010
0.000010 0.000010 0.000010 0.999940 0.000010 0.000010 0.000010
0.000010 0.843314 0.000010 0.000010 0.014895 0.000010 0.141752
0.000010 0.999940 0.000010 0.000010 0.000010 0.000010 0.000010
0.000010 0.980175 0.019775 0.000010 0.000010 0.000010 0.000010
0.000010 0.999940 0.000010 0.000010 0.000010 0.000010 0.000010
0.000010 0.000010 0.000010 0.000010 0.999940 0.000010 0.000010
0.260807 0.000010 0.042681 0.000010 0.000010 0.000010 0.696473
0.170951 0.828999 0.000010 0.000010 0.000010 0.000010 0.000010
0.000010 0.973371 0.026579 0.000010 0.000010 0.000010 0.000010
0.000010 0.663108 0.190337 0.000010 0.000010 0.089596 0.056929
0.000010 0.970779 0.000010 0.029171 0.000010 0.000010 0.000010
0.052031 0.943704 0.000010 0.000010 0.004225 0.000010 0.000010
0.000010 0.999940 0.000010 0.000010 0.000010 0.000010 0.000010
0.000010 0.999940 0.000010 0.000010 0.000010 0.000010 0.000010
0.000010 0.877702 0.000010 0.000010 0.000010 0.000010 0.122248
0.000010 0.999940 0.000010 0.000010 0.000010 0.000010 0.000010
0.000010 0.999940 0.000010 0.000010 0.000010 0.000010 0.000010
0.000010 0.979360 0.000010 0.000010 0.020590 0.000010 0.000010
0.000010 0.869012 0.085242 0.000010 0.000010 0.045707 0.000010
0.000010 0.848417 0.000010 0.000010 0.000010 0.056386 0.095157
0.000010 0.981410 0.018540 0.000010 0.000010 0.000010 0.000010
0.000010 0.999940 0.000010 0.000010 0.000010 0.000010 0.000010
0.079187 0.918577 0.000010 0.000010 0.002196 0.000010 0.000010
0.100589 0.899361 0.000010 0.000010 0.000010 0.000010 0.000010
0.000010 0.815406 0.184544 0.000010 0.000010 0.000010 0.000010
0.000010 0.847328 0.152622 0.000010 0.000010 0.000010 0.000010
0.000010 0.999940 0.000010 0.000010 0.000010 0.000010 0.000010
0.006872 0.993078 0.000010 0.000010 0.000010 0.000010 0.000010
0.000010 0.000010 0.000010 0.086442 0.913508 0.000010 0.000010
0.101977 0.895491 0.000010 0.000010 0.000010 0.000010 0.002492
0.000010 0.922999 0.016627 0.000010 0.000010 0.000010 0.060334
0.000010 0.995057 0.000010 0.004893 0.000010 0.000010 0.000010
0.000010 0.000010 0.000010 0.009726 0.990224 0.000010 0.000010
0.000010 0.999940 0.000010 0.000010 0.000010 0.000010 0.000010
0.000010 0.000010 0.000010 0.000010 0.999940 0.000010 0.000010
0.000010 0.999940 0.000010 0.000010 0.000010 0.000010 0.000010
0.000010 0.999940 0.000010 0.000010 0.000010 0.000010 0.000010
0.000010 0.999940 0.000010 0.000010 0.000010 0.000010 0.000010
0.238050 0.634348 0.000010 0.000010 0.000010 0.127562 0.000010
0.000010 0.957230 0.042720 0.000010 0.000010 0.000010 0.000010
0.063100 0.706060 0.230800 0.000010 0.000010 0.000010 0.000010
0.000010 0.999940 0.000010 0.000010 0.000010 0.000010 0.000010
0.000010 0.999940 0.000010 0.000010 0.000010 0.000010 0.000010
0.113171 0.886779 0.000010 0.000010 0.000010 0.000010 0.000010
0.137461 0.761727 0.100772 0.000010 0.000010 0.000010 0.000010
0.000010 0.985828 0.000010 0.014122 0.000010 0.000010 0.000010
0.000010 0.846047 0.000010 0.000010 0.000010 0.000010 0.153903
0.000010 0.724490 0.219671 0.000010 0.000010 0.000010 0.055799
0.000010 0.000010 0.000010 0.000010 0.000010 0.000010 0.999940
0.469041 0.000010 0.055097 0.000010 0.020704 0.000010 0.455128
0.169506 0.000010 0.000010 0.000010 0.000010 0.000010 0.830444
0.777993 0.000010 0.000258 0.000010 0.000010 0.000010 0.221709
0.717615 0.052266 0.000010 0.000010 0.024400 0.000010 0.205689
0.618790 0.000010 0.000010 0.000010 0.000010 0.000010 0.381160
0.246404 0.287939 0.000010 0.000010 0.000010 0.000010 0.465617
0.527315 0.000010 0.026804 0.000010 0.000010 0.000010 0.445841
0.873193 0.000010 0.000010 0.000010 0.000010 0.000010 0.126757
0.506323 0.092261 0.000010 0.000010 0.000010 0.000010 0.401376
0.997321 0.000010 0.000010 0.000010 0.002629 0.000010 0.000010
0.204575 0.000010 0.000010 0.000010 0.000010 0.000010 0.795374
0.000010 0.000010 0.000010 0.000010 0.999940 0.000010 0.000010
0.999940 0.000010 0.000010 0.000010 0.000010 0.000010 0.000010
0.332427 0.065910 0.000010 0.000010 0.000010 0.000010 0.601623
0.334192 0.198813 0.000010 0.017744 0.000010 0.000010 0.449220
0.808169 0.054157 0.000010 0.000010 0.000010 0.000010 0.137634
0.654748 0.000010 0.087194 0.000010 0.000010 0.000010 0.258018
0.520176 0.000010 0.000010 0.000010 0.012734 0.000010 0.467050
0.406699 0.018391 0.000010 0.000010 0.000010 0.000010 0.574870
0.846120 0.000010 0.000010 0.000010 0.000010 0.000010 0.153830
0.537901 0.000010 0.000010 0.000010 0.000010 0.000010 0.462049
0.999940 0.000010 0.000010 0.000010 0.000010 0.000010 0.000010
0.999940 0.000010 0.000010 0.000010 0.000010 0.000010 0.000010
0.693461 0.000010 0.000010 0.000315 0.000010 0.000010 0.306184
0.696932 0.000010 0.000010 0.000010 0.000010 0.000010 0.303018
0.974812 0.000010 0.025138 0.000010 0.000010 0.000010 0.000010
0.999940 0.000010 0.000010 0.000010 0.000010 0.000010 0.000010
0.999940 0.000010 0.000010 0.000010 0.000010 0.000010 0.000010
0.939520 0.000010 0.000010 0.000010 0.000010 0.000010 0.060430
0.729037 0.000010 0.000010 0.000010 0.000010 0.000010 0.270913
0.763846 0.000010 0.236104 0.000010 0.000010 0.000010 0.000010
0.689702 0.000010 0.000010 0.000010 0.000010 0.000010 0.310248
0.000010 0.978353 0.000010 0.000010 0.021597 0.000010 0.000010
0.948501 0.000010 0.051449 0.000010 0.000010 0.000010 0.000010
0.314073 0.000010 0.106006 0.000010 0.000010 0.000010 0.579881
0.999940 0.000010 0.000010 0.000010 0.000010 0.000010 0.000010
0.999940 0.000010 0.000010 0.000010 0.000010 0.000010 0.000010
0.669091 0.000010 0.000010 0.000010 0.000010 0.000010 0.330859
0.497753 0.000010 0.000010 0.000010 0.000010 0.000010 0.502197
0.999940 0.000010 0.000010 0.000010 0.000010 0.000010 0.000010
0.307530 0.000010 0.088872 0.000010 0.000010 0.000010 0.603558
0.479498 0.000010 0.000010 0.000010 0.000010 0.000010 0.520452
0.463107 0.000010 0.000010 0.000010 0.000010 0.000010 0.536843
0.736912 0.000010 0.108584 0.000010 0.000010 0.000010 0.154464
0.669957 0.000010 0.063085 0.000010 0.008254 0.000010 0.258675
0.367217 0.000010 0.000010 0.000010 0.000010 0.000010 0.632733
0.562754 0.000010 0.000010 0.000010 0.000010 0.000010 0.437196
0.695360 0.059949 0.000010 0.000010 0.000010 0.000010 0.244651
0.000010 0.017723 0.000010 0.000010 0.022245 0.000010 0.959992
0.391467 0.030871 0.000010 0.000010 0.000010 0.000010 0.577622
0.086070 0.043490 0.000010 0.022509 0.000010 0.000010 0.847901
0.731344 0.000010 0.000010 0.000010 0.000010 0.000010 0.268606
0.741826 0.000010 0.000010 0.013855 0.000010 0.000010 0.244279
0.999940 0.000010 0.000010 0.000010 0.000010 0.000010 0.000010
0.927426 0.000010 0.000010 0.000010 0.000010 0.000010 0.072524
0.590145 0.000010 0.000010 0.000010 0.000010 0.000010 0.409805
0.565175 0.000010 0.029667 0.000010 0.000010 0.000010 0.405118
0.999940 0.000010 0.000010 0.000010 0.000010 0.000010 0.000010
0.999940 0.000010 0.000010 0.000010 0.000010 0.000010 0.000010
0.696487 0.075133 0.010520 0.000010 0.000010 0.000010 0.217830
0.970974 0.000010 0.000010 0.000010 0.028976 0.000010 0.000010
0.999940 0.000010 0.000010 0.000010 0.000010 0.000010 0.000010
0.477193 0.000010 0.000010 0.000010 0.000015 0.000010 0.522752
0.675165 0.004005 0.000010 0.000010 0.000010 0.000010 0.320791
0.662538 0.000010 0.000010 0.000010 0.000010 0.000010 0.337412
0.000010 0.000010 0.000010 0.999940 0.000010 0.000010 0.000010
0.810904 0.119227 0.042157 0.000010 0.000010 0.000010 0.027683
0.689563 0.000010 0.000010 0.000010 0.000010 0.000010 0.310387
0.523292 0.000010 0.000010 0.000010 0.000010 0.000010 0.476658
0.924154 0.000010 0.075796 0.000010 0.000010 0.000010 0.000010
0.150420 0.109219 0.127131 0.000010 0.023823 0.000010 0.589387
0.486595 0.000010 0.000010 0.000010 0.000010 0.000010 0.513355
0.749422 0.000010 0.000010 0.000010 0.000010 0.000010 0.250528
0.000010 0.000010 0.000010 0.000010 0.000010 0.000010 0.999940
0.000010 0.000010 0.000010 0.000010 0.000010 0.000010 0.999940
0.945467 0.046494 0.007999 0.000010 0.000010 0.000010 0.000010
0.483916 0.000010 0.000010 0.000010 0.000010 0.000010 0.516034
0.779909 0.000010 0.000010 0.000010 0.000010 0.000010 0.220041
0.974829 0.000010 0.025121 0.000010 0.000010 0.000010 0.000010
0.356281 0.021993 0.000010 0.005146 0.000010 0.000010 0.616550
0.552394 0.000010 0.000010 0.000010 0.000010 0.031124 0.416442
0.000010 0.000010 0.999940 0.000010 0.000010 0.000010 0.000010
0.109458 0.101445 0.758169 0.000010 0.030898 0.000010 0.000010
0.000010 0.134089 0.865861 0.000010 0.000010 0.000010 0.000010
0.123833 0.011463 0.758805 0.000010 0.000010 0.105869 0.000010
0.000010 0.000010 0.999940 0.000010 0.000010 0.000010 0.000010
0.000010 0.000010 0.999940 0.000010 0.000010 0.000010 0.000010
0.000010 0.000010 0.917937 0.000010 0.000010 0.082013 0.000010
0.000010 0.000010 0.999940 0.000010 0.000010 0.000010 0.000010
0.000010 0.142108 0.719536 0.000010 0.000010 0.020328 0.117998
0.065795 0.086571 0.847593 0.000010 0.000010 0.000010 0.000010
0.066548 0.000010 0.933402 0.000010 0.000010 0.000010 0.000010
0.000010 0.263142 0.736808 0.000010 0.000010 0.000010 0.000010
0.077405 0.000010 0.922545 0.000010 0.000010 0.000010 0.000010
0.000010 0.000010 0.999940 0.000010 0.000010 0.000010 0.000010
0.000010 0.000010 0.999940 0.000010 0.000010 0.000010 0.000010
0.000010 0.000010 0.000010 0.204128 0.795822 0.000010 0.000010
0.000010 0.153293 0.775183 0.000010 0.000010 0.000010 0.071484
0.000010 0.000010 0.986216 0.013734 0.000010 0.000010 0.000010
0.192042 0.000010 0.807908 0.000010 0.000010 0.000010 0.000010
0.041994 0.000010 0.918784 0.039182 0.000010 0.000010 0.000010
0.079122 0.402205 0.518633 0.000010 0.000010 0.000010 0.000010
0.000010 0.000010 0.999940 0.000010 0.000010 0.000010 0.000010
0.000010 0.000010 0.999940 0.000010 0.000010 0.000010 0.000010
0.000010 0.000010 0.985529 0.014421 0.000010 0.000010 0.000010
0.000010 0.000010 0.999940 0.000010 0.000010 0.000010 0.000010
0.000010 0.000010 0.999940 0.000010 0.000010 0.000010 0.000010
0.000010 0.000010 0.999940 0.000010 0.000010 0.000010 0.000010
0.000010 0.000010 0.981907 0.018043 0.000010 0.000010 0.000010
0.000010 0.000010 0.999940 0.000010 0.000010 0.000010 0.000010
0.000010 0.163773 0.831870 0.004317 0.000010 0.000010 0.000010
0.006913 0.000010 0.993037 0.000010 0.000010 0.000010 0.000010
0.032137 0.004784 0.950981 0.000010 0.012068 0.000010 0.000010
0.000010 0.000010 0.903761 0.000010 0.000010 0.000010 0.096189
0.000010 0.094088 0.905862 0.000010 0.000010 0.000010 0.000010
0.000010 0.066575 0.933375 0.000010 0.000010 0.000010 0.000010
0.000010 0.000010 0.000010 0.000010 0.999940 0.000010 0.000010
0.000010 0.000010 0.926612 0.000010 0.000010 0.000010 0.073338
0.000010 0.000010 0.911725 0.000010 0.010615 0.000010 0.077620
0.000010 0.000010 0.000010 0.000010 0.999940 0.000010 0.000010
0.000010 0.000010 0.999940 0.000010 0.000010 0.000010 0.000010
0.000010 0.000010 0.999940 0.000010 0.000010 0.000010 0.000010
0.000010 0.000010 0.999940 0.000010 0.000010 0.000010 0.000010
0.000010 0.304308 0.695642 0.000010 0.000010 0.000010 0.000010
0.000010 0.000010 0.999940 0.000010 0.000010 0.000010 0.000010
0.008613 0.000010 0.991337 0.000010 0.000010 0.000010 0.000010
0.000010 0.000010 0.999940 0.000010 0.000010 0.000010 0.000010
0.000010 0.000010 0.000010 0.164969 0.834981 0.000010 0.000010
0.000010 0.000010 0.997616 0.002334 0.000010 0.000010 0.000010
0.160823 0.081709 0.715232 0.000010 0.042206 0.000010 0.000010
0.000010 0.000010 0.999940 0.000010 0.000010 0.000010 0.000010
0.000010 0.000010 0.999940 0.000010 0.000010 0.000010 0.000010
0.000010 0.000010 0.999940 0.000010 0.000010 0.000010 0.000010
0.995922 0.004028 0.000010 0.000010 0.000010 0.000010 0.000010
