0.091896 0.615877 0.286231 0.005966 0.000010 0.000010 0.000010
0.008600 0.904997 0.086364 0.000010 0.000010 0.000010 0.000010
0.122193 0.877757 0.000010 0.000010 0.000010 0.000010 0.000010
0.000010 0.895124 0.104826 0.000010 0.000010 0.000010 0.000010
0.111420 0.818841 0.069698 0.000010 0.000010 0.000010 0.000010
0.184923 0.815027 0.000010 0.000010 0.000010 0.000010 0.000010
0.000010 0.999940 0.000010 0.000010 0.000010 0.000010 0.000010
0.000010 0.993028 0.000010 0.000010 0.006922 0.000010 0.000010
0.006735 0.993215 0.000010 0.000010 0.000010 0.000010 0.000010
0.000010 0.472511 0.000010 0.000010 0.000010 0.527439 0.000010
0.000010 0.824828 0.000010 0.000010 0.000010 0.175122 0.000010
0.000010 0.780085 0.219865 0.000010 0.000010 0.000010 0.000010
0.000010 0.758223 0.167860 0.000010 0.000010 0.000010 0.073877
0.001437 0.998513 0.000010 0.000010 0.000010 0.000010 0.000010
0.000010 0.999940 0.000010 0.000010 0.000010 0.000010 0.000010
0.029462 0.970488 0.000010 0.000010 0.000010 0.000010 0.000010
0.000010 0.887265 0.096573 0.016122 0.000010 0.000010 0.000010
0.000010 0.799242 0.200708 0.000010 0.000010 0.000010 0.000010
0.000010 0.999940 0.000010 0.000010 0.000010 0.000010 0.000010
0.000010 0.987139 0.000010 0.012811 0.000010 0.000010 0.000010
0.088332 0.905297 0.006332 0.000010 0.000010 0.000010 0.000010
0.000010 0.956043 0.000010 0.043907 0.000010 0.000010 0.000010
0.047934 0.940478 0.000010 0.000010 0.011547 0.000010 0.000010
0.000010 0.893932 0.000010 0.000010 0.000010 0.000010 0.106018
0.000010 0.905779 0.094171 0.000010 0.000010 0.000010 0.000010
0.000010 0.887090 0.112860 0.000010 0.000010 0.000010 0.000010
0.191362 0.705294 0.103304 0.000010 0.000010 0.000010 0.000010
0.515324 0.005336 0.026329 0.000010 0.002075 0.000010 0.450916
0.016662 0.964602 0.000010 0.000010 0.012444 0.000010 0.006262
0.000010 0.999940 0.000010 0.000010 0.000010 0.000010 0.000010
0.000010 0.999940 0.000010 0.000010 0.000010 0.000010 0.000010
0.132739 0.532227 0.202053 0.000010 0.022310 0.068595 0.042066
0.030896 0.728930 0.162842 0.000010 0.000010 0.077302 0.000010
0.000010 0.998902 0.001048 0.000010 0.000010 0.000010 0.000010
0.000010 0.000010 0.000010 0.000010 0.000010 0.999940 0.000010
0.000010 0.262971 0.000010 0.000010 0.000010 0.736979 0.000010
0.120809 0.779911 0.002428 0.000010 0.000010 0.096822 0.000010
0.000010 0.999940 0.000010 0.000010 0.000010 0.000010 0.000010
0.000010 0.890959 0.000010 0.024150 0.000010 0.000010 0.084851
0.124110 0.806058 0.000010 0.000010 0.000010 0.000010 0.069792
0.111991 0.887959 0.000010 0.000010 0.000010 0.000010 0.000010
0.000010 0.701251 0.000010 0.000010 0.000010 0.178421 0.120288
0.000010 0.759952 0.129673 0.000010 0.000010 0.000010 0.110335
0.164529 0.661849 0.000010 0.000010 0.000010 0.173582 0.000010
0.000010 0.000010 0.000010 0.899811 0.100139 0.000010 0.000010
0.000010 0.811439 0.000010 0.002994 0.000010 0.072815 0.112722
0.000010 0.766230 0.092066 0.000010 0.000010 0.000010 0.141664
0.177265 0.361010 0.348134 0.000010 0.000010 0.059815 0.053756
0.062996 0.749418 0.135690 0.000010 0.000010 0.051866 0.000010
0.000010 0.000010 0.000010 0.999940 0.000010 0.000010 0.000010
0.000010 0.739167 0.116180 0.000010 0.000010 0.000010 0.144613
0.124754 0.875196 0.000010 0.000010 0.000010 0.000010 0.000010
0.000010 0.000010 0.000010 0.999940 0.000010 0.000010 0.000010
0.117547 0.762484 0.000010 0.000010 0.000010 0.119928 0.000010
0.000010 0.000010 0.000010 0.999940 0.000010 0.000010 0.000010
0.000010 0.000010 0.000010 0.999940 0.000010 0.000010 0.000010
0.056807 0.653762 0.289391 0.000010 0.000010 0.000010 0.000010
0.000010 0.000010 0.000010 0.999940 0.000010 0.000010 0.000010
0.000010 0.000010 0.000010 0.000010 0.000010 0.999940 0.000010
0.000010 0.000010 0.000010 0.999940 0.000010 0.000010 0.000010
0.000010 0.000010 0.000010 0.000010 0.000010 0.999940 0.000010
0.000010 0.703678 0.296272 0.000010 0.000010 0.000010 0.000010
0.164943 0.719500 0.015049 0.000010 0.000010 0.100478 0.000010
0.162446 0.837504 0.000010 0.000010 0.000010 0.000010 0.000010
0.000010 0.763824 0.169998 0.000010 0.000010 0.066138 0.000010
0.293181 0.000010 0.000010 0.001707 0.000010 0.000010 0.705072
0.875693 0.048457 0.000010 0.000010 0.013796 0.000010 0.062025
0.291188 0.000010 0.000010 0.000010 0.000010 0.000010 0.708762
0.000010 0.000010 0.114718 0.000010 0.000010 0.000010 0.885232
0.214855 0.000010 0.000010 0.000010 0.000010 0.000010 0.785095
0.593866 0.000010 0.077513 0.000010 0.009840 0.000010 0.318750
0.725321 0.000010 0.000010 0.000010 0.000010 0.000010 0.274629
0.999940 0.000010 0.000010 0.000010 0.000010 0.000010 0.000010
0.000010 0.000010 0.000010 0.108563 0.891387 0.000010 0.000010
0.703604 0.000010 0.000010 0.000010 0.000010 0.000010 0.296346
0.000010 0.025290 0.000010 0.000010 0.000010 0.000010 0.974660
0.089505 0.122113 0.000010 0.000010 0.000010 0.000010 0.788342
0.626113 0.000010 0.068756 0.000010 0.000010 0.000010 0.305091
0.652992 0.000010 0.083659 0.000010 0.000010 0.000010 0.263308
0.205925 0.000010 0.000010 0.000010 0.000010 0.000010 0.794025
0.999940 0.000010 0.000010 0.000010 0.000010 0.000010 0.000010
0.000010 0.999940 0.000010 0.000010 0.000010 0.000010 0.000010
0.000010 0.342117 0.000010 0.000010 0.000010 0.000010 0.657833
0.000010 0.000010 0.000010 0.000010 0.999940 0.000010 0.000010
0.000010 0.000010 0.000010 0.000010 0.000010 0.000010 0.999940
0.454331 0.000010 0.000010 0.000010 0.001246 0.000010 0.544382
0.467714 0.000010 0.000010 0.000010 0.000010 0.000010 0.532236
0.340161 0.000010 0.000010 0.000010 0.000010 0.000010 0.659789
0.649141 0.000010 0.071040 0.000010 0.017805 0.000010 0.261983
0.000010 0.000010 0.000010 0.000010 0.999940 0.000010 0.000010
0.423247 0.000010 0.064744 0.000010 0.000010 0.000010 0.511969
0.274574 0.000010 0.179089 0.000010 0.000010 0.000010 0.546297
0.000010 0.000010 0.000010 0.000010 0.999940 0.000010 0.000010
0.394772 0.000010 0.000010 0.000010 0.000010 0.000010 0.605178
0.000010 0.000010 0.000010 0.000010 0.999940 0.000010 0.000010
0.000010 0.000010 0.000010 0.000010 0.999940 0.000010 0.000010
0.000010 0.000010 0.000010 0.198780 0.801170 0.000010 0.000010
0.463974 0.000010 0.000010 0.000010 0.000010 0.000010 0.535976
0.665485 0.000010 0.000010 0.000010 0.000010 0.000010 0.334465
0.000010 0.166131 0.833819 0.000010 0.000010 0.000010 0.000010
0.082912 0.154921 0.757113 0.000010 0.000010 0.000010 0.005023
0.000010 0.293592 0.648307 0.000010 0.000010 0.000010 0.058061
0.055560 0.101330 0.843071 0.000010 0.000010 0.000010 0.000010
0.000010 0.105592 0.700637 0.055250 0.000010 0.000010 0.138492
0.061664 0.000010 0.938286 0.000010 0.000010 0.000010 0.000010
0.000010 0.000010 0.000010 0.000010 0.000010 0.000010 0.999940
0.000010 0.000010 0.000010 0.000010 0.999940 0.000010 0.000010
0.852784 0.000010 0.000010 0.000010 0.000010 0.000010 0.147166
0.253999 0.000010 0.037976 0.000010 0.000010 0.000010 0.707985
0.776540 0.000010 0.000010 0.000010 0.000010 0.000010 0.223410
0.000010 0.000010 0.000010 0.104097 0.895853 0.000010 0.000010
0.721004 0.000010 0.000010 0.000010 0.003638 0.000010 0.275318
0.999940 0.000010 0.000010 0.000010 0.000010 0.000010 0.000010
0.649926 0.016008 0.093017 0.000010 0.000010 0.000010 0.241019
0.999140 0.000010 0.000010 0.000010 0.000810 0.000010 0.000010
0.552171 0.000010 0.075279 0.000010 0.000010 0.000010 0.372510
0.934015 0.000010 0.000010 0.000010 0.000010 0.000010 0.065935
0.410625 0.000010 0.000011 0.000010 0.000010 0.000010 0.589324
0.999940 0.000010 0.000010 0.000010 0.000010 0.000010 0.000010
0.175151 0.095781 0.083558 0.000010 0.000010 0.000010 0.645480
0.000010 0.000010 0.000010 0.000010 0.999940 0.000010 0.000010
0.000010 0.000010 0.000010 0.000010 0.000010 0.000010 0.999940
0.632047 0.000010 0.000010 0.000011 0.000010 0.021398 0.346514
0.775283 0.000010 0.000010 0.000010 0.000010 0.000010 0.224667
0.118933 0.000010 0.000010 0.000010 0.000010 0.000010 0.881017
0.999940 0.000010 0.000010 0.000010 0.000010 0.000010 0.000010
0.418673 0.000010 0.000010 0.000010 0.007620 0.036034 0.537643
0.832768 0.000010 0.000010 0.000010 0.000010 0.000010 0.167182
0.497132 0.000010 0.000010 0.000010 0.000010 0.000010 0.502818
0.713329 0.000834 0.000010 0.000010 0.000010 0.000010 0.285796
0.804795 0.000010 0.000010 0.000010 0.000010 0.000010 0.195155
0.654702 0.000010 0.000010 0.000010 0.000010 0.000010 0.345248
0.000010 0.000010 0.000010 0.000010 0.000010 0.000010 0.999940
0.000010 0.000010 0.000010 0.000010 0.000010 0.000010 0.999940
0.395950 0.000010 0.000010 0.000010 0.000010 0.000010 0.604000
0.678651 0.107019 0.000010 0.000010 0.000010 0.000010 0.214290
0.319369 0.000010 0.000010 0.000010 0.000010 0.000010 0.680581
0.000010 0.000010 0.000010 0.000010 0.000010 0.000010 0.999940
0.000010 0.000010 0.091894 0.000010 0.000010 0.000010 0.908056
0.111113 0.000010 0.000010 0.000010 0.000010 0.000010 0.888837
0.904331 0.000010 0.000010 0.000010 0.000010 0.000010 0.095619
0.000010 0.000010 0.000010 0.000010 0.999940 0.000010 0.000010
0.000010 0.000010 0.000010 0.000010 0.999940 0.000010 0.000010
0.999940 0.000010 0.000010 0.000010 0.000010 0.000010 0.000010
0.000010 0.000010 0.000010 0.000010 0.999940 0.000010 0.000010
0.999940 0.000010 0.000010 0.000010 0.000010 0.000010 0.000010
0.877471 0.000010 0.000010 0.000010 0.000010 0.000010 0.122479
0.000010 0.000010 0.000010 0.000010 0.999940 0.000010 0.000010
0.000010 0.000010 0.000010 0.000020 0.999930 0.000010 0.000010
0.345568 0.000010 0.000010 0.000010 0.000010 0.000010 0.654382
0.000010 0.000010 0.000010 0.000010 0.999940 0.000010 0.000010
0.000010 0.000010 0.000010 0.000010 0.999940 0.000010 0.000010
0.000010 0.000010 0.000010 0.000010 0.999940 0.000010 0.000010
0.017944 0.876908 0.098580 0.000010 0.006538 0.000010 0.000010
0.000010 0.954580 0.000010 0.000010 0.000010 0.000010 0.045370
0.000010 0.999940 0.000010 0.000010 0.000010 0.000010 0.000010
0.000010 0.999940 0.000010 0.000010 0.000010 0.000010 0.000010
0.000012 0.000010 0.000010 0.977235 0.022713 0.000010 0.000010
0.268987 0.000010 0.000010 0.000010 0.000010 0.000010 0.730963
0.057546 0.942404 0.000010 0.000010 0.000010 0.000010 0.000010
0.000010 0.984303 0.000010 0.015647 0.000010 0.000010 0.000010
0.000010 0.921514 0.060343 0.018102 0.000010 0.000010 0.000010
0.070403 0.901577 0.000010 0.027980 0.000010 0.000010 0.000010
0.000010 0.858844 0.000010 0.000010 0.000010 0.000010 0.141106
0.000010 0.960409 0.000010 0.000010 0.007165 0.000010 0.032386
0.000010 0.999680 0.000010 0.000010 0.000270 0.000010 0.000010
0.030026 0.856532 0.113402 0.000010 0.000010 0.000010 0.000010
0.000010 0.949967 0.049983 0.000010 0.000010 0.000010 0.000010
0.000010 0.888845 0.016729 0.015154 0.000010 0.000010 0.079242
0.000306 0.848100 0.129663 0.000010 0.021902 0.000010 0.000010
0.012842 0.870808 0.115016 0.001304 0.000010 0.000010 0.000010
0.103770 0.896180 0.000010 0.000010 0.000010 0.000010 0.000010
0.096607 0.903343 0.000010 0.000010 0.000010 0.000010 0.000010
0.000010 0.999940 0.000010 0.000010 0.000010 0.000010 0.000010
0.087332 0.912618 0.000010 0.000010 0.000010 0.000010 0.000010
0.036928 0.963022 0.000010 0.000010 0.000010 0.000010 0.000010
0.031376 0.711747 0.186132 0.000010 0.000010 0.000010 0.070715
0.000010 0.801001 0.198949 0.000010 0.000010 0.000010 0.000010
0.000010 0.977025 0.000010 0.022925 0.000010 0.000010 0.000010
0.000010 0.853583 0.000010 0.016187 0.000010 0.000010 0.130190
0.000010 0.000010 0.000010 0.999940 0.000010 0.000010 0.000010
0.083566 0.916384 0.000010 0.000010 0.000010 0.000010 0.000010
0.000010 0.880329 0.035417 0.006483 0.000010 0.000010 0.077741
0.000010 0.977792 0.000010 0.000010 0.000010 0.000010 0.022158
0.000010 0.000010 0.000010 0.999940 0.000010 0.000010 0.000010
0.000010 0.999940 0.000010 0.000010 0.000010 0.000010 0.000010
0.000010 0.000010 0.000010 0.999940 0.000010 0.000010 0.000010
0.000010 0.947397 0.045189 0.000010 0.000010 0.000010 0.007374
0.000010 0.958566 0.000010 0.000010 0.000010 0.000010 0.041384
0.000010 0.959795 0.040155 0.000010 0.000010 0.000010 0.000010
0.083970 0.915980 0.000010 0.000010 0.000010 0.000010 0.000010
0.000010 0.910710 0.089240 0.000010 0.000010 0.000010 0.000010
0.000010 0.760536 0.000010 0.000010 0.000010 0.000010 0.239414
0.000010 0.881027 0.118923 0.000010 0.000010 0.000010 0.000010
0.092584 0.907366 0.000010 0.000010 0.000010 0.000010 0.000010
0.000010 0.881476 0.000010 0.000010 0.000010 0.000010 0.118474
0.296356 0.665419 0.038185 0.000010 0.000010 0.000010 0.000010
0.000010 0.999940 0.000010 0.000010 0.000010 0.000010 0.000010
0.000010 0.741747 0.258203 0.000010 0.000010 0.000010 0.000010
0.104979 0.799797 0.078886 0.016308 0.000010 0.000010 0.000010
0.732684 0.000010 0.000010 0.000010 0.000010 0.000010 0.267266
0.295079 0.000010 0.047115 0.000010 0.000010 0.000010 0.657765
0.681430 0.000010 0.000010 0.000010 0.000010 0.000010 0.318520
0.359704 0.018537 0.019457 0.014728 0.000010 0.000010 0.587553
0.822123 0.063006 0.000010 0.000010 0.000010 0.000010 0.114832
0.999940 0.000010 0.000010 0.000010 0.000010 0.000010 0.000010
0.529356 0.000010 0.052152 0.000010 0.005718 0.000010 0.412744
0.402772 0.094361 0.000010 0.000010 0.000010 0.025111 0.477726
0.000010 0.000010 0.000010 0.000010 0.000010 0.000010 0.999940
0.605850 0.000010 0.063703 0.000010 0.000010 0.000010 0.330407
0.295501 0.000010 0.000010 0.000010 0.000010 0.000010 0.704449
0.607976 0.000010 0.040702 0.000010 0.000010 0.000010 0.351282
0.000010 0.000010 0.000010 0.788004 0.211946 0.000010 0.000010
0.675752 0.000010 0.000010 0.000010 0.000010 0.000010 0.324198
0.772144 0.095698 0.000010 0.000010 0.000010 0.000010 0.132119
0.851390 0.000010 0.000010 0.000010 0.007023 0.000010 0.141547
0.675073 0.062953 0.000010 0.000010 0.000010 0.000010 0.261934
0.000010 0.000010 0.184888 0.000010 0.000010 0.000010 0.815062
0.865279 0.000010 0.000010 0.000010 0.000010 0.000010 0.134671
0.061418 0.000010 0.030715 0.000010 0.000010 0.000010 0.907827
0.414955 0.000010 0.000010 0.000010 0.000010 0.000010 0.584995
0.804328 0.000010 0.000010 0.000010 0.000010 0.000010 0.195622
0.180768 0.000010 0.000010 0.000010 0.000010 0.000010 0.819182
0.713966 0.141929 0.000010 0.000010 0.000010 0.000010 0.144065
0.644065 0.000010 0.000010 0.000010 0.000010 0.000010 0.355885
0.804651 0.000010 0.000010 0.000010 0.000010 0.000010 0.195299
0.000010 0.118336 0.000010 0.000010 0.000010 0.000010 0.881614
0.581441 0.000010 0.000010 0.000010 0.000010 0.000010 0.418509
0.124659 0.000010 0.000010 0.000010 0.000010 0.000010 0.875291
0.000010 0.000010 0.134577 0.000010 0.000010 0.000010 0.865373
0.757061 0.101544 0.000010 0.000010 0.000010 0.000010 0.141355
0.619048 0.000010 0.085319 0.000010 0.000010 0.000010 0.295593
0.999940 0.000010 0.000010 0.000010 0.000010 0.000010 0.000010
0.000010 0.982573 0.000010 0.006805 0.000010 0.000010 0.010582
0.877201 0.000010 0.122749 0.000010 0.000010 0.000010 0.000010
0.512303 0.000010 0.000010 0.000010 0.009357 0.000010 0.478300
0.606970 0.000010 0.030954 0.000437 0.000010 0.000010 0.361610
0.965806 0.000010 0.034144 0.000010 0.000010 0.000010 0.000010
0.999940 0.000010 0.000010 0.000010 0.000010 0.000010 0.000010
0.815220 0.000010 0.000010 0.000010 0.000010 0.000010 0.184730
0.416096 0.037809 0.000010 0.000010 0.000010 0.000010 0.546055
0.827463 0.102930 0.069567 0.000010 0.000010 0.000010 0.000010
0.999940 0.000010 0.000010 0.000010 0.000010 0.000010 0.000010
0.000010 0.000010 0.000010 0.000010 0.000010 0.000010 0.999940
0.929473 0.000010 0.069474 0.000010 0.000010 0.000010 0.001013
0.274733 0.000010 0.000010 0.000010 0.000010 0.000010 0.725217
0.898676 0.095202 0.000010 0.000010 0.000010 0.000010 0.006082
0.470404 0.000010 0.081308 0.000010 0.023941 0.000010 0.424317
0.504758 0.088568 0.000010 0.000010 0.000010 0.000010 0.406634
0.505524 0.000010 0.006578 0.000010 0.000010 0.000010 0.487858
0.000010 0.061873 0.000010 0.000010 0.000010 0.000010 0.938077
0.328240 0.070313 0.038047 0.000010 0.000010 0.000010 0.563371
0.521072 0.000010 0.000010 0.000010 0.000010 0.000010 0.478878
0.903636 0.096314 0.000010 0.000010 0.000010 0.000010 0.000010
0.673493 0.000010 0.000010 0.000010 0.000010 0.000010 0.326457
0.521154 0.013265 0.000010 0.000010 0.000010 0.000010 0.465542
0.584509 0.000010 0.000010 0.000010 0.000010 0.000010 0.415441
0.999940 0.000010 0.000010 0.000010 0.000010 0.000010 0.000010
0.575277 0.074146 0.009910 0.000010 0.000010 0.000010 0.340637
0.000010 0.000010 0.000010 0.000010 0.000010 0.000010 0.999940
0.912620 0.000010 0.000010 0.000010 0.000010 0.087330 0.000010
0.000010 0.000010 0.000010 0.000010 0.000010 0.000010 0.999940
0.588077 0.000010 0.062207 0.000010 0.000010 0.000010 0.349676
0.999940 0.000010 0.000010 0.000010 0.000010 0.000010 0.000010
0.584701 0.000010 0.000010 0.000010 0.000010 0.000010 0.415249
0.999940 0.000010 0.000010 0.000010 0.000010 0.000010 0.000010
0.000010 0.000010 0.000010 0.000010 0.999940 0.000010 0.000010
0.741992 0.013685 0.000010 0.000010 0.000010 0.000010 0.244283
0.999940 0.000010 0.000010 0.000010 0.000010 0.000010 0.000010
0.000010 0.000010 0.000010 0.000010 0.000010 0.000010 0.999940
0.679766 0.000010 0.000010 0.000019 0.017923 0.000010 0.302262
0.969510 0.030440 0.000010 0.000010 0.000010 0.000010 0.000010
0.911856 0.000010 0.000010 0.000010 0.000010 0.000010 0.088094
0.313935 0.000010 0.000010 0.000010 0.000010 0.000010 0.686015
0.000010 0.000010 0.000010 0.000010 0.000010 0.000010 0.999940
0.000010 0.000010 0.000010 0.000010 0.000010 0.000010 0.999940
0.999940 0.000010 0.000010 0.000010 0.000010 0.000010 0.000010
0.666135 0.119692 0.000010 0.000010 0.000010 0.000010 0.214133
0.640895 0.000010 0.000010 0.000010 0.003530 0.000010 0.355535
0.509263 0.000010 0.074662 0.000010 0.000010 0.000010 0.416035
0.541096 0.024177 0.000010 0.000010 0.000010 0.000010 0.434688
0.576573 0.000010 0.000010 0.000010 0.000010 0.000010 0.423377
0.000010 0.000010 0.999938 0.000010 0.000010 0.000012 0.000010
0.244377 0.000010 0.735966 0.019617 0.000010 0.000010 0.000010
0.016928 0.251809 0.731224 0.000010 0.000010 0.000010 0.000010
0.139097 0.429445 0.431418 0.000010 0.000010 0.000010 0.000010
0.000010 0.000010 0.936500 0.000010 0.000010 0.000010 0.063450
0.000010 0.000010 0.999940 0.000010 0.000010 0.000010 0.000010
0.034397 0.000010 0.865752 0.000010 0.000010 0.000010 0.099811
0.000010 0.000010 0.919781 0.000010 0.000010 0.000010 0.080169
0.000010 0.084212 0.915738 0.000010 0.000010 0.000010 0.000010
0.000010 0.103284 0.896666 0.000010 0.000010 0.000010 0.000010
0.000010 0.000010 0.999940 0.000010 0.000010 0.000010 0.000010
0.000010 0.140825 0.722564 0.000010 0.000010 0.000010 0.136571
0.143938 0.179479 0.676544 0.000010 0.000010 0.000010 0.000010
0.000010 0.000010 0.999940 0.000010 0.000010 0.000010 0.000010
0.000010 0.000010 0.999940 0.000010 0.000010 0.000010 0.000010
0.000010 0.000010 0.000010 0.783413 0.216537 0.000010 0.000010
0.051462 0.135656 0.812842 0.000010 0.000010 0.000010 0.000010
0.000010 0.000010 0.924720 0.000010 0.000010 0.000010 0.075230
0.003861 0.000010 0.862998 0.000010 0.000010 0.000010 0.133100
0.026369 0.000010 0.973581 0.000010 0.000010 0.000010 0.000010
0.000010 0.242750 0.683478 0.000010 0.000010 0.000010 0.073732
0.000010 0.175946 0.805816 0.000010 0.000010 0.000010 0.018198
0.000010 0.000010 0.900681 0.000010 0.000010 0.000010 0.099269
0.000010 0.000010 0.848597 0.000010 0.000010 0.000010 0.151353
0.000010 0.000010 0.999940 0.000010 0.000010 0.000010 0.000010
0.000010 0.000010 0.999940 0.000010 0.000010 0.000010 0.000010
0.000010 0.000010 0.994827 0.005123 0.000010 0.000010 0.000010
0.000010 0.000010 0.986488 0.013462 0.000010 0.000010 0.000010
0.000010 0.249710 0.750240 0.000010 0.000010 0.000010 0.000010
0.000010 0.000010 0.999940 0.000010 0.000010 0.000010 0.000010
0.000010 0.000010 0.999940 0.000010 0.000010 0.000010 0.000010
0.000010 0.000010 0.939526 0.000010 0.000010 0.000010 0.060424
0.000010 0.000010 0.999940 0.000010 0.000010 0.000010 0.000010
0.000010 0.000010 0.999940 0.000010 0.000010 0.000010 0.000010
0.000010 0.059470 0.940480 0.000010 0.000010 0.000010 0.000010
0.000010 0.000010 0.000010 0.754402 0.245548 0.000010 0.000010
0.000010 0.000010 0.999940 0.000010 0.000010 0.000010 0.000010
0.000010 0.000010 0.999940 0.000010 0.000010 0.000010 0.000010
0.000010 0.000010 0.000010 0.865185 0.134765 0.000010 0.000010
0.052570 0.124039 0.823351 0.000010 0.000010 0.000010 0.000010
0.000010 0.000010 0.877002 0.000010 0.000010 0.020491 0.102468
0.000010 0.000010 0.806353 0.000010 0.000010 0.000010 0.193597
0.000010 0.000010 0.999940 0.000010 0.000010 0.000010 0.000010
0.000010 0.000010 0.999940 0.000010 0.000010 0.000010 0.000010
0.131306 0.255696 0.612958 0.000010 0.000010 0.000010 0.000010
0.000010 0.000010 0.922606 0.000010 0.013873 0.063482 0.000010
0.000010 0.000010 0.000010 0.697272 0.302678 0.000010 0.000010
0.000010 0.000010 0.999940 0.000010 0.000010 0.000010 0.000010
0.000010 0.180531 0.819419 0.000010 0.000010 0.000010 0.000010
0.000010 0.000010 0.999940 0.000010 0.000010 0.000010 0.000010
0.000010 0.000010 0.999940 0.000010 0.000010 0.000010 0.000010
0.000010 0.000010 0.999940 0.000010 0.000010 0.000010 0.000010
0.911324 0.088626 0.000010 0.000010 0.000010 0.000010 0.000010
