0.281951 0.000010 0.629803 0.088217 0.000010 0.000010
0.082472 0.000010 0.896989 0.000010 0.000010 0.020510
0.000010 0.000010 0.852170 0.000010 0.000010 0.147790
0.113832 0.000010 0.886128 0.000010 0.000010 0.000010
0.090833 0.000010 0.825321 0.000010 0.000010 0.083816
0.000010 0.000010 0.847075 0.000010 0.000010 0.152885
0.000010 0.000010 0.999950 0.000010 0.000010 0.000010
0.000010 0.000010 0.999120 0.000010 0.000840 0.000010
0.000010 0.000010 0.993245 0.000010 0.000010 0.006715
0.000010 0.999950 0.000010 0.000010 0.000010 0.000010
0.000010 0.999950 0.000010 0.000010 0.000010 0.000010
0.221001 0.000010 0.778959 0.000010 0.000010 0.000010
0.173883 0.000010 0.737693 0.000010 0.000010 0.088394
0.000010 0.000010 0.939113 0.000010 0.000010 0.060847
0.000010 0.000010 0.999950 0.000010 0.000010 0.000010
0.000010 0.000010 0.869375 0.130585 0.000010 0.000010
0.106291 0.000010 0.883699 0.000010 0.009980 0.000010
0.208876 0.000010 0.791084 0.000010 0.000010 0.000010
0.000010 0.000010 0.999950 0.000010 0.000010 0.000010
0.000010 0.000010 0.989994 0.000010 0.009966 0.000010
0.071173 0.000010 0.863338 0.065459 0.000010 0.000010
0.000010 0.000010 0.959209 0.000010 0.040751 0.000010
0.000010 0.000010 0.938183 0.000010 0.012341 0.049446
0.000010 0.000010 0.946965 0.052995 0.000010 0.000010
0.093022 0.000010 0.906938 0.000010 0.000010 0.000010
0.086375 0.000010 0.882053 0.031543 0.000010 0.000010
0.124425 0.000010 0.683946 0.173450 0.000010 0.018158
0.000010 0.000010 0.000010 0.797537 0.012378 0.190055
0.000010 0.000010 0.911484 0.088476 0.000010 0.000010
0.000010 0.000010 0.999950 0.000010 0.000010 0.000010
0.000010 0.000010 0.999950 0.000010 0.000010 0.000010
0.144083 0.000010 0.706277 0.085702 0.005684 0.058245
0.157210 0.000010 0.822192 0.000010 0.000010 0.020568
0.024775 0.000010 0.975185 0.000010 0.000010 0.000010
0.000010 0.999950 0.000010 0.000010 0.000010 0.000010
0.000010 0.576454 0.423506 0.000010 0.000010 0.000010
0.047259 0.000010 0.823088 0.000010 0.000010 0.129623
0.000010 0.000010 0.999950 0.000010 0.000010 0.000010
0.000010 0.000010 0.899672 0.082133 0.018165 0.000010
0.000010 0.000010 0.792412 0.000010 0.000010 0.207548
0.000010 0.000010 0.839954 0.000010 0.000010 0.160006
0.000010 0.090558 0.770802 0.138610 0.000010 0.000010
0.137671 0.000010 0.778908 0.083391 0.000010 0.000010
0.000010 0.000010 0.848935 0.000010 0.008323 0.142712
0.000010 0.000010 0.000010 0.000010 0.999950 0.000010
0.000010 0.074168 0.812106 0.112555 0.001151 0.000010
0.057467 0.000010 0.825332 0.117171 0.000010 0.000010
0.344324 0.000010 0.441038 0.214608 0.000010 0.000010
0.119742 0.025653 0.854574 0.000010 0.000010 0.000010
0.000010 0.000010 0.000010 0.000010 0.999950 0.000010
0.105058 0.000010 0.725545 0.169367 0.000010 0.000010
0.000010 0.000010 0.881314 0.013577 0.000010 0.105079
0.000010 0.000010 0.000010 0.000010 0.999950 0.000010
0.000010 0.000010 0.831234 0.000010 0.000010 0.168726
0.000010 0.000010 0.000010 0.000010 0.999950 0.000010
0.000010 0.000010 0.000010 0.000010 0.999950 0.000010
0.283895 0.000010 0.637981 0.000010 0.000010 0.078094
0.000010 0.000010 0.000010 0.000010 0.999950 0.000010
0.000010 0.999950 0.000010 0.000010 0.000010 0.000010
0.000010 0.000010 0.000010 0.000010 0.999950 0.000010
0.000010 0.998670 0.000010 0.001290 0.000010 0.000010
0.304529 0.000010 0.695431 0.000010 0.000010 0.000010
0.000010 0.000010 0.855995 0.143965 0.000010 0.000010
0.000010 0.000010 0.836714 0.000010 0.000010 0.163246
0.107552 0.000010 0.870551 0.000010 0.000010 0.021868
0.000010 0.000010 0.000010 0.999950 0.000010 0.000010
0.000010 0.000010 0.000010 0.247320 0.018892 0.733758
0.000010 0.000010 0.000010 0.766144 0.000010 0.233816
0.122872 0.000010 0.000010 0.877088 0.000010 0.000010
0.000010 0.000010 0.000010 0.806739 0.000010 0.193221
0.098042 0.000010 0.000010 0.200300 0.009344 0.692294
0.000010 0.000010 0.000010 0.999950 0.000010 0.000010
0.000010 0.000010 0.000010 0.247005 0.000010 0.752955
0.000010 0.000010 0.000010 0.000010 0.999950 0.000010
0.000010 0.000010 0.000010 0.204382 0.000010 0.795578
0.000010 0.000010 0.125343 0.799278 0.005908 0.069451
0.000010 0.000010 0.100949 0.380497 0.000010 0.518524
0.058307 0.000010 0.000010 0.200627 0.000010 0.741035
0.019049 0.000010 0.000010 0.225288 0.000010 0.755633
0.000010 0.000010 0.000010 0.706920 0.000010 0.293040
0.000010 0.000010 0.000010 0.361928 0.000010 0.638032
0.000010 0.000010 0.999950 0.000010 0.000010 0.000010
0.000010 0.000010 0.379685 0.367707 0.000010 0.252579
0.000010 0.000010 0.000010 0.000010 0.999950 0.000010
0.000010 0.000010 0.000010 0.999950 0.000010 0.000010
0.000010 0.000010 0.000010 0.645656 0.000010 0.354304
0.000010 0.000010 0.000010 0.322910 0.000010 0.677050
0.000010 0.000010 0.000010 0.639818 0.000010 0.360142
0.054148 0.000010 0.000010 0.393994 0.011922 0.539916
0.000010 0.000010 0.000010 0.000010 0.999950 0.000010
0.068137 0.000010 0.000010 0.473576 0.000010 0.458257
0.170491 0.000010 0.000010 0.500320 0.000010 0.329158
0.000010 0.000010 0.000010 0.000010 0.999950 0.000010
0.000010 0.000010 0.004367 0.687959 0.000010 0.307645
0.000010 0.000010 0.000010 0.000010 0.999950 0.000010
0.000010 0.000010 0.000010 0.000010 0.999950 0.000010
0.000010 0.000010 0.000010 0.000010 0.999950 0.000010
0.000010 0.000010 0.000010 0.428530 0.000010 0.571430
0.000010 0.000010 0.000010 0.000010 0.000010 0.999950
0.856856 0.008330 0.134784 0.000010 0.000010 0.000010
0.786752 0.000010 0.097612 0.000010 0.000010 0.115606
0.630343 0.000010 0.282172 0.087455 0.000010 0.000010
0.817431 0.000010 0.123864 0.058674 0.000010 0.000010
0.693030 0.000010 0.104394 0.151784 0.050773 0.000010
0.897126 0.000010 0.000010 0.000010 0.000010 0.102834
0.000010 0.000010 0.000010 0.320406 0.000010 0.679554
0.000010 0.000010 0.000010 0.000010 0.999950 0.000010
0.000010 0.000010 0.000010 0.406285 0.000010 0.593675
0.000010 0.000010 0.000010 0.999950 0.000010 0.000010
0.000010 0.000010 0.000010 0.000010 0.000010 0.999950
0.000010 0.000010 0.000010 0.000010 0.999950 0.000010
0.000010 0.000010 0.000010 0.000010 0.000010 0.999950
0.000010 0.000010 0.000010 0.661870 0.000010 0.338090
0.138029 0.000010 0.000010 0.861931 0.000010 0.000010
0.000010 0.000010 0.000010 0.425865 0.012386 0.561719
0.090807 0.000010 0.000010 0.215292 0.000010 0.693871
0.000010 0.000010 0.000010 0.279170 0.000010 0.720790
0.000010 0.000010 0.000010 0.999950 0.000010 0.000010
0.000010 0.000010 0.000010 0.121387 0.009938 0.868645
0.000010 0.000010 0.145221 0.854739 0.000010 0.000010
0.000010 0.000010 0.000010 0.000010 0.999950 0.000010
0.000010 0.000010 0.000010 0.999950 0.000010 0.000010
0.000010 0.024651 0.000010 0.324138 0.000010 0.651181
0.000010 0.000010 0.000010 0.506827 0.000010 0.493133
0.000010 0.000010 0.000010 0.999950 0.000010 0.000010
0.000010 0.000010 0.000010 0.000010 0.000010 0.999950
0.000010 0.067511 0.000010 0.648500 0.004351 0.279618
0.000010 0.000010 0.000010 0.216287 0.000010 0.783673
0.000010 0.000010 0.000010 0.592175 0.000010 0.407785
0.000010 0.000010 0.000010 0.037264 0.000010 0.962696
0.000010 0.000010 0.000010 0.308220 0.000010 0.691740
0.000010 0.000010 0.000010 0.435425 0.000010 0.564535
0.000010 0.000010 0.000010 0.999950 0.000010 0.000010
0.000010 0.000010 0.000010 0.999950 0.000010 0.000010
0.000010 0.000010 0.000010 0.511428 0.000010 0.488532
0.000010 0.000010 0.116318 0.342191 0.000010 0.541460
0.000010 0.000010 0.000010 0.420541 0.000010 0.579419
0.000010 0.000010 0.000010 0.999950 0.000010 0.000010
0.101511 0.000010 0.000010 0.478142 0.000010 0.420316
0.000010 0.000010 0.000010 0.999950 0.000010 0.000010
0.000010 0.000010 0.000010 0.284409 0.000010 0.715551
0.000010 0.000010 0.000010 0.000010 0.999950 0.000010
0.000010 0.000010 0.000010 0.000010 0.999950 0.000010
0.000010 0.000010 0.000010 0.428147 0.000010 0.571813
0.000010 0.000010 0.000010 0.000010 0.999950 0.000010
0.000010 0.000010 0.000010 0.005482 0.000010 0.994478
0.000010 0.000010 0.000010 0.231458 0.000010 0.768502
0.000010 0.000010 0.000010 0.000010 0.999950 0.000010
0.000010 0.000010 0.000010 0.000010 0.999950 0.000010
0.000010 0.000010 0.000010 0.306815 0.000010 0.693145
0.000010 0.000010 0.000010 0.000010 0.999950 0.000010
0.000010 0.000010 0.000010 0.000010 0.999950 0.000010
0.000010 0.000010 0.000010 0.000010 0.999950 0.000010
0.121439 0.000010 0.860855 0.015537 0.002149 0.000010
0.000010 0.000010 0.912854 0.087106 0.000010 0.000010
0.000010 0.000010 0.999950 0.000010 0.000010 0.000010
0.000010 0.000010 0.999950 0.000010 0.000010 0.000010
0.000010 0.000010 0.000010 0.000010 0.999950 0.000010
0.000010 0.000010 0.000010 0.455086 0.000010 0.544874
0.000010 0.000010 0.888148 0.000010 0.000010 0.111812
0.000010 0.000010 0.992459 0.000010 0.007501 0.000010
0.047941 0.000010 0.938783 0.000010 0.013246 0.000010
0.000010 0.000010 0.954816 0.000010 0.000010 0.045144
0.000010 0.000010 0.875524 0.124436 0.000010 0.000010
0.000010 0.000010 0.985446 0.000010 0.000010 0.014514
0.000010 0.000010 0.999950 0.000010 0.000010 0.000010
0.100774 0.000010 0.829941 0.069255 0.000010 0.000010
0.046879 0.000010 0.933175 0.000010 0.000010 0.019916
0.033677 0.000010 0.889345 0.065003 0.011955 0.000010
0.127414 0.000010 0.846936 0.002925 0.022704 0.000010
0.103867 0.000010 0.859055 0.000010 0.000010 0.037049
0.000010 0.000010 0.898736 0.101224 0.000010 0.000010
0.000010 0.000010 0.893710 0.000010 0.000010 0.106250
0.000010 0.000010 0.999950 0.000010 0.000010 0.000010
0.000010 0.000010 0.924576 0.000010 0.000010 0.075384
0.000010 0.000010 0.924963 0.074997 0.000010 0.000010
0.198097 0.000010 0.679892 0.000010 0.000010 0.121980
0.205812 0.000010 0.794148 0.000010 0.000010 0.000010
0.000010 0.000010 0.999950 0.000010 0.000010 0.000010
0.000010 0.000010 0.868498 0.000010 0.010843 0.120629
0.000010 0.000010 0.000010 0.000010 0.999950 0.000010
0.000010 0.000010 0.929251 0.070709 0.000010 0.000010
0.056719 0.000010 0.898342 0.044910 0.000010 0.000010
0.000010 0.000010 0.981831 0.018129 0.000010 0.000010
0.000010 0.000010 0.000010 0.000010 0.999950 0.000010
0.000010 0.000010 0.999950 0.000010 0.000010 0.000010
0.000010 0.000010 0.000010 0.027941 0.972019 0.000010
0.044895 0.000010 0.955065 0.000010 0.000010 0.000010
0.000010 0.000010 0.950951 0.000010 0.000010 0.049009
0.000010 0.000010 0.957712 0.042248 0.000010 0.000010
0.000010 0.000010 0.845514 0.000010 0.000010 0.154446
0.095151 0.000010 0.904809 0.000010 0.000010 0.000010
0.000010 0.000010 0.778227 0.221733 0.000010 0.000010
0.118785 0.000010 0.881175 0.000010 0.000010 0.000010
0.000010 0.000010 0.957706 0.000010 0.000010 0.042254
0.000010 0.000010 0.889436 0.110524 0.000010 0.000010
0.063447 0.000010 0.678327 0.000010 0.000010 0.258196
0.000010 0.000010 0.999950 0.000010 0.000010 0.000010
0.257270 0.000010 0.740563 0.002138 0.000010 0.000010
0.073895 0.000010 0.727821 0.000010 0.007763 0.190500
0.000010 0.000010 0.000010 0.665903 0.000010 0.334057
0.030632 0.000010 0.000010 0.969328 0.000010 0.000010
0.000010 0.000010 0.000010 0.729555 0.000010 0.270405
0.041813 0.000010 0.000010 0.237750 0.005922 0.714494
0.000010 0.000010 0.000010 0.000010 0.000010 0.999950
0.000010 0.000010 0.000010 0.078310 0.000010 0.921650
0.053021 0.000010 0.000010 0.383245 0.006469 0.557246
0.000010 0.000010 0.138972 0.033668 0.000010 0.827330
0.000010 0.000010 0.000010 0.520492 0.000010 0.479468
0.064526 0.000010 0.000010 0.564616 0.000010 0.370827
0.000010 0.000010 0.000010 0.591685 0.000010 0.408275
0.026335 0.000010 0.000010 0.476793 0.000010 0.496842
0.000010 0.000010 0.000010 0.000010 0.999950 0.000010
0.000010 0.000010 0.000010 0.000010 0.000010 0.999950
0.000010 0.000010 0.077258 0.419324 0.000010 0.503387
0.000010 0.000010 0.000010 0.049907 0.010453 0.939610
0.000010 0.000010 0.003523 0.000010 0.000010 0.996437
0.140391 0.000010 0.000010 0.818549 0.000010 0.041030
0.000010 0.000010 0.000010 0.341122 0.000010 0.658838
0.000010 0.000010 0.005261 0.000010 0.000010 0.994699
0.000010 0.000010 0.000010 0.278223 0.003117 0.718629
0.000010 0.000010 0.000010 0.044915 0.000010 0.955045
0.000010 0.000010 0.000010 0.000010 0.000010 0.999950
0.000010 0.000010 0.000010 0.000010 0.000010 0.999950
0.000010 0.000010 0.000010 0.355184 0.000010 0.644776
0.000010 0.000010 0.000010 0.516213 0.000010 0.483747
0.000010 0.000010 0.000010 0.000010 0.000010 0.999950
0.000010 0.000010 0.000010 0.122823 0.000010 0.877137
0.000010 0.000010 0.000010 0.999950 0.000010 0.000010
0.101820 0.000010 0.000010 0.767907 0.000010 0.130243
0.000010 0.000010 0.068420 0.250170 0.000010 0.681380
0.095372 0.000010 0.000010 0.225966 0.000010 0.678632
0.000010 0.000010 0.000010 0.492551 0.000010 0.507409
0.000010 0.000010 0.999950 0.000010 0.000010 0.000010
0.068351 0.000010 0.000010 0.186992 0.000010 0.744627
0.000010 0.000010 0.000010 0.000010 0.000010 0.999950
0.000010 0.000010 0.000010 0.544501 0.000010 0.455459
0.000010 0.000010 0.000010 0.661561 0.000010 0.338399
0.000010 0.000010 0.000010 0.283502 0.000010 0.716458
0.000010 0.000010 0.000010 0.000010 0.000010 0.999950
0.000010 0.000010 0.013774 0.355878 0.000010 0.630318
0.061524 0.000010 0.106805 0.349353 0.000010 0.482298
0.000010 0.000010 0.000010 0.000010 0.000010 0.999950
0.000010 0.000010 0.000010 0.309704 0.000010 0.690256
0.034722 0.000010 0.000010 0.226768 0.000010 0.738479
0.000010 0.000010 0.000010 0.313301 0.000010 0.686659
0.000010 0.000010 0.021383 0.050797 0.000010 0.927790
0.024933 0.000010 0.000010 0.175136 0.017404 0.782507
0.000010 0.000010 0.066759 0.110207 0.000010 0.823003
0.000010 0.000010 0.000010 0.365119 0.000010 0.634841
0.000010 0.000010 0.068991 0.433395 0.000010 0.497585
0.000010 0.000010 0.116696 0.663066 0.000010 0.220208
0.000010 0.000010 0.000010 0.544476 0.000010 0.455484
0.000010 0.000010 0.082679 0.000010 0.000010 0.917281
0.000010 0.000010 0.000010 0.322664 0.000010 0.677296
0.000010 0.000010 0.024352 0.593192 0.000010 0.382426
0.000010 0.000010 0.000010 0.465007 0.000010 0.534953
0.000010 0.000010 0.000010 0.308909 0.000010 0.691051
0.018071 0.000010 0.068399 0.000010 0.000010 0.913500
0.016121 0.000010 0.000010 0.000010 0.000010 0.983839
0.008117 0.078554 0.000010 0.344671 0.000010 0.568638
0.000010 0.000010 0.000010 0.000010 0.000010 0.999950
0.065592 0.000010 0.000010 0.175432 0.000010 0.758946
0.051969 0.000010 0.000010 0.261784 0.000010 0.686217
0.000010 0.000010 0.000010 0.535803 0.000010 0.464157
0.000010 0.000010 0.000010 0.000010 0.000010 0.999950
0.000010 0.000010 0.000010 0.000010 0.999950 0.000010
0.000010 0.000010 0.008416 0.249098 0.000010 0.742456
0.000010 0.000010 0.000010 0.000010 0.000010 0.999950
0.000010 0.000010 0.000010 0.517539 0.000010 0.482421
0.000010 0.000010 0.000010 0.060141 0.009385 0.930444
0.061676 0.000010 0.000010 0.185100 0.000010 0.753194
0.000010 0.000010 0.000010 0.312449 0.000010 0.687511
0.008419 0.000010 0.000010 0.532814 0.000010 0.458737
0.000010 0.000010 0.000010 0.999950 0.000010 0.000010
0.000010 0.000010 0.000010 0.999950 0.000010 0.000010
0.000010 0.000010 0.014429 0.252539 0.000010 0.733002
0.000010 0.000010 0.123762 0.186019 0.000010 0.690189
0.000010 0.000010 0.000010 0.160630 0.000010 0.839330
0.071734 0.000010 0.000010 0.424625 0.000010 0.503611
0.000010 0.000010 0.023299 0.477711 0.000010 0.498961
0.029771 0.000010 0.000010 0.221321 0.000010 0.748878
0.999950 0.000010 0.000010 0.000010 0.000010 0.000010
0.765098 0.000010 0.000010 0.000010 0.019278 0.215593
0.736303 0.000010 0.230858 0.032809 0.000010 0.000010
0.453423 0.000010 0.423906 0.000010 0.000010 0.122641
0.958505 0.000010 0.000010 0.000010 0.000010 0.041455
0.999950 0.000010 0.000010 0.000010 0.000010 0.000010
0.832605 0.000010 0.000010 0.167355 0.000010 0.000010
0.887681 0.000010 0.000010 0.112279 0.000010 0.000010
0.930167 0.000010 0.066202 0.000010 0.000010 0.003601
0.907054 0.000010 0.092906 0.000010 0.000010 0.000010
0.999950 0.000010 0.000010 0.000010 0.000010 0.000010
0.714989 0.000010 0.130524 0.001033 0.000010 0.153433
0.658212 0.000010 0.162066 0.000010 0.000010 0.179692
0.999950 0.000010 0.000010 0.000010 0.000010 0.000010
0.999950 0.000010 0.000010 0.000010 0.000010 0.000010
0.000010 0.000010 0.000010 0.000010 0.999950 0.000010
0.812684 0.000010 0.107213 0.000010 0.000010 0.080073
0.919588 0.000010 0.000010 0.000010 0.000010 0.080372
0.831812 0.000010 0.000010 0.168148 0.000010 0.000010
0.914119 0.000010 0.000010 0.000010 0.000010 0.085841
0.733754 0.000010 0.265189 0.000010 0.000010 0.001027
0.815579 0.000010 0.184381 0.000010 0.000010 0.000010
0.903965 0.000010 0.000010 0.095995 0.000010 0.000010
0.877361 0.000010 0.000010 0.112296 0.000010 0.010313
0.999950 0.000010 0.000010 0.000010 0.000010 0.000010
0.999950 0.000010 0.000010 0.000010 0.000010 0.000010
0.994638 0.000010 0.000010 0.000010 0.005322 0.000010
0.996945 0.000010 0.000010 0.000010 0.003015 0.000010
0.772817 0.000010 0.227143 0.000010 0.000010 0.000010
0.999950 0.000010 0.000010 0.000010 0.000010 0.000010
0.999950 0.000010 0.000010 0.000010 0.000010 0.000010
0.867779 0.000010 0.000010 0.132181 0.000010 0.000010
0.999950 0.000010 0.000010 0.000010 0.000010 0.000010
0.999950 0.000010 0.000010 0.000010 0.000010 0.000010
0.994400 0.000010 0.005560 0.000010 0.000010 0.000010
0.000010 0.000010 0.000010 0.000010 0.999950 0.000010
0.960260 0.000010 0.000010 0.039700 0.000010 0.000010
0.999950 0.000010 0.000010 0.000010 0.000010 0.000010
0.000010 0.000010 0.000010 0.000010 0.999950 0.000010
0.846703 0.000010 0.126485 0.026782 0.000010 0.000010
0.901253 0.000010 0.000010 0.098707 0.000010 0.000010
0.799907 0.000010 0.000010 0.099919 0.000010 0.100144
0.921656 0.000010 0.000010 0.078304 0.000010 0.000010
0.999950 0.000010 0.000010 0.000010 0.000010 0.000010
0.597172 0.000010 0.247521 0.152758 0.002528 0.000010
0.962409 0.000010 0.029406 0.000010 0.008155 0.000010
0.000010 0.000010 0.000010 0.000010 0.999950 0.000010
0.999950 0.000010 0.000010 0.000010 0.000010 0.000010
0.854744 0.000010 0.145216 0.000010 0.000010 0.000010
0.999950 0.000010 0.000010 0.000010 0.000010 0.000010
0.999950 0.000010 0.000010 0.000010 0.000010 0.000010
0.999950 0.000010 0.000010 0.000010 0.000010 0.000010
0.000010 0.000010 0.040482 0.000010 0.000010 0.959478
