0.000010 0.000010 0.693502 0.084484 0.000010 0.166448 0.000010 0.010055 0.045460 0.000010
0.000010 0.296538 0.703382 0.000010 0.000010 0.000010 0.000010 0.000010 0.000010 0.000010
0.000010 0.000010 0.209556 0.607607 0.000010 0.000010 0.000010 0.000010 0.000010 0.182766
0.000010 0.000010 0.000010 0.999910 0.000010 0.000010 0.000010 0.000010 0.000010 0.000010
0.000010 0.000010 0.329174 0.578969 0.000010 0.000010 0.011387 0.040260 0.000010 0.040161
0.000010 0.000010 0.709726 0.000010 0.000010 0.000010 0.000013 0.000010 0.000010 0.290192
0.000010 0.000010 0.370947 0.628973 0.000010 0.000010 0.000010 0.000010 0.000010 0.000010
0.000010 0.000010 0.511301 0.350694 0.011565 0.000010 0.000010 0.126380 0.000010 0.000010
0.000010 0.000010 0.000010 0.912178 0.000010 0.000010 0.000010 0.087742 0.000010 0.000010
0.000010 0.000010 0.000010 0.000010 0.000010 0.000010 0.000010 0.000010 0.999910 0.000010
0.000010 0.000010 0.000010 0.000010 0.000010 0.000010 0.000010 0.000010 0.999910 0.000010
0.000010 0.000010 0.788931 0.061723 0.149275 0.000010 0.000010 0.000010 0.000010 0.000010
0.000010 0.000010 0.586043 0.329372 0.000010 0.000010 0.000010 0.000010 0.000010 0.084515
0.000010 0.000010 0.137065 0.794567 0.000010 0.000010 0.000010 0.000010 0.000010 0.068299
0.000010 0.000010 0.141165 0.858755 0.000010 0.000010 0.000010 0.000010 0.000010 0.000010
0.000010 0.000010 0.670508 0.327337 0.002085 0.000010 0.000010 0.000010 0.000010 0.000010
0.000010 0.000010 0.000010 0.999910 0.000010 0.000010 0.000010 0.000010 0.000010 0.000010
0.000010 0.000010 0.000010 0.910797 0.089123 0.000010 0.000010 0.000010 0.000010 0.000010
0.000010 0.000010 0.197692 0.634598 0.082562 0.000010 0.000010 0.000010 0.085087 0.000010
0.000010 0.000010 0.564871 0.432054 0.000010 0.000010 0.003005 0.000010 0.000010 0.000010
0.000010 0.000010 0.663434 0.336476 0.000010 0.000010 0.000010 0.000020 0.000010 0.000010
0.000010 0.035356 0.516923 0.434183 0.000010 0.000010 0.013478 0.000010 0.000010 0.000010
0.016270 0.000010 0.000010 0.955823 0.000010 0.000010 0.000010 0.027837 0.000010 0.000010
0.000010 0.059573 0.345119 0.504101 0.000010 0.018728 0.000010 0.000010 0.072430 0.000010
0.000010 0.000010 0.387771 0.612149 0.000010 0.000010 0.000010 0.000010 0.000010 0.000010
0.000010 0.000010 0.999910 0.000010 0.000010 0.000010 0.000010 0.000010 0.000010 0.000010
0.000010 0.000010 0.608081 0.300277 0.076424 0.015158 0.000010 0.000010 0.000010 0.000010
0.000010 0.000010 0.000010 0.000010 0.000010 0.078376 0.000010 0.554627 0.000010 0.366927
0.000010 0.418203 0.261907 0.109887 0.000010 0.000010 0.000010 0.067103 0.142851 0.000010
0.000010 0.598346 0.000010 0.401574 0.000010 0.000010 0.000010 0.000010 0.000010 0.000010
0.000010 0.000010 0.000010 0.000010 0.000010 0.000010 0.000010 0.000010 0.999910 0.000010
0.000010 0.598206 0.183964 0.000010 0.000010 0.000010 0.000010 0.217760 0.000010 0.000010
0.000010 0.999910 0.000010 0.000010 0.000010 0.000010 0.000010 0.000010 0.000010 0.000010
0.000010 0.000010 0.179843 0.000010 0.000010 0.000010 0.000010 0.000010 0.820077 0.000010
0.000010 0.000010 0.000010 0.000010 0.000010 0.000010 0.000010 0.000010 0.999910 0.000010
0.000010 0.000010 0.000010 0.217699 0.000010 0.000010 0.000010 0.000010 0.782221 0.000010
0.000010 0.373053 0.000010 0.579618 0.000010 0.000010 0.000010 0.000010 0.000010 0.047259
0.000010 0.000010 0.000010 0.000010 0.000010 0.000010 0.000010 0.000010 0.999910 0.000010
0.000010 0.277702 0.000010 0.355223 0.045876 0.000010 0.000010 0.000010 0.250220 0.070930
0.000010 0.642117 0.000010 0.104927 0.000010 0.000010 0.000010 0.125562 0.000010 0.127333
0.000010 0.625939 0.064844 0.293420 0.000010 0.000010 0.000010 0.000010 0.000010 0.015737
0.000010 0.678510 0.000010 0.073927 0.000010 0.000010 0.000010 0.195136 0.000010 0.052367
0.000010 0.671162 0.198685 0.000010 0.000010 0.000010 0.000010 0.000010 0.000010 0.130083
0.000010 0.723335 0.252527 0.000010 0.000010 0.000010 0.024068 0.000010 0.000010 0.000010
0.088830 0.000010 0.000010 0.000010 0.000010 0.000010 0.911090 0.000010 0.000010 0.000010
0.000010 0.718071 0.189670 0.000010 0.000010 0.092187 0.000010 0.000013 0.000010 0.000010
0.000010 0.548197 0.000010 0.273907 0.000010 0.000010 0.000010 0.000010 0.000010 0.177826
0.000010 0.278078 0.000010 0.377108 0.196184 0.148571 0.000010 0.000010 0.000010 0.000010
0.000010 0.578084 0.000010 0.000010 0.000010 0.000010 0.000010 0.225283 0.196563 0.000010
0.000010 0.000010 0.000010 0.000010 0.000010 0.000010 0.999910 0.000010 0.000010 0.000010
0.000010 0.641531 0.000010 0.262776 0.000010 0.000010 0.000010 0.000010 0.000010 0.095623
0.000010 0.572074 0.000010 0.000010 0.298789 0.000010 0.000010 0.000010 0.000010 0.129067
0.000010 0.000010 0.000010 0.000010 0.000010 0.000010 0.999910 0.000010 0.000010 0.000010
0.000010 0.441832 0.000010 0.236498 0.000010 0.153888 0.039073 0.000010 0.041618 0.087051
0.000010 0.000010 0.000010 0.000010 0.000010 0.000010 0.999910 0.000010 0.000010 0.000010
0.000010 0.000010 0.000010 0.000010 0.000010 0.000010 0.999910 0.000010 0.000010 0.000010
0.000010 0.383913 0.173242 0.239424 0.000010 0.126248 0.017137 0.000010 0.000010 0.059996
0.000010 0.000010 0.000010 0.000010 0.000010 0.000010 0.999910 0.000010 0.000010 0.000010
0.000010 0.999910 0.000010 0.000010 0.000010 0.000010 0.000010 0.000010 0.000010 0.000010
0.000010 0.000010 0.000010 0.000010 0.000010 0.000010 0.999910 0.000010 0.000010 0.000010
0.000010 0.999910 0.000010 0.000010 0.000010 0.000010 0.000010 0.000010 0.000010 0.000010
0.000010 0.784425 0.215495 0.000010 0.000010 0.000010 0.000010 0.000010 0.000010 0.000010
0.000010 0.651440 0.221938 0.047592 0.000010 0.078970 0.000010 0.000010 0.000010 0.000010
0.000010 0.337291 0.000010 0.500499 0.000010 0.000010 0.000010 0.000010 0.000010 0.162141
0.000010 0.878490 0.000010 0.000010 0.121430 0.000010 0.000010 0.000010 0.000010 0.000010
0.000010 0.000010 0.000010 0.000010 0.000010 0.689224 0.000010 0.310696 0.000010 0.000010
0.016112 0.000010 0.000010 0.000010 0.000010 0.008977 0.000010 0.280778 0.000010 0.694073
0.000010 0.017981 0.000010 0.000010 0.000010 0.299825 0.000010 0.190261 0.000010 0.491872
0.000010 0.037805 0.030075 0.060675 0.000010 0.396278 0.000010 0.299109 0.000010 0.176018
0.000010 0.000010 0.000010 0.000010 0.000010 0.999910 0.000010 0.000010 0.000010 0.000010
0.018474 0.000010 0.000010 0.056279 0.073484 0.579818 0.000010 0.271896 0.000010 0.000010
0.000010 0.000010 0.000010 0.000010 0.000010 0.000010 0.000010 0.999910 0.000010 0.000010
0.000010 0.000010 0.088647 0.000010 0.000010 0.175574 0.011833 0.151484 0.000010 0.572413
0.999910 0.000010 0.000010 0.000010 0.000010 0.000010 0.000010 0.000010 0.000010 0.000010
0.000010 0.000010 0.007372 0.000010 0.000010 0.188209 0.000010 0.178684 0.000010 0.625674
0.000010 0.000010 0.172414 0.000010 0.000010 0.351908 0.000010 0.475608 0.000010 0.000010
0.000010 0.000010 0.002865 0.000010 0.000010 0.415692 0.000010 0.329294 0.000010 0.252089
0.000010 0.000010 0.088942 0.000010 0.009829 0.043110 0.000010 0.000010 0.000010 0.858059
0.000010 0.000010 0.000010 0.000010 0.000010 0.720109 0.000010 0.279811 0.000010 0.000010
0.000010 0.000010 0.000010 0.000010 0.000010 0.680538 0.000010 0.000010 0.000010 0.319382
0.000010 0.000010 0.000010 0.000010 0.000010 0.000010 0.000010 0.000010 0.000010 0.999910
0.000010 0.000010 0.102078 0.687506 0.121473 0.000010 0.000010 0.088883 0.000010 0.000010
0.000010 0.000010 0.000010 0.366103 0.000010 0.045723 0.000010 0.000010 0.000010 0.588104
0.999910 0.000010 0.000010 0.000010 0.000010 0.000010 0.000010 0.000010 0.000010 0.000010
0.000010 0.000010 0.000010 0.000010 0.000010 0.999910 0.000010 0.000010 0.000010 0.000010
0.000010 0.000010 0.000010 0.000010 0.000010 0.999910 0.000010 0.000010 0.000010 0.000010
0.000010 0.000010 0.000010 0.000010 0.000010 0.999910 0.000010 0.000010 0.000010 0.000010
0.000010 0.000010 0.000010 0.000010 0.000010 0.303853 0.000010 0.222560 0.000010 0.473517
0.000010 0.000010 0.000010 0.008013 0.049469 0.000010 0.000010 0.000010 0.000010 0.942448
0.999910 0.000010 0.000010 0.000010 0.000010 0.000010 0.000010 0.000010 0.000010 0.000010
0.000010 0.000010 0.000010 0.000010 0.000010 0.999910 0.000010 0.000010 0.000010 0.000010
0.000010 0.000010 0.011169 0.000010 0.059239 0.504863 0.000010 0.424669 0.000010 0.000010
0.999910 0.000010 0.000010 0.000010 0.000010 0.000010 0.000010 0.000010 0.000010 0.000010
0.000010 0.000010 0.125624 0.000010 0.000010 0.574022 0.000010 0.000013 0.000010 0.300281
0.999910 0.000010 0.000010 0.000010 0.000010 0.000010 0.000010 0.000010 0.000010 0.000010
0.999910 0.000010 0.000010 0.000010 0.000010 0.000010 0.000010 0.000010 0.000010 0.000010
0.843383 0.000010 0.000010 0.000010 0.000010 0.000010 0.156537 0.000010 0.000010 0.000010
0.000010 0.000010 0.000010 0.000010 0.000010 0.494014 0.000010 0.505906 0.000010 0.000010
0.000010 0.000010 0.086526 0.000010 0.000010 0.163789 0.000010 0.000010 0.000010 0.749615
0.000010 0.070008 0.125071 0.000010 0.619857 0.140804 0.000010 0.000010 0.000010 0.044209
0.000010 0.000010 0.000010 0.000010 0.779426 0.000010 0.000010 0.220494 0.000010 0.000010
0.000010 0.000010 0.000010 0.284109 0.715811 0.000010 0.000010 0.000010 0.000010 0.000010
0.000010 0.066744 0.000010 0.000010 0.714877 0.000010 0.000010 0.000010 0.000010 0.218310
0.000010 0.000010 0.000010 0.148074 0.634623 0.059973 0.033563 0.123717 0.000010 0.000010
0.000010 0.000010 0.000010 0.000010 0.858821 0.000010 0.000010 0.000010 0.000010 0.141099
0.000010 0.000010 0.000010 0.000010 0.000010 0.524647 0.000010 0.164047 0.000010 0.311236
0.999910 0.000010 0.000010 0.000010 0.000010 0.000010 0.000010 0.000010 0.000010 0.000010
0.000010 0.000010 0.000010 0.000010 0.000010 0.423306 0.000010 0.197669 0.000010 0.378955
0.000010 0.000010 0.176717 0.000010 0.000010 0.624012 0.000010 0.027866 0.000010 0.171345
0.000010 0.000010 0.000010 0.000010 0.000010 0.197400 0.000010 0.663039 0.000010 0.139491
0.999910 0.000010 0.000010 0.000010 0.000010 0.000010 0.000010 0.000010 0.000010 0.000010
0.000010 0.000010 0.000010 0.000010 0.000010 0.307398 0.000010 0.000010 0.000010 0.692522
0.000010 0.000010 0.000010 0.000010 0.000010 0.058715 0.000010 0.941205 0.000010 0.000010
0.000010 0.000010 0.000010 0.050505 0.000010 0.382717 0.000010 0.493628 0.000010 0.073090
0.000012 0.000010 0.000010 0.000010 0.000010 0.182316 0.000010 0.817602 0.000010 0.000010
0.000010 0.000010 0.000010 0.000010 0.187341 0.222304 0.000010 0.590285 0.000010 0.000010
0.000010 0.000010 0.000010 0.000010 0.000010 0.705946 0.000010 0.293974 0.000010 0.000010
0.000010 0.000010 0.000010 0.000010 0.000010 0.323729 0.000010 0.240486 0.000010 0.435715
0.000010 0.000010 0.074880 0.015998 0.000010 0.000010 0.000010 0.648430 0.000010 0.260631
0.000010 0.000010 0.000010 0.115418 0.000010 0.124484 0.000010 0.125376 0.000010 0.634662
0.999910 0.000010 0.000010 0.000010 0.000010 0.000010 0.000010 0.000010 0.000010 0.000010
0.000010 0.000010 0.070705 0.000010 0.000010 0.929215 0.000010 0.000010 0.000010 0.000010
0.000010 0.044241 0.053070 0.000010 0.000010 0.000010 0.000010 0.333571 0.000010 0.569058
0.000010 0.000010 0.000010 0.000010 0.000010 0.000019 0.000010 0.238041 0.000010 0.761870
0.000010 0.000010 0.000010 0.000010 0.000010 0.846086 0.000010 0.153834 0.000010 0.000010
0.000010 0.000010 0.000010 0.000010 0.000010 0.000010 0.000010 0.999910 0.000010 0.000010
0.000010 0.186320 0.000010 0.000010 0.000010 0.080580 0.000010 0.501690 0.000010 0.231350
0.000010 0.000010 0.000010 0.000010 0.000010 0.000010 0.000010 0.999910 0.000010 0.000010
0.000010 0.000010 0.000010 0.000010 0.085464 0.468559 0.000010 0.000010 0.000010 0.445907
0.000010 0.000010 0.000010 0.000010 0.000010 0.206742 0.000010 0.470883 0.000010 0.322304
0.000010 0.000010 0.000010 0.000010 0.000010 0.000010 0.000010 0.999910 0.000010 0.000010
0.000010 0.000010 0.141780 0.000010 0.000010 0.325191 0.000010 0.494286 0.000010 0.038683
0.000010 0.000010 0.000010 0.000010 0.000010 0.999910 0.000010 0.000010 0.000010 0.000010
0.000010 0.000010 0.000010 0.000010 0.000010 0.909261 0.000010 0.090659 0.000010 0.000010
0.000010 0.000010 0.090720 0.038797 0.000010 0.000010 0.000010 0.072460 0.000010 0.797963
0.000010 0.040666 0.113314 0.000010 0.000010 0.291612 0.000010 0.075696 0.000010 0.478663
0.000010 0.000010 0.000010 0.000010 0.000010 0.000010 0.000010 0.000010 0.000010 0.999910
0.000010 0.000010 0.000010 0.000010 0.000010 0.999910 0.000010 0.000010 0.000010 0.000010
0.000010 0.000010 0.000010 0.000010 0.111076 0.771823 0.000010 0.000010 0.000010 0.117031
0.000010 0.063250 0.000010 0.000010 0.000010 0.774078 0.000010 0.162602 0.000010 0.000010
0.000010 0.000010 0.000010 0.000010 0.000010 0.259644 0.000010 0.243920 0.000010 0.496366
0.999910 0.000010 0.000010 0.000010 0.000010 0.000010 0.000010 0.000010 0.000010 0.000010
0.999910 0.000010 0.000010 0.000010 0.000010 0.000010 0.000010 0.000010 0.000010 0.000010
0.000010 0.000010 0.000010 0.000010 0.000010 0.175031 0.000010 0.237442 0.034782 0.552684
0.999910 0.000010 0.000010 0.000010 0.000010 0.000010 0.000010 0.000010 0.000010 0.000010
0.000010 0.000010 0.000010 0.000010 0.000010 0.160268 0.000010 0.413204 0.000010 0.426458
0.000010 0.000010 0.000010 0.000010 0.000010 0.333963 0.000010 0.045382 0.000010 0.620585
0.999910 0.000010 0.000010 0.000010 0.000010 0.000010 0.000010 0.000010 0.000010 0.000010
0.999910 0.000010 0.000010 0.000010 0.000010 0.000010 0.000010 0.000010 0.000010 0.000010
0.000010 0.000010 0.000010 0.000010 0.000010 0.000010 0.000010 0.700723 0.000010 0.299197
0.999910 0.000010 0.000010 0.000010 0.000010 0.000010 0.000010 0.000010 0.000010 0.000010
0.999910 0.000010 0.000010 0.000010 0.000010 0.000010 0.000010 0.000010 0.000010 0.000010
0.999910 0.000010 0.000010 0.000010 0.000010 0.000010 0.000010 0.000010 0.000010 0.000010
0.000010 0.000010 0.874799 0.000010 0.000010 0.000010 0.000010 0.125121 0.000010 0.000010
0.000010 0.000010 0.896609 0.000010 0.000010 0.000010 0.000010 0.103311 0.000010 0.000010
0.000010 0.066645 0.773594 0.068833 0.000010 0.090868 0.000010 0.000010 0.000010 0.000010
0.000010 0.000010 0.000010 0.999910 0.000010 0.000010 0.000010 0.000010 0.000010 0.000010
0.000010 0.000010 0.000010 0.000010 0.000010 0.000010 0.999910 0.000010 0.000010 0.000010
0.000010 0.000010 0.000010 0.000010 0.014239 0.418379 0.000010 0.253676 0.000010 0.313646
0.000010 0.000010 0.336491 0.524444 0.000010 0.000010 0.000010 0.138995 0.000010 0.000010
0.000010 0.000010 0.000010 0.999910 0.000010 0.000010 0.000010 0.000010 0.000010 0.000010
0.000010 0.153389 0.230167 0.401555 0.138892 0.000010 0.000010 0.075948 0.000010 0.000010
0.027778 0.000010 0.139785 0.832367 0.000010 0.000010 0.000010 0.000010 0.000010 0.000010
0.000010 0.228930 0.449515 0.290825 0.000010 0.000010 0.000010 0.000010 0.000010 0.030670
0.000010 0.000010 0.999910 0.000010 0.000010 0.000010 0.000010 0.000010 0.000010 0.000010
0.000010 0.000010 0.000010 0.999910 0.000010 0.000010 0.000010 0.000010 0.000010 0.000010
0.000010 0.000010 0.333712 0.527331 0.000010 0.138888 0.000010 0.000010 0.000010 0.000010
0.000010 0.000010 0.000010 0.999910 0.000010 0.000010 0.000010 0.000010 0.000010 0.000010
0.000010 0.000010 0.233127 0.766793 0.000010 0.000010 0.000010 0.000010 0.000010 0.000010
0.000010 0.000010 0.403894 0.578784 0.000010 0.000010 0.017252 0.000010 0.000010 0.000010
0.000010 0.103584 0.577403 0.229344 0.089609 0.000010 0.000010 0.000010 0.000010 0.000010
0.000010 0.000010 0.706300 0.000010 0.000010 0.000010 0.000010 0.219665 0.073965 0.000010
0.000010 0.000010 0.397621 0.491271 0.000010 0.000010 0.000010 0.000010 0.111038 0.000010
0.000010 0.000010 0.999910 0.000010 0.000010 0.000010 0.000010 0.000010 0.000010 0.000010
0.000010 0.000010 0.291289 0.588569 0.000010 0.000010 0.004372 0.115710 0.000010 0.000010
0.000010 0.000010 0.336823 0.450834 0.000010 0.000010 0.000010 0.000010 0.112570 0.099713
0.000010 0.000010 0.088738 0.745152 0.166040 0.000010 0.000010 0.000010 0.000010 0.000010
0.000010 0.000010 0.609060 0.273552 0.084712 0.000010 0.000010 0.032617 0.000010 0.000010
0.000010 0.000010 0.277445 0.707909 0.000010 0.000010 0.000010 0.000010 0.014576 0.000010
0.000010 0.000010 0.371853 0.628067 0.000010 0.000010 0.000010 0.000010 0.000010 0.000010
0.083706 0.000010 0.000010 0.000010 0.000010 0.000010 0.916214 0.000010 0.000010 0.000010
0.000010 0.000010 0.397964 0.476065 0.000010 0.000010 0.000010 0.037412 0.000010 0.088498
0.000010 0.006514 0.367436 0.530001 0.016307 0.000010 0.000010 0.079692 0.000010 0.000010
0.000010 0.000010 0.999910 0.000010 0.000010 0.000010 0.000010 0.000010 0.000010 0.000010
0.000013 0.000010 0.000010 0.000010 0.000010 0.000010 0.999907 0.000010 0.000010 0.000010
0.000010 0.000010 0.999910 0.000010 0.000010 0.000010 0.000010 0.000010 0.000010 0.000010
0.000010 0.000010 0.000010 0.000010 0.000010 0.000010 0.999910 0.000010 0.000010 0.000010
0.000010 0.000010 0.999910 0.000010 0.000010 0.000010 0.000010 0.000010 0.000010 0.000010
0.000010 0.000010 0.618604 0.381316 0.000010 0.000010 0.000010 0.000010 0.000010 0.000010
0.000010 0.133597 0.642117 0.224215 0.000010 0.000010 0.000010 0.000010 0.000010 0.000010
0.000010 0.193297 0.233239 0.358827 0.000010 0.000010 0.000010 0.000010 0.000010 0.214576
0.000010 0.000010 0.000010 0.999910 0.000010 0.000010 0.000010 0.000010 0.000010 0.000010
0.000010 0.000010 0.195205 0.511362 0.293363 0.000010 0.000010 0.000010 0.000010 0.000010
0.000010 0.000010 0.340002 0.659918 0.000010 0.000010 0.000010 0.000010 0.000010 0.000010
0.000010 0.000010 0.283885 0.515654 0.000010 0.000010 0.000010 0.173359 0.027043 0.000010
0.000010 0.000010 0.000010 0.999910 0.000010 0.000010 0.000010 0.000010 0.000010 0.000010
0.000010 0.158544 0.000010 0.605991 0.163374 0.000010 0.000010 0.000010 0.000010 0.072031
0.000010 0.000010 0.830896 0.000010 0.000010 0.000010 0.000010 0.169024 0.000010 0.000010
0.000010 0.045286 0.568411 0.234397 0.000010 0.000010 0.000010 0.000010 0.000010 0.151846
0.000010 0.111725 0.519619 0.162423 0.160567 0.000010 0.000010 0.045615 0.000010 0.000010
0.000010 0.000010 0.000010 0.000010 0.000010 0.570575 0.000010 0.429345 0.000010 0.000010
0.000010 0.000010 0.000010 0.043635 0.000010 0.489899 0.011241 0.000010 0.000010 0.455165
0.000010 0.000010 0.000010 0.000010 0.000010 0.472892 0.000010 0.472327 0.000010 0.054711
0.000010 0.000010 0.000010 0.000010 0.000010 0.159060 0.000010 0.093101 0.000010 0.747770
0.000010 0.000010 0.078802 0.000010 0.000010 0.075161 0.024242 0.048678 0.000010 0.773067
0.000010 0.000010 0.111370 0.000010 0.000010 0.093424 0.000010 0.255008 0.000010 0.540138
0.000010 0.000010 0.273471 0.080147 0.000010 0.035474 0.000010 0.420561 0.000010 0.190297
0.000010 0.000010 0.128586 0.000010 0.000010 0.256534 0.000010 0.407789 0.000010 0.207031
0.000010 0.000010 0.068230 0.000010 0.000010 0.074276 0.000010 0.257959 0.000010 0.599475
0.000010 0.059149 0.012104 0.051247 0.000010 0.537649 0.000010 0.149718 0.000010 0.190093
0.000010 0.000010 0.000010 0.000010 0.000010 0.000010 0.000010 0.318842 0.000010 0.681078
0.000010 0.063446 0.000010 0.000010 0.000010 0.431688 0.000010 0.258117 0.000010 0.246689
0.000010 0.000010 0.000010 0.000010 0.000010 0.000010 0.999910 0.000010 0.000010 0.000010
0.000010 0.000010 0.000010 0.000010 0.000010 0.018513 0.000010 0.453103 0.000010 0.528313
0.000010 0.000010 0.000010 0.024014 0.000010 0.564852 0.000010 0.105726 0.000010 0.305348
0.012780 0.000010 0.164564 0.059389 0.000010 0.422315 0.000010 0.000010 0.000010 0.340902
0.000010 0.000010 0.088898 0.000010 0.000010 0.193081 0.000010 0.000010 0.000010 0.717951
0.000010 0.000010 0.000010 0.054352 0.067009 0.399420 0.000010 0.239486 0.000010 0.239682
0.000010 0.000010 0.000010 0.000010 0.000010 0.226155 0.000010 0.461838 0.000010 0.311937
0.000010 0.000010 0.105529 0.000010 0.000010 0.402117 0.000010 0.144351 0.000010 0.347943
0.000010 0.000010 0.000010 0.000010 0.000010 0.337488 0.000010 0.000010 0.000010 0.662432
0.000010 0.065263 0.000010 0.000010 0.000010 0.199505 0.000010 0.221795 0.000010 0.513377
0.000010 0.000010 0.000010 0.000010 0.000010 0.000010 0.000010 0.131163 0.000010 0.868757
0.000010 0.000010 0.000010 0.000010 0.000010 0.000010 0.000010 0.000010 0.000010 0.999910
0.000010 0.000010 0.000010 0.000010 0.000010 0.314853 0.000010 0.058489 0.000010 0.626588
0.000010 0.000010 0.000010 0.000010 0.000010 0.013831 0.000010 0.339161 0.000010 0.646938
0.000010 0.020255 0.000010 0.000010 0.088280 0.000010 0.000010 0.126035 0.000010 0.765370
0.000010 0.000010 0.000010 0.000010 0.000010 0.066820 0.000010 0.000010 0.000010 0.933100
0.000010 0.000010 0.000010 0.000010 0.000010 0.000010 0.000010 0.617137 0.000010 0.382783
0.000010 0.000010 0.059904 0.000010 0.000010 0.000010 0.000010 0.655742 0.000010 0.284284
0.000010 0.000010 0.000010 0.000010 0.000010 0.370791 0.000010 0.167339 0.000010 0.461800
0.000010 0.000010 0.000010 0.000010 0.274732 0.000010 0.000010 0.000010 0.000010 0.725188
0.000010 0.000010 0.000010 0.000010 0.000010 0.000010 0.000010 0.317631 0.000010 0.682289
0.000010 0.000010 0.195718 0.759851 0.000010 0.021802 0.022570 0.000010 0.000010 0.000010
0.000010 0.000010 0.000010 0.000010 0.097365 0.000010 0.000010 0.000010 0.000010 0.902555
0.000010 0.000010 0.035256 0.000010 0.059016 0.307880 0.000010 0.000010 0.000010 0.597788
0.000010 0.000010 0.000010 0.000010 0.000010 0.000010 0.000010 0.000010 0.000010 0.999910
0.000010 0.000010 0.000010 0.044690 0.000010 0.000010 0.000010 0.607403 0.000010 0.347836
0.000010 0.000010 0.000010 0.000010 0.000010 0.053535 0.000010 0.476955 0.000010 0.469439
0.000010 0.000010 0.000010 0.000010 0.000010 0.168838 0.000010 0.491114 0.000010 0.339979
0.000010 0.000010 0.000010 0.000010 0.000010 0.311597 0.000010 0.166526 0.000010 0.521807
0.000010 0.012093 0.000010 0.000010 0.069370 0.362166 0.000010 0.208231 0.000010 0.348091
0.000010 0.000010 0.000010 0.000010 0.000010 0.550649 0.000010 0.000010 0.000010 0.449271
0.000010 0.000010 0.000010 0.000010 0.000010 0.381076 0.000010 0.122112 0.000010 0.496742
0.000010 0.000010 0.127848 0.000010 0.000010 0.000010 0.000010 0.056534 0.000010 0.815548
0.000010 0.000010 0.000010 0.000010 0.091567 0.250491 0.006933 0.121204 0.000010 0.529754
0.000010 0.000010 0.000010 0.000010 0.000010 0.218182 0.000010 0.575627 0.000010 0.206121
0.000010 0.000010 0.000010 0.000010 0.000010 0.188110 0.000010 0.531732 0.000010 0.280088
0.000010 0.023895 0.000010 0.000010 0.000010 0.013746 0.000010 0.281630 0.017084 0.663595
0.000010 0.038119 0.000010 0.000010 0.000010 0.522592 0.000019 0.210686 0.000010 0.228535
0.000010 0.000010 0.000010 0.000010 0.000010 0.520951 0.000010 0.293039 0.021449 0.164502
0.010022 0.000010 0.053515 0.000010 0.000010 0.672733 0.000010 0.263670 0.000010 0.000010
0.000010 0.000010 0.012278 0.000010 0.000010 0.111472 0.000010 0.296470 0.000010 0.579720
0.016395 0.000010 0.000010 0.000010 0.000010 0.163338 0.000010 0.137821 0.000010 0.682386
0.000010 0.000010 0.000010 0.000010 0.000010 0.000010 0.000010 0.580398 0.000010 0.419522
0.000010 0.000010 0.085089 0.000010 0.000010 0.014185 0.000010 0.280650 0.000010 0.620016
0.000010 0.000010 0.000010 0.000010 0.000010 0.340180 0.000010 0.031335 0.000010 0.628415
0.000010 0.000010 0.000010 0.000010 0.030202 0.296436 0.000010 0.185603 0.000010 0.487699
0.000010 0.000010 0.009144 0.000010 0.000010 0.000010 0.000010 0.302861 0.000010 0.687925
0.000010 0.000010 0.000010 0.000010 0.000010 0.000010 0.000010 0.999910 0.000010 0.000010
0.000010 0.000010 0.134738 0.000010 0.000010 0.000010 0.000010 0.000010 0.000010 0.865182
0.000010 0.000010 0.000010 0.000010 0.000010 0.000010 0.038986 0.960934 0.000010 0.000010
0.000010 0.000010 0.000012 0.000010 0.000010 0.000010 0.000010 0.252843 0.000010 0.747075
0.000010 0.000010 0.000010 0.000010 0.000010 0.329203 0.000010 0.429929 0.000010 0.240798
0.000010 0.000010 0.032450 0.000010 0.000010 0.328736 0.000010 0.000010 0.000010 0.638744
0.000010 0.000010 0.000010 0.000010 0.000010 0.000010 0.000010 0.677031 0.000010 0.322889
0.999905 0.000010 0.000010 0.000010 0.000010 0.000010 0.000010 0.000010 0.000015 0.000010
0.000010 0.000010 0.000010 0.116087 0.047107 0.129019 0.000010 0.202144 0.000010 0.505593
0.000010 0.000010 0.000010 0.000010 0.000010 0.498843 0.000010 0.000010 0.000010 0.501077
0.000010 0.000010 0.000010 0.000010 0.000010 0.565709 0.000010 0.203807 0.000010 0.230414
0.000010 0.000010 0.000010 0.000010 0.081328 0.000010 0.000010 0.316949 0.000010 0.601654
0.000010 0.000010 0.000010 0.197910 0.010802 0.055031 0.011781 0.607661 0.000010 0.116774
0.000010 0.000010 0.000010 0.000010 0.000010 0.571655 0.000010 0.027293 0.000010 0.400982
0.000010 0.000010 0.000010 0.000010 0.000010 0.440407 0.000010 0.000010 0.000010 0.559513
0.000010 0.000010 0.000010 0.000010 0.000010 0.999910 0.000010 0.000010 0.000010 0.000010
0.000010 0.000010 0.000010 0.000010 0.000010 0.999910 0.000010 0.000010 0.000010 0.000010
0.000010 0.000010 0.000010 0.000010 0.000010 0.000010 0.000010 0.124697 0.049774 0.825458
0.000010 0.000010 0.071315 0.000010 0.000010 0.283674 0.000010 0.000010 0.000010 0.644940
0.000010 0.000010 0.000010 0.000010 0.000010 0.327878 0.000010 0.000010 0.000010 0.672042
0.000010 0.000010 0.000010 0.000010 0.022801 0.000010 0.000010 0.431097 0.000010 0.546031
0.000010 0.059447 0.000010 0.000010 0.000010 0.536115 0.000010 0.000010 0.000010 0.404369
0.000010 0.049418 0.025143 0.000010 0.000010 0.195722 0.000010 0.378892 0.000010 0.350774
0.000010 0.000010 0.000010 0.078056 0.921864 0.000010 0.000010 0.000010 0.000010 0.000010
0.000010 0.086410 0.122297 0.000010 0.659760 0.000010 0.018841 0.000010 0.000010 0.112641
0.000010 0.000010 0.000010 0.214061 0.785859 0.000010 0.000010 0.000010 0.000010 0.000010
0.000010 0.000010 0.000010 0.083471 0.721123 0.000010 0.000010 0.144997 0.050350 0.000010
0.000010 0.000010 0.081365 0.000010 0.918555 0.000010 0.000010 0.000010 0.000010 0.000010
0.000010 0.000010 0.000010 0.000010 0.999910 0.000010 0.000010 0.000010 0.000010 0.000010
0.000010 0.066322 0.000010 0.000010 0.895894 0.000010 0.000010 0.037713 0.000010 0.000010
0.000010 0.000010 0.000010 0.000010 0.999910 0.000010 0.000010 0.000010 0.000010 0.000010
0.000010 0.004721 0.000010 0.226232 0.647048 0.121939 0.000010 0.000010 0.000010 0.000010
0.000010 0.000010 0.000010 0.093998 0.789257 0.000010 0.000010 0.000010 0.000010 0.116675
0.000010 0.072550 0.000010 0.000010 0.805311 0.000010 0.000010 0.000010 0.000010 0.122069
0.000010 0.000010 0.051254 0.239818 0.705686 0.003183 0.000010 0.000010 0.000010 0.000010
0.000010 0.029596 0.000010 0.000010 0.838064 0.000010 0.000010 0.132270 0.000010 0.000010
0.000010 0.000010 0.000010 0.000010 0.876869 0.000010 0.000010 0.123051 0.000010 0.000010
0.000010 0.045439 0.000010 0.000010 0.954481 0.000010 0.000010 0.000010 0.000010 0.000010
0.222230 0.000011 0.000010 0.000010 0.000010 0.000010 0.777686 0.000010 0.000012 0.000010
0.000010 0.000010 0.000010 0.136326 0.743748 0.000010 0.000010 0.119857 0.000010 0.000010
0.000010 0.000010 0.000010 0.000010 0.958053 0.041867 0.000010 0.000010 0.000010 0.000010
0.000010 0.000010 0.000010 0.000010 0.754197 0.000010 0.000010 0.110701 0.000010 0.135032
0.041728 0.000010 0.000010 0.000010 0.909780 0.000010 0.000010 0.000010 0.000010 0.048423
0.000010 0.000010 0.375926 0.077702 0.470547 0.000010 0.000010 0.000010 0.000010 0.075765
0.000010 0.000010 0.000010 0.072059 0.899070 0.000010 0.000010 0.028800 0.000010 0.000010
0.000010 0.000010 0.000010 0.000010 0.999910 0.000010 0.000010 0.000010 0.000010 0.000010
0.014851 0.000010 0.136373 0.000010 0.803544 0.000010 0.000010 0.045172 0.000010 0.000010
0.000010 0.087046 0.000010 0.000010 0.873452 0.000010 0.000010 0.039432 0.000010 0.000010
0.000010 0.000010 0.000010 0.000010 0.951871 0.048049 0.000010 0.000010 0.000010 0.000010
0.000010 0.000010 0.066862 0.000010 0.933058 0.000010 0.000010 0.000010 0.000010 0.000010
0.021556 0.000010 0.086653 0.000010 0.891721 0.000010 0.000010 0.000010 0.000010 0.000010
0.000010 0.000010 0.000010 0.000010 0.866618 0.000010 0.000010 0.133302 0.000010 0.000010
0.001235 0.000010 0.079307 0.152925 0.766473 0.000010 0.000010 0.000010 0.000010 0.000010
0.000010 0.000010 0.015607 0.000010 0.868906 0.000010 0.000010 0.115417 0.000010 0.000010
0.000010 0.050627 0.000012 0.000010 0.798548 0.000010 0.006265 0.000010 0.000010 0.144497
0.000010 0.000010 0.160674 0.000010 0.759602 0.018261 0.000010 0.061404 0.000010 0.000010
0.000010 0.000010 0.096954 0.048958 0.776713 0.049848 0.000010 0.027477 0.000010 0.000010
0.000010 0.000010 0.187600 0.000010 0.812320 0.000010 0.000010 0.000010 0.000010 0.000010
0.000010 0.000010 0.000010 0.000010 0.000010 0.000010 0.999910 0.000010 0.000010 0.000010
0.000010 0.000010 0.004985 0.000010 0.861339 0.133606 0.000010 0.000010 0.000010 0.000010
0.000010 0.000010 0.000010 0.033185 0.858365 0.094610 0.013780 0.000010 0.000010 0.000010
0.000010 0.000010 0.000010 0.000010 0.000010 0.000010 0.999910 0.000010 0.000010 0.000010
0.000010 0.000010 0.000010 0.000010 0.999910 0.000010 0.000010 0.000010 0.000010 0.000010
0.000010 0.078361 0.066617 0.000010 0.854953 0.000010 0.000010 0.000010 0.000010 0.000010
0.000010 0.000010 0.000010 0.000010 0.999910 0.000010 0.000010 0.000010 0.000010 0.000010
0.000010 0.000010 0.000010 0.369065 0.630855 0.000010 0.000010 0.000010 0.000010 0.000010
0.000010 0.000010 0.000010 0.000010 0.999910 0.000010 0.000010 0.000010 0.000010 0.000010
0.000010 0.000010 0.000010 0.069190 0.843902 0.000010 0.000010 0.000010 0.000010 0.086837
0.000010 0.000010 0.000010 0.000010 0.999910 0.000010 0.000010 0.000010 0.000010 0.000010
0.162270 0.000010 0.000010 0.000010 0.000010 0.000010 0.837650 0.000010 0.000010 0.000010
0.010397 0.000010 0.000010 0.000010 0.902436 0.000010 0.000010 0.000010 0.000010 0.087097
0.000010 0.056506 0.121536 0.000010 0.664796 0.124696 0.032415 0.000010 0.000010 0.000010
0.000010 0.000010 0.000010 0.000010 0.999910 0.000010 0.000010 0.000010 0.000010 0.000010
0.000010 0.000010 0.000010 0.000010 0.999910 0.000010 0.000010 0.000010 0.000010 0.000010
0.000010 0.000010 0.126786 0.000010 0.873126 0.000010 0.000010 0.000018 0.000010 0.000010
0.000010 0.000010 0.009996 0.000010 0.000010 0.000010 0.000010 0.000010 0.000010 0.989924
