0.014405 0.008880 0.000010 0.600897 0.265534 0.012648 0.000010 0.019601 0.000010 0.078005
0.000010 0.000010 0.015630 0.858846 0.063917 0.000010 0.000010 0.061547 0.000010 0.000010
0.000010 0.000010 0.261369 0.614120 0.000010 0.000010 0.000010 0.000010 0.000010 0.124441
0.000010 0.000010 0.000010 0.999910 0.000010 0.000010 0.000010 0.000010 0.000010 0.000010
0.000010 0.000010 0.534468 0.277745 0.002199 0.000010 0.000010 0.018148 0.000010 0.167390
0.000010 0.000010 0.344363 0.540245 0.000010 0.000010 0.000010 0.115321 0.000010 0.000010
0.000010 0.000010 0.000010 0.986168 0.000010 0.000010 0.000010 0.000010 0.000010 0.013752
0.000010 0.000010 0.290968 0.708952 0.000010 0.000010 0.000010 0.000010 0.000010 0.000010
0.000010 0.000010 0.064849 0.839513 0.000010 0.000010 0.000010 0.045477 0.000010 0.050101
0.000010 0.000010 0.357101 0.000010 0.000010 0.000010 0.000010 0.000010 0.642819 0.000010
0.000010 0.000010 0.537200 0.093200 0.000010 0.000010 0.000010 0.000010 0.369531 0.000010
0.000010 0.000010 0.314184 0.528253 0.157494 0.000010 0.000010 0.000010 0.000010 0.000010
0.000010 0.112485 0.655924 0.000010 0.197816 0.000010 0.000010 0.000010 0.000010 0.033715
0.000010 0.364783 0.229390 0.360803 0.000010 0.000010 0.000010 0.000010 0.000010 0.044965
0.000010 0.000010 0.000010 0.999910 0.000010 0.000010 0.000010 0.000010 0.000010 0.000010
0.000010 0.000010 0.507717 0.449987 0.000010 0.000010 0.000010 0.042227 0.000010 0.000010
0.011543 0.000010 0.000010 0.988377 0.000010 0.000010 0.000010 0.000010 0.000010 0.000010
0.000010 0.000010 0.139946 0.730055 0.129930 0.000010 0.000010 0.000010 0.000010 0.000010
0.000010 0.000010 0.270330 0.729590 0.000010 0.000010 0.000010 0.000010 0.000010 0.000010
0.007942 0.052271 0.332851 0.606876 0.000010 0.000010 0.000010 0.000010 0.000010 0.000010
0.000010 0.000010 0.334412 0.533410 0.024681 0.000010 0.000010 0.000010 0.000010 0.107438
0.043984 0.000010 0.424941 0.450592 0.000010 0.080423 0.000010 0.000010 0.000010 0.000010
0.000010 0.152490 0.445212 0.340267 0.000010 0.000010 0.011192 0.000010 0.000010 0.050789
0.000010 0.224619 0.191499 0.511202 0.000010 0.072620 0.000010 0.000010 0.000010 0.000010
0.000010 0.000010 0.370667 0.573327 0.055935 0.000010 0.000010 0.000010 0.000010 0.000010
0.000010 0.000010 0.195342 0.726319 0.063348 0.014931 0.000010 0.000010 0.000010 0.000010
0.000010 0.000010 0.735866 0.000010 0.000010 0.264054 0.000010 0.000010 0.000010 0.000010
0.000019 0.000010 0.135252 0.000010 0.000010 0.270390 0.000010 0.277882 0.000010 0.316408
0.000010 0.715161 0.284759 0.000010 0.000010 0.000010 0.000010 0.000010 0.000010 0.000010
0.000010 0.804241 0.000010 0.195679 0.000010 0.000010 0.000010 0.000010 0.000010 0.000010
0.000010 0.000010 0.000010 0.000010 0.000010 0.000010 0.000010 0.000010 0.999910 0.000010
0.000010 0.806357 0.122611 0.000010 0.000010 0.000010 0.000010 0.070962 0.000010 0.000010
0.000010 0.999910 0.000010 0.000010 0.000010 0.000010 0.000010 0.000010 0.000010 0.000010
0.000010 0.000010 0.000010 0.000010 0.000010 0.000010 0.000010 0.000010 0.999910 0.000010
0.000010 0.000010 0.000010 0.000010 0.000010 0.000010 0.000019 0.000010 0.999901 0.000010
0.000010 0.487109 0.000010 0.000010 0.000010 0.000010 0.000010 0.000010 0.512811 0.000010
0.000010 0.795362 0.000010 0.204050 0.000010 0.000010 0.000010 0.000519 0.000010 0.000010
0.000010 0.000010 0.000010 0.000010 0.000010 0.000010 0.000010 0.000010 0.999910 0.000010
0.026185 0.760984 0.212761 0.000010 0.000010 0.000010 0.000010 0.000010 0.000010 0.000010
0.000010 0.686505 0.000010 0.226870 0.000010 0.000010 0.000010 0.010473 0.000010 0.076092
0.000010 0.999910 0.000010 0.000010 0.000010 0.000010 0.000010 0.000010 0.000010 0.000010
0.000010 0.999910 0.000010 0.000010 0.000010 0.000010 0.000010 0.000010 0.000010 0.000010
0.000010 0.782909 0.217011 0.000010 0.000010 0.000010 0.000010 0.000010 0.000010 0.000010
0.000010 0.729267 0.178790 0.000010 0.000010 0.000010 0.000010 0.091873 0.000010 0.000010
0.902462 0.000010 0.000010 0.000010 0.000010 0.000010 0.097458 0.000010 0.000010 0.000010
0.008512 0.775959 0.156246 0.000010 0.000010 0.059223 0.000010 0.000010 0.000010 0.000010
0.000011 0.669436 0.174339 0.000010 0.000010 0.156154 0.000010 0.000010 0.000010 0.000010
0.000010 0.639924 0.000010 0.000010 0.226429 0.133577 0.000010 0.000010 0.000010 0.000010
0.000010 0.858239 0.127178 0.000010 0.014513 0.000010 0.000010 0.000010 0.000010 0.000010
0.999910 0.000010 0.000010 0.000010 0.000010 0.000010 0.000010 0.000010 0.000010 0.000010
0.000010 0.999910 0.000010 0.000010 0.000010 0.000010 0.000010 0.000010 0.000010 0.000010
0.000010 0.557552 0.293262 0.000010 0.032431 0.000010 0.000010 0.000010 0.000010 0.116696
0.999910 0.000010 0.000010 0.000010 0.000010 0.000010 0.000010 0.000010 0.000010 0.000010
0.000010 0.999910 0.000010 0.000010 0.000010 0.000010 0.000010 0.000010 0.000010 0.000010
0.999910 0.000010 0.000010 0.000010 0.000010 0.000010 0.000010 0.000010 0.000010 0.000010
0.999910 0.000010 0.000010 0.000010 0.000010 0.000010 0.000010 0.000010 0.000010 0.000010
0.000010 0.368755 0.000010 0.372716 0.201539 0.005312 0.000010 0.000010 0.000010 0.051627
0.999910 0.000010 0.000010 0.000010 0.000010 0.000010 0.000010 0.000010 0.000010 0.000010
0.000010 0.353409 0.000010 0.000010 0.000010 0.000010 0.000010 0.000010 0.646511 0.000010
0.999910 0.000010 0.000010 0.000010 0.000010 0.000010 0.000010 0.000010 0.000010 0.000010
0.000010 0.681788 0.000010 0.000010 0.000010 0.000010 0.000010 0.000010 0.318132 0.000010
0.000010 0.999910 0.000010 0.000010 0.000010 0.000010 0.000010 0.000010 0.000010 0.000010
0.000010 0.999910 0.000010 0.000010 0.000010 0.000010 0.000010 0.000010 0.000010 0.000010
0.000010 0.496187 0.000010 0.344827 0.000010 0.000010 0.000010 0.000010 0.000010 0.158916
0.000010 0.926009 0.073911 0.000010 0.000010 0.000010 0.000010 0.000010 0.000010 0.000010
0.000010 0.000010 0.000010 0.000010 0.000010 0.512097 0.000010 0.487823 0.000010 0.000010
0.000010 0.127793 0.000010 0.000010 0.000010 0.000010 0.012281 0.181487 0.000010 0.678379
0.000010 0.000010 0.000010 0.000010 0.000010 0.235992 0.000010 0.349871 0.034326 0.379751
0.000010 0.000010 0.133924 0.000010 0.000010 0.865996 0.000010 0.000010 0.000010 0.000010
0.000010 0.000010 0.000010 0.000010 0.000010 0.533368 0.000010 0.282772 0.000010 0.183790
0.000010 0.000010 0.000010 0.000010 0.075327 0.214497 0.010926 0.410948 0.013223 0.275038
0.000010 0.000010 0.000010 0.000010 0.000010 0.000010 0.000010 0.999910 0.000010 0.000010
0.000010 0.000010 0.000010 0.000010 0.000010 0.035548 0.000010 0.340218 0.000010 0.624164
0.102175 0.000010 0.000010 0.000010 0.000010 0.000010 0.897745 0.000010 0.000010 0.000010
0.000010 0.000010 0.000010 0.000010 0.000010 0.214902 0.000010 0.000010 0.000010 0.785018
0.000010 0.000010 0.199688 0.000010 0.000010 0.800232 0.000010 0.000010 0.000010 0.000010
0.000010 0.155437 0.000010 0.030603 0.000010 0.279247 0.000010 0.170660 0.000010 0.364002
0.000010 0.046094 0.000010 0.000010 0.080873 0.158547 0.000010 0.000010 0.000010 0.714426
0.000010 0.147386 0.000010 0.000010 0.004198 0.079295 0.000010 0.260862 0.000010 0.508209
0.000010 0.000010 0.000010 0.000010 0.000010 0.511266 0.000010 0.000010 0.000010 0.488654
0.000010 0.022579 0.000010 0.000010 0.000010 0.212582 0.000010 0.000010 0.000010 0.764770
0.000010 0.301001 0.181699 0.517230 0.000010 0.000010 0.000010 0.000010 0.000010 0.000010
0.000010 0.142078 0.000010 0.296909 0.000010 0.120161 0.000010 0.181732 0.000010 0.259070
0.000010 0.000010 0.000010 0.000010 0.000010 0.000010 0.999910 0.000010 0.000010 0.000010
0.000010 0.000010 0.000010 0.000010 0.000010 0.456253 0.000010 0.543667 0.000010 0.000010
0.000010 0.000010 0.000010 0.000010 0.000010 0.262864 0.000010 0.737056 0.000010 0.000010
0.000010 0.000010 0.025418 0.000010 0.000010 0.093282 0.000010 0.494664 0.000010 0.386576
0.000010 0.094176 0.000010 0.000010 0.000010 0.457635 0.000010 0.096426 0.000010 0.351703
0.000010 0.000010 0.086794 0.000010 0.014960 0.000010 0.009204 0.360836 0.000010 0.528156
0.000010 0.000010 0.000010 0.000010 0.000010 0.000010 0.999910 0.000010 0.000010 0.000010
0.000010 0.000010 0.000010 0.000010 0.080425 0.269201 0.000010 0.363690 0.000010 0.286624
0.000010 0.000010 0.000010 0.000010 0.217536 0.317018 0.000010 0.465376 0.000010 0.000010
0.000010 0.000010 0.000010 0.000010 0.000010 0.000010 0.999910 0.000010 0.000010 0.000010
0.000010 0.000010 0.052746 0.000010 0.000010 0.557144 0.000010 0.390040 0.000010 0.000010
0.000010 0.000010 0.000010 0.000010 0.000010 0.000010 0.999910 0.000010 0.000010 0.000010
0.000010 0.000010 0.000010 0.000010 0.000010 0.000010 0.999910 0.000010 0.000010 0.000010
0.197089 0.000010 0.000010 0.000010 0.000010 0.000010 0.802831 0.000010 0.000010 0.000010
0.000010 0.000010 0.000010 0.000010 0.000010 0.289423 0.000010 0.371086 0.000010 0.339421
0.000010 0.000010 0.000010 0.104686 0.000010 0.135405 0.000010 0.000010 0.000010 0.759839
0.000010 0.111925 0.124062 0.000010 0.763942 0.000010 0.000010 0.000010 0.000010 0.000010
0.000010 0.233587 0.000010 0.000010 0.678106 0.000010 0.000010 0.000010 0.000010 0.088238
0.000010 0.000010 0.175139 0.138993 0.575616 0.062087 0.000010 0.048115 0.000010 0.000010
0.000010 0.264156 0.000010 0.000010 0.722405 0.013369 0.000010 0.000010 0.000010 0.000010
0.054658 0.000010 0.085864 0.094331 0.597137 0.122827 0.000010 0.000010 0.000010 0.045142
0.000010 0.000010 0.142202 0.000010 0.790270 0.000010 0.000010 0.000010 0.000010 0.067457
0.000010 0.000010 0.071538 0.000010 0.000010 0.136556 0.000010 0.206296 0.000010 0.585549
0.000010 0.000010 0.000010 0.000010 0.000010 0.000010 0.999910 0.000010 0.000010 0.000010
0.000010 0.000010 0.000010 0.000010 0.000010 0.000010 0.000010 0.342495 0.000010 0.657425
0.000010 0.000010 0.000010 0.000010 0.000010 0.710578 0.000010 0.000010 0.000010 0.289342
0.000010 0.148735 0.000010 0.000010 0.000010 0.000010 0.000010 0.386099 0.000010 0.465096
0.104859 0.000010 0.000010 0.000010 0.000010 0.000010 0.895061 0.000010 0.000010 0.000010
0.000010 0.000010 0.000010 0.000010 0.000010 0.000010 0.007350 0.180596 0.000010 0.811984
0.000010 0.000010 0.000010 0.000010 0.000010 0.000010 0.000010 0.999910 0.000010 0.000010
0.010058 0.113040 0.000010 0.000010 0.079508 0.163411 0.000010 0.633933 0.000010 0.000010
0.000010 0.043968 0.000010 0.000010 0.000010 0.000010 0.000010 0.955952 0.000010 0.000010
0.000010 0.000010 0.013712 0.000010 0.125297 0.000010 0.000010 0.300950 0.000010 0.559981
0.000010 0.000010 0.000010 0.000010 0.000010 0.108704 0.000010 0.708796 0.000010 0.182430
0.000010 0.000010 0.000010 0.000010 0.000010 0.584289 0.000010 0.415631 0.000010 0.000010
0.000010 0.069138 0.000010 0.000010 0.000010 0.000010 0.003541 0.236303 0.000010 0.690958
0.000010 0.040166 0.000010 0.098264 0.055097 0.531844 0.000010 0.092463 0.000010 0.182127
0.000010 0.000010 0.000010 0.000010 0.000010 0.000010 0.999910 0.000010 0.000010 0.000010
0.000010 0.000010 0.000010 0.000010 0.000010 0.999910 0.000010 0.000010 0.000010 0.000010
0.000010 0.116623 0.000010 0.000010 0.000010 0.270741 0.000010 0.000010 0.000010 0.612566
0.000010 0.000010 0.000010 0.000010 0.000010 0.000010 0.000010 0.000010 0.000010 0.999910
0.000010 0.000010 0.000010 0.000010 0.000010 0.788435 0.000010 0.211485 0.000010 0.000010
0.000010 0.000010 0.000010 0.000010 0.000010 0.000010 0.000010 0.999910 0.000010 0.000010
0.000010 0.248345 0.000010 0.000010 0.000010 0.121894 0.007631 0.622070 0.000010 0.000010
0.000010 0.000010 0.000010 0.000010 0.000010 0.000010 0.000010 0.999910 0.000010 0.000010
0.000010 0.000010 0.000010 0.000010 0.000010 0.174138 0.000010 0.472581 0.000010 0.353211
0.000010 0.000010 0.000010 0.054803 0.000010 0.000016 0.000010 0.624608 0.000010 0.320514
0.000010 0.000010 0.000010 0.000010 0.000010 0.000010 0.000010 0.999910 0.000010 0.000010
0.000010 0.000010 0.000010 0.000010 0.000010 0.163651 0.000010 0.529760 0.000010 0.306518
0.000010 0.000010 0.000010 0.000010 0.000010 0.575386 0.000010 0.406632 0.000010 0.017912
0.000010 0.000010 0.000010 0.000010 0.000010 0.999910 0.000010 0.000010 0.000010 0.000010
0.000010 0.049576 0.000010 0.000010 0.000010 0.079500 0.000010 0.351836 0.000010 0.519028
0.000010 0.140184 0.000010 0.000010 0.000010 0.000010 0.000010 0.322646 0.000010 0.537100
0.000010 0.000010 0.000010 0.000010 0.000010 0.147990 0.000010 0.000010 0.000010 0.851930
0.000010 0.000010 0.000010 0.000010 0.000010 0.783439 0.000010 0.216481 0.000010 0.000010
0.000010 0.000010 0.000010 0.000010 0.111758 0.399406 0.000010 0.092335 0.000010 0.396441
0.000010 0.000010 0.000010 0.000010 0.000010 0.542681 0.000010 0.457239 0.000010 0.000010
0.000010 0.000010 0.000010 0.000010 0.000010 0.000010 0.000010 0.454678 0.000010 0.545242
0.000010 0.000010 0.000010 0.000010 0.000010 0.000010 0.999910 0.000010 0.000010 0.000010
0.000010 0.000010 0.000010 0.000010 0.000010 0.000010 0.999910 0.000010 0.000010 0.000010
0.000010 0.000010 0.010124 0.032115 0.000010 0.134645 0.000010 0.242019 0.000010 0.581047
0.000010 0.000010 0.000010 0.000010 0.000010 0.000010 0.999910 0.000010 0.000010 0.000010
0.000010 0.000010 0.000010 0.000010 0.038109 0.000010 0.000010 0.174666 0.000010 0.787155
0.000010 0.000010 0.017380 0.000010 0.000010 0.000010 0.000010 0.000010 0.000010 0.982540
0.000010 0.000010 0.000010 0.000010 0.000010 0.000010 0.999910 0.000010 0.000010 0.000010
0.000010 0.000010 0.000010 0.000010 0.000010 0.000010 0.999910 0.000010 0.000010 0.000010
0.000010 0.000010 0.000010 0.000010 0.000010 0.183490 0.000010 0.033517 0.000010 0.782924
0.000010 0.000010 0.000010 0.000010 0.000010 0.000010 0.999910 0.000010 0.000010 0.000010
0.000010 0.000010 0.000010 0.000010 0.000010 0.000010 0.999910 0.000010 0.000010 0.000010
0.000010 0.000010 0.000010 0.000010 0.000010 0.000010 0.999910 0.000010 0.000010 0.000010
0.000010 0.000010 0.108677 0.799017 0.000010 0.000010 0.008164 0.084083 0.000010 0.000010
0.000010 0.000010 0.340856 0.553042 0.000010 0.031507 0.000010 0.074535 0.000010 0.000010
0.000010 0.000010 0.999910 0.000010 0.000010 0.000010 0.000010 0.000010 0.000010 0.000010
0.000010 0.000010 0.430327 0.569593 0.000010 0.000010 0.000010 0.000010 0.000010 0.000010
0.983855 0.000010 0.000010 0.000010 0.000010 0.000010 0.016065 0.000010 0.000010 0.000010
0.000010 0.000010 0.046537 0.000010 0.001569 0.239841 0.000010 0.264640 0.000010 0.447363
0.000010 0.090239 0.325889 0.479735 0.000010 0.000010 0.000010 0.000010 0.000010 0.104078
0.000010 0.000010 0.246556 0.627892 0.000010 0.125481 0.000010 0.000010 0.000010 0.000010
0.016393 0.234336 0.036219 0.640917 0.062936 0.000010 0.000010 0.009159 0.000010 0.000010
0.000010 0.349119 0.228443 0.422369 0.000010 0.000010 0.000010 0.000010 0.000010 0.000010
0.000010 0.000010 0.314567 0.510908 0.000010 0.000010 0.000010 0.174455 0.000010 0.000010
0.000010 0.000010 0.999910 0.000010 0.000010 0.000010 0.000010 0.000010 0.000010 0.000010
0.000010 0.243058 0.000010 0.756862 0.000010 0.000010 0.000010 0.000010 0.000010 0.000010
0.000010 0.430952 0.335788 0.233190 0.000010 0.000010 0.000010 0.000010 0.000010 0.000010
0.000010 0.000010 0.100628 0.898758 0.000010 0.000544 0.000010 0.000010 0.000010 0.000010
0.000010 0.000010 0.035148 0.964767 0.000010 0.000015 0.000010 0.000010 0.000010 0.000010
0.000011 0.264111 0.521950 0.205246 0.000010 0.000010 0.008631 0.000010 0.000010 0.000010
0.000010 0.164812 0.107666 0.632797 0.094664 0.000010 0.000010 0.000010 0.000010 0.000010
0.000010 0.221876 0.011769 0.622275 0.000010 0.000010 0.000010 0.133826 0.010204 0.000010
0.000010 0.089100 0.236783 0.588932 0.005089 0.000010 0.000010 0.000010 0.000010 0.080047
0.000010 0.000010 0.999910 0.000010 0.000010 0.000010 0.000010 0.000010 0.000010 0.000010
0.000010 0.009762 0.197926 0.675284 0.000010 0.000010 0.000010 0.000010 0.000010 0.116968
0.000010 0.000010 0.244486 0.636095 0.000010 0.119349 0.000010 0.000010 0.000010 0.000010
0.000010 0.000010 0.000010 0.811324 0.087675 0.000010 0.000010 0.100930 0.000010 0.000010
0.000010 0.000010 0.001690 0.793992 0.204248 0.000010 0.000010 0.000010 0.000010 0.000010
0.000010 0.000010 0.551231 0.434007 0.000010 0.000010 0.014691 0.000010 0.000010 0.000010
0.017095 0.249200 0.237658 0.397672 0.000010 0.000010 0.000010 0.000010 0.000010 0.098325
0.999910 0.000010 0.000010 0.000010 0.000010 0.000010 0.000010 0.000010 0.000010 0.000010
0.000010 0.000010 0.439697 0.482217 0.000010 0.068696 0.000010 0.009330 0.000010 0.000010
0.000010 0.172445 0.169414 0.627844 0.006185 0.024062 0.000010 0.000010 0.000010 0.000010
0.000010 0.000010 0.077133 0.851178 0.000010 0.071619 0.000010 0.000010 0.000010 0.000010
0.999910 0.000010 0.000010 0.000010 0.000010 0.000010 0.000010 0.000010 0.000010 0.000010
0.000010 0.000010 0.999910 0.000010 0.000010 0.000010 0.000010 0.000010 0.000010 0.000010
0.999910 0.000010 0.000010 0.000010 0.000010 0.000010 0.000010 0.000010 0.000010 0.000010
0.000010 0.249160 0.086242 0.664528 0.000010 0.000010 0.000010 0.000010 0.000010 0.000010
0.000010 0.000010 0.000010 0.943070 0.000010 0.000010 0.000010 0.000010 0.000010 0.056850
0.000010 0.411841 0.257547 0.327456 0.000010 0.003096 0.000010 0.000010 0.000010 0.000010
0.000010 0.270295 0.152843 0.421589 0.000010 0.000010 0.000010 0.000010 0.000010 0.155213
0.000010 0.000010 0.344282 0.486708 0.000010 0.168940 0.000010 0.000010 0.000010 0.000010
0.000010 0.000010 0.350751 0.499876 0.000010 0.139871 0.000010 0.009442 0.000010 0.000010
0.000010 0.000010 0.000010 0.905672 0.094248 0.000010 0.000010 0.000010 0.000010 0.000010
0.000010 0.308214 0.215559 0.421247 0.000010 0.000010 0.000010 0.054921 0.000010 0.000010
0.000010 0.000010 0.000010 0.999910 0.000010 0.000010 0.000010 0.000010 0.000010 0.000010
0.000010 0.299887 0.492293 0.000010 0.000010 0.000010 0.000010 0.000010 0.000010 0.207750
0.000010 0.000010 0.358263 0.641657 0.000010 0.000010 0.000010 0.000010 0.000010 0.000010
0.000010 0.187736 0.594260 0.000010 0.210106 0.007838 0.000010 0.000010 0.000010 0.000010
0.000010 0.310256 0.201391 0.299994 0.034819 0.000010 0.013212 0.000010 0.000010 0.140287
0.000010 0.000010 0.000010 0.000010 0.000010 0.000010 0.000010 0.999910 0.000010 0.000010
0.000010 0.000010 0.056663 0.000010 0.000010 0.353732 0.000010 0.413399 0.000010 0.176146
0.000010 0.042228 0.008543 0.000010 0.035942 0.088070 0.000010 0.770557 0.000010 0.054620
0.000010 0.000010 0.109713 0.000010 0.000010 0.074695 0.002887 0.000010 0.000010 0.812646
0.005630 0.067175 0.000010 0.000010 0.000010 0.000010 0.000010 0.000010 0.000010 0.927126
0.000010 0.000010 0.000010 0.000010 0.000010 0.000010 0.000010 0.242646 0.000010 0.757274
0.000010 0.000010 0.000010 0.000010 0.073566 0.156483 0.007089 0.075724 0.000010 0.687089
0.000010 0.079506 0.000010 0.104321 0.000010 0.045128 0.000010 0.266061 0.000010 0.504933
0.000010 0.000010 0.078332 0.000010 0.000010 0.249415 0.000010 0.000010 0.000010 0.672183
0.000010 0.000010 0.091080 0.000010 0.000010 0.196262 0.000010 0.268207 0.000010 0.444391
0.000010 0.000010 0.000010 0.000010 0.000010 0.301855 0.000010 0.143927 0.000010 0.554148
0.000010 0.000010 0.000010 0.000010 0.030903 0.120687 0.000010 0.380845 0.023207 0.444308
0.800545 0.000010 0.000010 0.000010 0.000010 0.000010 0.199375 0.000010 0.000010 0.000010
0.000010 0.019480 0.000010 0.000010 0.000010 0.000010 0.000010 0.341717 0.000010 0.638732
0.000010 0.024456 0.000010 0.077906 0.000010 0.034032 0.000010 0.366070 0.000010 0.497485
0.000010 0.000010 0.058123 0.000010 0.000010 0.110886 0.010396 0.217277 0.000010 0.603268
0.000010 0.000010 0.150466 0.000010 0.000010 0.095028 0.000010 0.095947 0.000010 0.658500
0.000010 0.000010 0.149996 0.000010 0.085719 0.492848 0.000010 0.214208 0.000010 0.057178
0.000010 0.000010 0.000010 0.000010 0.000010 0.190696 0.000010 0.552282 0.000010 0.256952
0.000010 0.000010 0.168941 0.000010 0.000010 0.104511 0.000010 0.000010 0.000010 0.726478
0.000010 0.000010 0.093995 0.000010 0.000010 0.000010 0.000010 0.000010 0.000010 0.905925
0.000010 0.000010 0.000010 0.063151 0.000010 0.059902 0.000010 0.325169 0.000010 0.551718
0.000977 0.000010 0.000010 0.000010 0.000010 0.003867 0.000010 0.117782 0.000010 0.877313
0.000010 0.000010 0.030631 0.079700 0.000010 0.065789 0.000010 0.033890 0.000010 0.789941
0.000010 0.000010 0.000010 0.000010 0.000010 0.119355 0.000010 0.426040 0.000010 0.454535
0.000010 0.000010 0.000010 0.000010 0.000010 0.000010 0.000010 0.589682 0.000010 0.410238
0.000010 0.000010 0.007786 0.077286 0.000010 0.174097 0.000010 0.000010 0.000010 0.740772
0.000010 0.000010 0.000010 0.000010 0.000010 0.197957 0.000010 0.000010 0.000010 0.801963
0.000010 0.000010 0.173777 0.000010 0.000010 0.000010 0.000010 0.826143 0.000010 0.000010
0.000010 0.000010 0.153741 0.000010 0.000010 0.000010 0.000010 0.846179 0.000010 0.000010
0.000010 0.000010 0.066370 0.017944 0.000010 0.185647 0.000010 0.000010 0.000010 0.729978
0.000010 0.000010 0.000010 0.000010 0.143586 0.000010 0.000010 0.198490 0.000010 0.657854
0.000010 0.000010 0.000010 0.000010 0.000010 0.000010 0.000010 0.080835 0.000010 0.919085
0.011281 0.070351 0.284137 0.577360 0.000010 0.056821 0.000010 0.000010 0.000010 0.000010
0.000010 0.000010 0.000010 0.000010 0.085978 0.000010 0.000010 0.152178 0.000010 0.761774
0.000010 0.000010 0.053338 0.000010 0.000010 0.209449 0.000010 0.152600 0.000010 0.584554
0.000010 0.000010 0.000010 0.000010 0.000010 0.315741 0.000010 0.000010 0.000010 0.684179
0.000010 0.165499 0.000010 0.000010 0.000010 0.054226 0.000010 0.647307 0.000010 0.132908
0.000010 0.000010 0.000010 0.000010 0.000010 0.000010 0.000010 0.311141 0.000010 0.688779
0.000010 0.000012 0.092947 0.000010 0.000010 0.000010 0.000010 0.195969 0.000010 0.711011
0.000010 0.000010 0.069075 0.000010 0.000010 0.006153 0.000010 0.045708 0.000010 0.879005
0.000010 0.015650 0.000010 0.148611 0.023124 0.176052 0.000010 0.466822 0.000010 0.169701
0.000010 0.000010 0.000010 0.000010 0.000010 0.000010 0.000010 0.134338 0.000010 0.865582
0.000010 0.000010 0.000010 0.000010 0.000010 0.271987 0.000010 0.100127 0.000010 0.627815
0.000010 0.152240 0.000010 0.000010 0.000010 0.000010 0.000010 0.195194 0.000010 0.652496
0.000010 0.000010 0.000010 0.000010 0.000010 0.207415 0.000010 0.100884 0.000010 0.691631
0.000010 0.125929 0.000010 0.000010 0.000010 0.094520 0.000010 0.402894 0.000010 0.376597
0.000010 0.000010 0.000010 0.000010 0.087560 0.212424 0.027605 0.236043 0.000010 0.436318
0.000010 0.000010 0.000010 0.092721 0.000010 0.000011 0.000010 0.126868 0.000010 0.780339
0.000010 0.000010 0.000010 0.000010 0.022233 0.451170 0.000010 0.125946 0.000010 0.400590
0.000010 0.000010 0.107858 0.000010 0.000010 0.201231 0.000010 0.383955 0.000010 0.306896
0.000010 0.000010 0.163291 0.000010 0.000010 0.364102 0.000010 0.398020 0.000010 0.074527
0.000010 0.000010 0.000010 0.000010 0.000010 0.155566 0.000010 0.388711 0.000010 0.455652
0.000010 0.000010 0.065930 0.095129 0.006826 0.000010 0.000010 0.249863 0.000010 0.582203
0.000010 0.132200 0.000010 0.000010 0.000010 0.101767 0.000010 0.339054 0.000010 0.426920
0.000010 0.000010 0.136389 0.000010 0.000010 0.082151 0.000010 0.287368 0.000010 0.494032
0.000010 0.000010 0.000010 0.000010 0.000010 0.258881 0.000010 0.089285 0.000010 0.651764
0.000010 0.000010 0.000010 0.000010 0.000010 0.203902 0.000010 0.225209 0.000010 0.570818
0.000010 0.000010 0.000010 0.164090 0.000010 0.000010 0.000010 0.275655 0.000010 0.560185
0.000010 0.048825 0.000010 0.000010 0.054285 0.000010 0.000010 0.287617 0.000010 0.609213
0.000010 0.000010 0.000010 0.000010 0.018175 0.000010 0.000010 0.184130 0.078106 0.719529
0.000010 0.018605 0.114935 0.000010 0.000010 0.000010 0.000010 0.165105 0.000010 0.701295
0.000010 0.000010 0.000010 0.187624 0.000010 0.026567 0.000010 0.116853 0.000010 0.668895
0.004156 0.000010 0.000010 0.000010 0.008976 0.000010 0.000010 0.677070 0.000010 0.309738
0.000010 0.000010 0.000010 0.000010 0.000010 0.323349 0.000010 0.222122 0.000010 0.454460
0.000010 0.000010 0.000010 0.000010 0.000010 0.000010 0.000010 0.314412 0.000010 0.685508
0.000010 0.000010 0.000010 0.000010 0.000010 0.000010 0.999910 0.000010 0.000010 0.000010
0.000010 0.000010 0.104913 0.000010 0.000010 0.036200 0.000010 0.154775 0.000010 0.704053
0.000010 0.000010 0.000010 0.000010 0.000010 0.000010 0.000010 0.000264 0.000010 0.999656
0.007201 0.000010 0.000010 0.000010 0.000010 0.251044 0.000010 0.479257 0.000010 0.262437
0.010889 0.000010 0.000010 0.000010 0.000010 0.000010 0.000010 0.289093 0.000010 0.699949
0.000010 0.000010 0.000010 0.060161 0.000010 0.000010 0.000010 0.643651 0.000010 0.296119
0.000010 0.000010 0.000010 0.000010 0.000010 0.127655 0.000010 0.293866 0.000010 0.578409
0.000010 0.000010 0.000010 0.000010 0.000010 0.418298 0.000010 0.000010 0.000010 0.581622
0.000010 0.000010 0.000010 0.000010 0.000010 0.999910 0.000010 0.000010 0.000010 0.000010
0.000010 0.000010 0.000010 0.000010 0.000010 0.999910 0.000010 0.000010 0.000010 0.000010
0.000010 0.065323 0.000010 0.000010 0.000010 0.040651 0.000010 0.089160 0.000010 0.804807
0.000010 0.242083 0.000010 0.000010 0.000010 0.000010 0.000010 0.328107 0.000010 0.429740
0.000010 0.018180 0.000010 0.000010 0.000010 0.139922 0.005295 0.053653 0.000010 0.782900
0.000010 0.000010 0.000010 0.000010 0.077300 0.239523 0.000010 0.193918 0.000010 0.489199
0.000010 0.095063 0.000010 0.000010 0.000010 0.302672 0.000010 0.200343 0.000010 0.401863
0.000010 0.000010 0.000010 0.000010 0.038974 0.183790 0.000010 0.099169 0.000010 0.678007
0.000010 0.188827 0.000010 0.000010 0.811093 0.000010 0.000010 0.000010 0.000010 0.000010
0.000010 0.000010 0.000010 0.309505 0.497544 0.000010 0.000010 0.000010 0.000010 0.192881
0.000010 0.135581 0.000010 0.215524 0.634891 0.000010 0.000010 0.013944 0.000010 0.000010
0.000010 0.213855 0.000010 0.296347 0.366188 0.000010 0.000010 0.123551 0.000010 0.000010
0.000010 0.000010 0.143317 0.000010 0.810368 0.000010 0.000010 0.000010 0.000010 0.046245
0.000010 0.000010 0.122026 0.000010 0.877894 0.000010 0.000010 0.000010 0.000010 0.000010
0.000010 0.000010 0.106723 0.000010 0.716142 0.098912 0.000010 0.078163 0.000010 0.000010
0.000010 0.000010 0.000010 0.000010 0.901413 0.098507 0.000010 0.000010 0.000010 0.000010
0.000010 0.162782 0.000010 0.000010 0.799840 0.037308 0.000010 0.000010 0.000010 0.000010
0.000010 0.000010 0.000010 0.142227 0.857693 0.000010 0.000010 0.000010 0.000010 0.000010
0.000010 0.000010 0.128901 0.000010 0.871019 0.000010 0.000010 0.000010 0.000010 0.000010
0.000010 0.105515 0.144698 0.000010 0.625255 0.000010 0.000010 0.000010 0.000010 0.124472
0.000010 0.111908 0.216805 0.000010 0.507344 0.000010 0.000010 0.000010 0.000010 0.163883
0.000010 0.000010 0.045665 0.033626 0.920639 0.000010 0.000010 0.000010 0.000010 0.000010
0.000010 0.000010 0.095005 0.000010 0.886041 0.018884 0.000010 0.000010 0.000010 0.000010
0.790208 0.000010 0.000010 0.000010 0.000010 0.000010 0.209712 0.000010 0.000010 0.000010
0.000010 0.134950 0.066165 0.000010 0.715145 0.000010 0.000010 0.083681 0.000010 0.000010
0.000010 0.000010 0.000010 0.000010 0.882111 0.000010 0.000010 0.000010 0.000010 0.117809
0.000010 0.000010 0.132599 0.000010 0.711931 0.155399 0.000010 0.000010 0.000010 0.000010
0.000010 0.000010 0.000010 0.063014 0.844939 0.000010 0.000010 0.000010 0.000010 0.091977
0.000010 0.084705 0.215388 0.040783 0.560131 0.098942 0.000010 0.000010 0.000010 0.000010
0.000010 0.000010 0.000010 0.301311 0.697962 0.000010 0.000010 0.000657 0.000010 0.000010
0.000010 0.000010 0.000010 0.000010 0.834765 0.116252 0.000010 0.048913 0.000010 0.000010
0.000010 0.000010 0.000010 0.000010 0.799939 0.148166 0.000010 0.051825 0.000010 0.000010
0.000010 0.000010 0.000010 0.000010 0.889680 0.000010 0.000010 0.110240 0.000010 0.000010
0.000010 0.000010 0.000010 0.089358 0.910562 0.000010 0.000010 0.000010 0.000010 0.000010
0.004809 0.000010 0.138608 0.000010 0.830381 0.000010 0.000010 0.026142 0.000010 0.000010
0.011067 0.000010 0.000010 0.116364 0.872499 0.000010 0.000010 0.000010 0.000010 0.000010
0.000010 0.000010 0.341782 0.000010 0.630829 0.014391 0.000010 0.000010 0.000010 0.012938
0.000010 0.000010 0.000010 0.124114 0.858506 0.017311 0.000010 0.000010 0.000010 0.000010
0.000010 0.000010 0.125714 0.000010 0.874206 0.000010 0.000010 0.000010 0.000010 0.000010
0.000010 0.000010 0.081554 0.000010 0.763950 0.000010 0.000010 0.154426 0.000010 0.000010
0.000010 0.000010 0.160837 0.000010 0.760414 0.000010 0.000010 0.078678 0.000010 0.000010
0.000010 0.000010 0.086568 0.000010 0.887518 0.000010 0.000010 0.025844 0.000010 0.000010
0.000010 0.000010 0.254833 0.000010 0.745087 0.000010 0.000010 0.000010 0.000010 0.000010
0.757118 0.000010 0.000010 0.000010 0.000010 0.000010 0.242802 0.000010 0.000010 0.000010
0.000010 0.000010 0.000010 0.000010 0.933433 0.066487 0.000010 0.000010 0.000010 0.000010
0.000010 0.000010 0.000010 0.000010 0.999910 0.000010 0.000010 0.000010 0.000010 0.000010
0.892283 0.000010 0.000010 0.000010 0.000010 0.000010 0.107637 0.000010 0.000010 0.000010
0.000010 0.147657 0.000010 0.050184 0.740802 0.000010 0.000010 0.061297 0.000010 0.000010
0.000010 0.077216 0.000010 0.000010 0.789151 0.111501 0.000010 0.000010 0.000010 0.022072
0.000010 0.000010 0.019121 0.000010 0.762380 0.075526 0.000010 0.005461 0.000010 0.137462
0.000010 0.000010 0.000010 0.052976 0.866723 0.080231 0.000010 0.000010 0.000010 0.000010
0.000010 0.048704 0.000010 0.000010 0.951216 0.000010 0.000010 0.000010 0.000010 0.000010
0.000010 0.000010 0.000010 0.308615 0.533023 0.158291 0.000010 0.000010 0.000010 0.000010
0.000010 0.036020 0.000010 0.157948 0.761536 0.000010 0.013411 0.031036 0.000010 0.000010
0.701282 0.000010 0.000010 0.000010 0.000010 0.000010 0.298638 0.000010 0.000010 0.000010
0.000010 0.000010 0.000010 0.000010 0.999910 0.000010 0.000010 0.000010 0.000010 0.000010
0.000010 0.009803 0.254118 0.000010 0.736009 0.000010 0.000010 0.000010 0.000010 0.000010
0.000010 0.000010 0.000010 0.000010 0.999910 0.000010 0.000010 0.000010 0.000010 0.000010
0.000010 0.000010 0.000010 0.000010 0.931967 0.000010 0.000010 0.067953 0.000010 0.000010
0.000010 0.000010 0.099944 0.000010 0.899976 0.000010 0.000010 0.000010 0.000010 0.000010
0.000010 0.137343 0.000010 0.086078 0.000010 0.000010 0.000010 0.186212 0.000010 0.590306
