0.000010 0.000010 0.000010 0.000010 0.000010 0.000010 0.000010 0.999910 0.000010 0.000010
0.000010 0.000010 0.000010 0.209127 0.000010 0.142784 0.000010 0.000010 0.000010 0.648019
0.000010 0.999910 0.000010 0.000010 0.000010 0.000010 0.000010 0.000010 0.000010 0.000010
0.000010 0.000010 0.271708 0.000010 0.000010 0.000010 0.000010 0.518909 0.000010 0.209313
0.557384 0.442536 0.000010 0.000010 0.000010 0.000010 0.000010 0.000010 0.000010 0.000010
0.000010 0.000010 0.056857 0.000010 0.000010 0.000010 0.000010 0.656819 0.083312 0.202952
0.000010 0.000010 0.000010 0.000010 0.000010 0.000010 0.000010 0.000010 0.137091 0.862829
0.000010 0.000010 0.000010 0.000010 0.000010 0.000010 0.000010 0.000010 0.176642 0.823278
0.000010 0.999909 0.000011 0.000010 0.000010 0.000010 0.000010 0.000010 0.000010 0.000010
0.445002 0.554918 0.000010 0.000010 0.000010 0.000010 0.000010 0.000010 0.000010 0.000010
0.000010 0.000010 0.000010 0.000010 0.000010 0.000015 0.000010 0.000010 0.000010 0.999905
0.130067 0.757449 0.000010 0.000010 0.112415 0.000010 0.000010 0.000010 0.000010 0.000010
0.000010 0.000010 0.999910 0.000010 0.000010 0.000010 0.000010 0.000010 0.000010 0.000010
0.000010 0.000010 0.000010 0.000010 0.999910 0.000010 0.000010 0.000010 0.000010 0.000010
0.370340 0.629580 0.000010 0.000010 0.000010 0.000010 0.000010 0.000010 0.000010 0.000010
0.000010 0.000010 0.999910 0.000010 0.000010 0.000010 0.000010 0.000010 0.000010 0.000010
0.000010 0.999910 0.000010 0.000010 0.000010 0.000010 0.000010 0.000010 0.000010 0.000010
0.000010 0.999910 0.000010 0.000010 0.000010 0.000010 0.000010 0.000010 0.000010 0.000010
0.251839 0.728124 0.000010 0.000010 0.019967 0.000010 0.000010 0.000010 0.000010 0.000010
0.270818 0.729102 0.000010 0.000010 0.000010 0.000010 0.000010 0.000010 0.000010 0.000010
0.000010 0.999910 0.000010 0.000010 0.000010 0.000010 0.000010 0.000010 0.000010 0.000010
0.000010 0.000010 0.000010 0.000010 0.000010 0.000010 0.000010 0.000010 0.000010 0.999910
0.000010 0.000010 0.000010 0.000010 0.000010 0.000010 0.296587 0.000010 0.000010 0.703333
0.000010 0.000010 0.000010 0.000010 0.000010 0.401680 0.598240 0.000010 0.000010 0.000010
0.000010 0.000010 0.000010 0.000010 0.000010 0.000010 0.369152 0.630768 0.000010 0.000010
0.000010 0.000010 0.000010 0.071945 0.000010 0.000010 0.000010 0.442952 0.485033 0.000010
0.000010 0.000010 0.000010 0.024174 0.000010 0.003464 0.263878 0.172281 0.363681 0.172481
0.000010 0.000010 0.000010 0.000010 0.000010 0.000010 0.969169 0.000010 0.030751 0.000010
0.000010 0.000010 0.000010 0.002412 0.000010 0.063641 0.126431 0.000010 0.807455 0.000010
0.000010 0.000010 0.000010 0.000010 0.000010 0.000010 0.000010 0.000010 0.999910 0.000010
0.000010 0.000010 0.000010 0.000010 0.000010 0.085466 0.146922 0.326909 0.440643 0.000010
0.000010 0.000010 0.000010 0.235344 0.000010 0.000010 0.000010 0.000010 0.764576 0.000010
0.000010 0.000010 0.000010 0.000010 0.000010 0.175371 0.000010 0.000010 0.824549 0.000010
0.000010 0.000010 0.000010 0.000010 0.000010 0.000010 0.362585 0.000010 0.329983 0.307362
0.000010 0.000010 0.181354 0.000010 0.000010 0.073577 0.000010 0.400814 0.217918 0.126287
0.000010 0.000010 0.000010 0.000010 0.000010 0.000010 0.751716 0.000010 0.000010 0.248204
0.000010 0.000010 0.000010 0.000010 0.000010 0.000010 0.364639 0.000010 0.635281 0.000010
0.000010 0.000010 0.000010 0.999910 0.000010 0.000010 0.000010 0.000010 0.000010 0.000010
0.000010 0.000010 0.000010 0.999910 0.000010 0.000010 0.000010 0.000010 0.000010 0.000010
0.000010 0.000010 0.000010 0.000010 0.000010 0.000010 0.333850 0.000010 0.060145 0.605935
0.000010 0.000010 0.000010 0.000010 0.000010 0.000010 0.379459 0.000010 0.620461 0.000010
0.000010 0.000010 0.000010 0.000010 0.000010 0.999910 0.000010 0.000010 0.000010 0.000010
0.000010 0.000010 0.000010 0.000010 0.000010 0.000010 0.440237 0.559683 0.000010 0.000010
0.000010 0.000010 0.000010 0.000010 0.000010 0.000010 0.000010 0.000010 0.000010 0.999910
0.000010 0.000010 0.014585 0.172581 0.000010 0.758517 0.054257 0.000010 0.000010 0.000010
0.000010 0.000010 0.000010 0.000010 0.000010 0.000010 0.000010 0.000010 0.000010 0.999910
0.000010 0.000010 0.000010 0.000010 0.000010 0.443665 0.556255 0.000010 0.000010 0.000010
0.000010 0.000010 0.000010 0.999910 0.000010 0.000010 0.000010 0.000010 0.000010 0.000010
0.000010 0.000010 0.000010 0.000010 0.000010 0.999910 0.000010 0.000010 0.000010 0.000010
0.000010 0.000010 0.000010 0.999910 0.000010 0.000010 0.000010 0.000010 0.000010 0.000010
0.583387 0.000010 0.000010 0.000010 0.416533 0.000010 0.000010 0.000010 0.000010 0.000010
0.999910 0.000010 0.000010 0.000010 0.000010 0.000010 0.000010 0.000010 0.000010 0.000010
0.807970 0.009769 0.000010 0.000010 0.182192 0.000010 0.000010 0.000010 0.000010 0.000010
0.000010 0.000010 0.000010 0.240147 0.000010 0.290879 0.000010 0.425569 0.043345 0.000010
0.000010 0.000010 0.021135 0.492352 0.000010 0.187345 0.119499 0.179619 0.000010 0.000010
0.000010 0.000010 0.000010 0.000010 0.000010 0.999910 0.000010 0.000010 0.000010 0.000010
0.000010 0.000010 0.000010 0.104203 0.000010 0.331877 0.000010 0.439528 0.072724 0.051618
0.000010 0.000010 0.000010 0.000010 0.000010 0.000010 0.999910 0.000010 0.000010 0.000010
0.000010 0.000010 0.000010 0.000010 0.000010 0.000010 0.999910 0.000010 0.000010 0.000010
0.999910 0.000010 0.000010 0.000010 0.000010 0.000010 0.000010 0.000010 0.000010 0.000010
0.000010 0.000010 0.731711 0.268209 0.000010 0.000010 0.000010 0.000010 0.000010 0.000010
0.000010 0.000010 0.006714 0.213407 0.000010 0.357166 0.419560 0.000010 0.003104 0.000010
0.000010 0.000010 0.000010 0.000010 0.000010 0.999910 0.000010 0.000010 0.000010 0.000010
0.000010 0.000010 0.000010 0.000010 0.000010 0.555924 0.118420 0.160424 0.000010 0.165173
0.000010 0.000010 0.000010 0.000010 0.000010 0.999910 0.000010 0.000010 0.000010 0.000010
0.000010 0.000010 0.000010 0.318105 0.000010 0.000010 0.681815 0.000010 0.000010 0.000010
0.000010 0.000010 0.000010 0.000010 0.000010 0.260633 0.700798 0.000010 0.038500 0.000010
0.000010 0.000010 0.000010 0.000010 0.000010 0.276152 0.087240 0.520332 0.000010 0.116216
0.000010 0.000010 0.000010 0.000010 0.000010 0.999910 0.000010 0.000010 0.000010 0.000010
0.000010 0.000010 0.000010 0.219901 0.000010 0.391208 0.388821 0.000010 0.000010 0.000010
0.000010 0.000010 0.073248 0.264602 0.000010 0.333788 0.000010 0.259458 0.068854 0.000010
0.000010 0.000010 0.000010 0.000010 0.000010 0.737883 0.166894 0.000010 0.063451 0.031712
0.000010 0.000010 0.000010 0.000011 0.000010 0.247968 0.206210 0.387803 0.000010 0.157957
0.000010 0.000010 0.000010 0.000010 0.000010 0.000010 0.999910 0.000010 0.000010 0.000010
0.000010 0.000010 0.000010 0.000010 0.000010 0.999910 0.000010 0.000010 0.000010 0.000010
0.633106 0.132847 0.000010 0.000010 0.233977 0.000010 0.000010 0.000010 0.000010 0.000010
0.000010 0.000010 0.000010 0.999910 0.000010 0.000010 0.000010 0.000010 0.000010 0.000010
0.000010 0.000010 0.000010 0.403704 0.000010 0.267737 0.090020 0.238479 0.000010 0.000010
0.000010 0.000010 0.476247 0.523664 0.000019 0.000010 0.000010 0.000010 0.000010 0.000010
0.000010 0.000010 0.000010 0.871077 0.000010 0.128843 0.000010 0.000010 0.000010 0.000010
0.441335 0.000010 0.000010 0.000010 0.558585 0.000010 0.000010 0.000010 0.000010 0.000010
0.000010 0.000010 0.000010 0.000010 0.000010 0.999910 0.000010 0.000010 0.000010 0.000010
0.000010 0.000010 0.000010 0.000010 0.000010 0.999910 0.000010 0.000010 0.000010 0.000010
0.000010 0.000010 0.002230 0.162361 0.000010 0.053357 0.228298 0.352967 0.000010 0.200747
0.000010 0.000010 0.000010 0.000010 0.000010 0.999910 0.000010 0.000010 0.000010 0.000010
0.000010 0.000010 0.000010 0.000010 0.000010 0.000010 0.000010 0.997944 0.000010 0.001976
0.999910 0.000010 0.000010 0.000010 0.000010 0.000010 0.000010 0.000010 0.000010 0.000010
0.000010 0.000010 0.000010 0.999910 0.000010 0.000010 0.000010 0.000010 0.000010 0.000010
0.000010 0.000010 0.117498 0.608911 0.000010 0.000010 0.000010 0.235239 0.038292 0.000010
0.000010 0.000010 0.000010 0.999910 0.000010 0.000010 0.000010 0.000010 0.000010 0.000010
0.000010 0.000010 0.000017 0.999899 0.000010 0.000014 0.000010 0.000010 0.000010 0.000010
0.714503 0.092634 0.000010 0.000010 0.192793 0.000010 0.000010 0.000010 0.000010 0.000010
0.554484 0.041132 0.000010 0.000010 0.404315 0.000010 0.000010 0.000010 0.000010 0.000010
0.000010 0.000010 0.000010 0.999910 0.000010 0.000010 0.000010 0.000010 0.000010 0.000010
0.000010 0.000010 0.000010 0.080162 0.000010 0.588540 0.132246 0.198992 0.000010 0.000010
0.000010 0.000010 0.000010 0.999910 0.000010 0.000010 0.000010 0.000010 0.000010 0.000010
0.000010 0.000010 0.000010 0.049478 0.000010 0.437035 0.056751 0.429012 0.027675 0.000010
0.000010 0.000010 0.017746 0.000010 0.000010 0.282572 0.463868 0.213243 0.000010 0.022522
0.000010 0.000010 0.388882 0.207909 0.000010 0.133720 0.000010 0.269430 0.000010 0.000010
0.999907 0.000010 0.000010 0.000013 0.000010 0.000010 0.000010 0.000010 0.000010 0.000010
0.000010 0.000010 0.000010 0.000010 0.999910 0.000010 0.000010 0.000010 0.000010 0.000010
0.560861 0.137659 0.000010 0.000010 0.301409 0.000010 0.000010 0.000010 0.000010 0.000010
0.000010 0.000010 0.000010 0.000010 0.999910 0.000010 0.000010 0.000010 0.000010 0.000010
0.000010 0.000010 0.999910 0.000010 0.000010 0.000010 0.000010 0.000010 0.000010 0.000010
0.862913 0.000010 0.000010 0.000010 0.137007 0.000010 0.000010 0.000010 0.000010 0.000010
0.999910 0.000010 0.000010 0.000010 0.000010 0.000010 0.000010 0.000010 0.000010 0.000010
0.746657 0.000010 0.000010 0.000010 0.253263 0.000010 0.000010 0.000010 0.000010 0.000010
0.999910 0.000010 0.000010 0.000010 0.000010 0.000010 0.000010 0.000010 0.000010 0.000010
0.000010 0.000010 0.000010 0.000010 0.000010 0.000010 0.000010 0.000010 0.999910 0.000010
0.000010 0.000010 0.000010 0.000015 0.000010 0.000010 0.000010 0.084637 0.915278 0.000010
0.000010 0.000010 0.000010 0.000010 0.000010 0.000010 0.000010 0.000010 0.626916 0.373004
0.000010 0.000010 0.000534 0.218461 0.000010 0.000010 0.145586 0.296233 0.198947 0.140200
0.000010 0.000010 0.000010 0.000010 0.000010 0.174736 0.000010 0.000010 0.154159 0.671035
0.000010 0.000010 0.148788 0.090960 0.000010 0.000010 0.085604 0.469361 0.205237 0.000010
0.000010 0.000010 0.000010 0.000010 0.000010 0.000010 0.000010 0.000010 0.000010 0.999910
0.000010 0.000010 0.000010 0.000010 0.000010 0.000010 0.000010 0.787722 0.212198 0.000010
0.000010 0.000010 0.000010 0.000010 0.000010 0.000010 0.000010 0.000010 0.000010 0.999910
0.000010 0.000010 0.000010 0.000010 0.000010 0.105393 0.000010 0.000010 0.647525 0.247012
0.000010 0.000010 0.000010 0.000010 0.000010 0.000010 0.000010 0.999910 0.000010 0.000010
0.000010 0.000010 0.000010 0.000010 0.000010 0.000010 0.000010 0.350348 0.518907 0.130676
0.000010 0.000010 0.000010 0.000010 0.000010 0.000010 0.000010 0.933438 0.022230 0.044262
