0.000010 0.516831 0.483159
0.999980 0.000010 0.000010
0.000010 0.999980 0.000010
0.000010 0.999980 0.000010
0.000010 0.000010 0.999980
0.000010 0.164618 0.835372
0.001092 0.082822 0.916086
0.000010 0.999980 0.000010
0.000010 0.999980 0.000010
0.999980 0.000010 0.000010
0.040945 0.000010 0.959045
0.999980 0.000010 0.000010
0.000010 0.999980 0.000010
0.000010 0.000010 0.999980
0.000010 0.485256 0.514734
0.000010 0.000010 0.999980
0.999980 0.000010 0.000010
0.999980 0.000010 0.000010
0.000010 0.999980 0.000010
0.027749 0.000010 0.972241
0.000010 0.000010 0.999980
0.000010 0.999980 0.000010
0.948366 0.000010 0.051624
0.000010 0.486454 0.513536
0.999980 0.000010 0.000010
0.000010 0.222287 0.777703
0.999980 0.000010 0.000010
0.000010 0.000010 0.999980
0.999980 0.000010 0.000010
0.999980 0.000010 0.000010
0.000010 0.999980 0.000010
0.000010 0.395128 0.604862
0.000010 0.476274 0.523716
0.000010 0.999980 0.000010
0.999980 0.000010 0.000010
0.000010 0.000010 0.999980
0.000010 0.231932 0.768058
0.000010 0.000010 0.999980
0.000010 0.411354 0.588636
0.000010 0.717125 0.282865
0.000010 0.204700 0.795290
0.000010 0.999980 0.000010
0.966311 0.000010 0.033679
0.000010 0.758134 0.241856
0.023721 0.148520 0.827759
0.000010 0.999980 0.000010
0.000010 0.000010 0.999980
0.000010 0.000010 0.999980
0.000010 0.000010 0.999980
0.999980 0.000010 0.000010
0.999980 0.000010 0.000010
0.456039 0.000010 0.543951
0.000010 0.000010 0.999980
0.999980 0.000010 0.000010
0.000010 0.999980 0.000010
0.000010 0.999980 0.000010
0.028250 0.971740 0.000010
0.000010 0.000010 0.999980
0.000010 0.451767 0.548223
0.000010 0.486842 0.513148
0.966568 0.000010 0.033422
0.000010 0.238654 0.761336
0.000010 0.749288 0.250702
0.979905 0.000010 0.020085
0.000010 0.639604 0.360386
0.000010 0.000010 0.999980
0.000010 0.718579 0.281411
0.999980 0.000010 0.000010
0.887071 0.000010 0.112919
0.000010 0.470706 0.529284
0.954198 0.045792 0.000010
0.000010 0.667534 0.332456
0.999980 0.000010 0.000010
0.999980 0.000010 0.000010
0.999980 0.000010 0.000010
0.999980 0.000010 0.000010
0.000010 0.628577 0.371413
0.999980 0.000010 0.000010
0.000010 0.000010 0.999980
0.000010 0.153932 0.846058
0.000010 0.000010 0.999980
0.999980 0.000010 0.000010
0.000010 0.999980 0.000010
0.999980 0.000010 0.000010
0.000010 0.000010 0.999980
0.000010 0.000010 0.999980
0.023171 0.449690 0.527140
0.006465 0.326454 0.667080
0.031322 0.000010 0.968668
0.999980 0.000010 0.000010
0.899652 0.000010 0.100338
0.000010 0.000010 0.999980
0.986822 0.013168 0.000010
0.000010 0.476180 0.523810
0.000010 0.999980 0.000010
0.999980 0.000010 0.000010
0.000010 0.183022 0.816968
0.999980 0.000010 0.000010
