0.000010 0.000010 0.000010 0.999970
0.000010 0.999970 0.000010 0.000010
0.999970 0.000010 0.000010 0.000010
0.999970 0.000010 0.000010 0.000010
0.000010 0.000010 0.999970 0.000010
0.000010 0.000010 0.999970 0.000010
0.557520 0.003850 0.438620 0.000010
0.936802 0.000010 0.000010 0.063178
0.999970 0.000010 0.000010 0.000010
0.000010 0.999970 0.000010 0.000010
0.414857 0.033080 0.552053 0.000010
0.000010 0.999970 0.000010 0.000010
0.999970 0.000010 0.000010 0.000010
0.519301 0.000010 0.480679 0.000010
0.607727 0.000010 0.307497 0.084766
0.730643 0.000010 0.269337 0.000010
0.000010 0.999970 0.000010 0.000010
0.000010 0.999970 0.000010 0.000010
0.999970 0.000010 0.000010 0.000010
0.971953 0.028027 0.000010 0.000010
0.372865 0.000010 0.627115 0.000010
0.746876 0.000010 0.253104 0.000010
0.042949 0.957031 0.000010 0.000010
0.999970 0.000010 0.000010 0.000010
0.000010 0.999970 0.000010 0.000010
0.291081 0.000010 0.708899 0.000010
0.000010 0.999970 0.000010 0.000010
0.000010 0.000010 0.999970 0.000010
0.000010 0.999970 0.000010 0.000010
0.000010 0.999970 0.000010 0.000010
0.999970 0.000010 0.000010 0.000010
0.000010 0.000010 0.999970 0.000010
0.473622 0.000010 0.526358 0.000010
0.388499 0.000010 0.611481 0.000010
0.000010 0.999970 0.000010 0.000010
0.000010 0.000010 0.999970 0.000010
0.701796 0.000010 0.059471 0.238723
0.000010 0.000010 0.999970 0.000010
0.584610 0.000010 0.384320 0.031060
0.999970 0.000010 0.000010 0.000010
0.647878 0.000010 0.352102 0.000010
0.999970 0.000010 0.000010 0.000010
0.000010 0.960140 0.039840 0.000010
0.999970 0.000010 0.000010 0.000010
0.764138 0.023085 0.212767 0.000010
0.000010 0.000010 0.000010 0.999970
0.802616 0.000010 0.197364 0.000010
0.000010 0.000010 0.999970 0.000010
0.000010 0.000010 0.999970 0.000010
0.000010 0.999970 0.000010 0.000010
0.000010 0.999970 0.000010 0.000010
0.000010 0.446456 0.553524 0.000010
0.000010 0.000010 0.999970 0.000010
0.000010 0.999970 0.000010 0.000010
0.000010 0.000010 0.999970 0.000010
0.420609 0.000010 0.460477 0.118904
0.807611 0.037344 0.155035 0.000010
0.999970 0.000010 0.000010 0.000010
0.999970 0.000010 0.000010 0.000010
0.482709 0.000010 0.517271 0.000010
0.000010 0.946228 0.053752 0.000010
0.242434 0.000010 0.757546 0.000010
0.999970 0.000010 0.000010 0.000010
0.000010 0.975287 0.024693 0.000010
0.999970 0.000010 0.000010 0.000010
0.000010 0.000010 0.999970 0.000010
0.999970 0.000010 0.000010 0.000010
0.000010 0.999970 0.000010 0.000010
0.000010 0.878351 0.121629 0.000010
0.693680 0.000010 0.306300 0.000010
0.046002 0.953978 0.000010 0.000010
0.999970 0.000010 0.000010 0.000010
0.000010 0.999970 0.000010 0.000010
0.000010 0.999970 0.000010 0.000010
0.000010 0.634935 0.000010 0.365045
0.000010 0.999970 0.000010 0.000010
0.999970 0.000010 0.000010 0.000010
0.000010 0.999970 0.000010 0.000010
0.000010 0.000010 0.999970 0.000010
0.999970 0.000010 0.000010 0.000010
0.391083 0.000010 0.608897 0.000010
0.000010 0.999970 0.000010 0.000010
0.999970 0.000010 0.000010 0.000010
0.000010 0.999970 0.000010 0.000010
0.498036 0.000010 0.501944 0.000010
0.000010 0.000010 0.999970 0.000010
0.999970 0.000010 0.000010 0.000010
0.000010 0.000010 0.999970 0.000010
0.798249 0.030504 0.171237 0.000010
0.000010 0.999970 0.000010 0.000010
0.110140 0.889840 0.000010 0.000010
0.000010 0.000010 0.999970 0.000010
0.000010 0.975486 0.024494 0.000010
0.838221 0.000010 0.161759 0.000010
0.693429 0.000010 0.306551 0.000010
0.000010 0.999970 0.000010 0.000010
0.999970 0.000010 0.000010 0.000010
0.000010 0.999970 0.000010 0.000010
