0.000010 0.688576 0.213354 0.000010 0.032623 0.000010 0.065418
0.000010 0.999940 0.000010 0.000010 0.000010 0.000010 0.000010
0.000010 0.930911 0.069039 0.000010 0.000010 0.000010 0.000010
0.000010 0.769251 0.226613 0.004097 0.000010 0.000010 0.000010
0.101406 0.898542 0.000010 0.000012 0.000010 0.000010 0.000010
0.248399 0.751551 0.000010 0.000010 0.000010 0.000010 0.000010
0.000010 0.999940 0.000010 0.000010 0.000010 0.000010 0.000010
0.000010 0.953910 0.042293 0.000010 0.003757 0.000010 0.000010
0.000010 0.737988 0.168318 0.000010 0.000010 0.000010 0.093654
0.000010 0.000010 0.000010 0.000010 0.000010 0.999940 0.000010
0.000010 0.000010 0.000010 0.000010 0.000010 0.999940 0.000010
0.000010 0.738018 0.261932 0.000010 0.000010 0.000010 0.000010
0.000010 0.871604 0.128346 0.000010 0.000010 0.000010 0.000010
0.000010 0.907400 0.000010 0.000010 0.000010 0.000010 0.092550
0.018018 0.981932 0.000010 0.000010 0.000010 0.000010 0.000010
0.100188 0.600452 0.145694 0.000010 0.021483 0.040170 0.092004
0.000010 0.954700 0.043523 0.000010 0.001737 0.000010 0.000010
0.000010 0.809893 0.187720 0.000010 0.000010 0.000010 0.002347
0.000010 0.998595 0.001355 0.000010 0.000010 0.000010 0.000010
0.000010 0.939434 0.000010 0.000010 0.000010 0.000010 0.060516
0.000010 0.860843 0.000010 0.015414 0.000010 0.000010 0.123703
0.000010 0.999940 0.000010 0.000010 0.000010 0.000010 0.000010
0.000010 0.935318 0.000010 0.000010 0.000010 0.000010 0.064632
0.067385 0.932565 0.000010 0.000010 0.000010 0.000010 0.000010
0.000010 0.999940 0.000010 0.000010 0.000010 0.000010 0.000010
0.000010 0.917493 0.082457 0.000010 0.000010 0.000010 0.000010
0.000010 0.638363 0.194507 0.000010 0.000010 0.050124 0.116976
0.479573 0.000010 0.059455 0.000010 0.000010 0.000010 0.460931
0.000010 0.972233 0.000010 0.000010 0.027717 0.000010 0.000010
0.000010 0.957315 0.000010 0.000010 0.000010 0.000010 0.042635
0.000010 0.947164 0.000010 0.000010 0.000010 0.000010 0.052786
0.000010 0.590833 0.132654 0.000010 0.013715 0.087985 0.174793
0.000010 0.690950 0.111774 0.000010 0.000010 0.000010 0.197236
0.000010 0.999940 0.000010 0.000010 0.000010 0.000010 0.000010
0.000010 0.000010 0.000010 0.000010 0.000010 0.999940 0.000010
0.000010 0.333078 0.000010 0.000010 0.000010 0.598165 0.068717
0.159611 0.721414 0.118935 0.000010 0.000010 0.000010 0.000010
0.000010 0.947042 0.000010 0.000010 0.000010 0.000010 0.052908
0.039898 0.831033 0.000010 0.038330 0.000010 0.000010 0.090708
0.000010 0.618630 0.205223 0.020489 0.000010 0.000010 0.155628
0.000010 0.829492 0.000010 0.000010 0.000010 0.000010 0.170458
0.113923 0.866488 0.000010 0.000010 0.019549 0.000010 0.000010
0.000010 0.671987 0.000010 0.000010 0.000010 0.183203 0.144771
0.213244 0.640429 0.000010 0.009488 0.000010 0.136808 0.000010
0.000010 0.000010 0.000010 0.777998 0.221952 0.000010 0.000010
0.000010 0.754020 0.000010 0.008100 0.000010 0.000010 0.237840
0.125716 0.445250 0.196800 0.000010 0.000010 0.000010 0.232205
0.000010 0.578356 0.167877 0.000010 0.000010 0.038195 0.215543
0.000010 0.756321 0.122613 0.000010 0.000010 0.000010 0.121025
0.000010 0.000010 0.000010 0.999940 0.000010 0.000010 0.000010
0.000010 0.757761 0.000010 0.000010 0.000010 0.080031 0.162168
0.136552 0.552952 0.128055 0.000010 0.000010 0.000010 0.182411
0.000010 0.000010 0.000010 0.999940 0.000010 0.000010 0.000010
0.081066 0.593625 0.100953 0.000010 0.000010 0.096867 0.127468
0.000010 0.000010 0.000010 0.999940 0.000010 0.000010 0.000010
0.000010 0.000010 0.000010 0.999940 0.000010 0.000010 0.000010
0.000010 0.774954 0.041622 0.000010 0.000010 0.000010 0.183383
0.000010 0.000010 0.000010 0.999940 0.000010 0.000010 0.000010
0.000010 0.000010 0.000010 0.000010 0.000010 0.999940 0.000010
0.000010 0.000010 0.000010 0.999940 0.000010 0.000010 0.000010
0.000010 0.000010 0.000010 0.000010 0.000010 0.999940 0.000010
0.000010 0.421829 0.252002 0.000010 0.000010 0.165858 0.160281
0.071600 0.801796 0.124645 0.001929 0.000010 0.000010 0.000010
0.000010 0.732750 0.000010 0.000010 0.000010 0.096853 0.170357
0.000010 0.523107 0.397532 0.000010 0.000010 0.000010 0.079322
0.313742 0.000010 0.000010 0.000010 0.000010 0.000010 0.686208
0.232153 0.000010 0.000010 0.000010 0.000010 0.000010 0.767797
0.455699 0.000010 0.000010 0.000010 0.000010 0.013040 0.531221
0.210763 0.000010 0.123509 0.000010 0.000010 0.000010 0.665689
0.274277 0.000010 0.000010 0.000010 0.000010 0.000010 0.725673
0.548827 0.000010 0.184313 0.005472 0.000010 0.000010 0.261359
0.628829 0.000010 0.000010 0.000010 0.000010 0.000010 0.371121
0.431554 0.000010 0.000010 0.004148 0.000010 0.000010 0.564258
0.000010 0.000010 0.000010 0.287149 0.712801 0.000010 0.000010
0.311535 0.000010 0.069715 0.000010 0.000010 0.000010 0.618710
0.429359 0.053785 0.107987 0.000010 0.000010 0.000010 0.408840
0.324758 0.000010 0.000010 0.000010 0.000010 0.000010 0.675192
0.225054 0.000010 0.062607 0.012487 0.000010 0.000010 0.699822
0.000010 0.000010 0.000010 0.000010 0.000010 0.000010 0.999940
0.000010 0.000010 0.000010 0.000010 0.000010 0.000010 0.999940
0.432886 0.000010 0.000010 0.000010 0.000010 0.000010 0.567064
0.000010 0.474210 0.181981 0.000010 0.000010 0.000010 0.343769
0.453296 0.257853 0.000010 0.000010 0.000010 0.000010 0.288811
0.000010 0.000010 0.000010 0.000010 0.999940 0.000010 0.000010
0.151230 0.000010 0.000010 0.000010 0.000010 0.000010 0.848720
0.262214 0.000010 0.000010 0.000010 0.004381 0.000010 0.733364
0.201099 0.000010 0.000010 0.015715 0.000010 0.000010 0.783145
0.406886 0.057831 0.000010 0.000010 0.011797 0.000010 0.523457
0.492801 0.000010 0.078784 0.000010 0.023389 0.000010 0.404996
0.000010 0.000010 0.000010 0.000010 0.999940 0.000010 0.000010
0.177487 0.000010 0.000010 0.000479 0.000010 0.000010 0.821994
0.423216 0.000010 0.037765 0.000010 0.000010 0.000010 0.538979
0.000010 0.000010 0.000010 0.000010 0.999940 0.000010 0.000010
0.000010 0.000010 0.000010 0.000010 0.000010 0.000010 0.999940
0.000010 0.000010 0.000010 0.000010 0.999940 0.000010 0.000010
0.000010 0.000010 0.000010 0.000010 0.999940 0.000010 0.000010
0.000010 0.000010 0.000010 0.191153 0.808797 0.000010 0.000010
0.580581 0.000010 0.000010 0.000010 0.000010 0.000010 0.419369
0.223555 0.000010 0.099593 0.000010 0.003316 0.000010 0.673506
0.124009 0.048523 0.764374 0.000010 0.000010 0.000010 0.063063
0.289918 0.000010 0.710032 0.000010 0.000010 0.000010 0.000010
0.042671 0.287323 0.669966 0.000010 0.000010 0.000010 0.000010
0.000010 0.036983 0.846437 0.000010 0.000010 0.000010 0.116540
0.000010 0.240961 0.519769 0.000010 0.034843 0.000010 0.204397
0.152036 0.000010 0.847914 0.000010 0.000010 0.000010 0.000010
0.192707 0.000010 0.000010 0.000010 0.000010 0.000010 0.807243
0.000010 0.000010 0.000010 0.000010 0.999940 0.000010 0.000010
0.372417 0.000010 0.029748 0.000010 0.000010 0.000010 0.597795
0.000010 0.000010 0.000010 0.000010 0.000010 0.000010 0.999940
0.603733 0.000010 0.000010 0.000010 0.000010 0.000010 0.396217
0.000010 0.000013 0.000010 0.234037 0.765911 0.000010 0.000010
0.282458 0.000010 0.000010 0.000010 0.000010 0.000010 0.717492
0.526365 0.000010 0.000010 0.000010 0.000010 0.000010 0.473585
0.263559 0.052381 0.042357 0.000010 0.000010 0.000010 0.641673
0.477555 0.000010 0.000010 0.000010 0.000010 0.000010 0.522395
0.786890 0.000010 0.213060 0.000010 0.000010 0.000010 0.000010
0.313602 0.000010 0.000010 0.000010 0.000010 0.000010 0.686348
0.319218 0.000010 0.111004 0.000010 0.000010 0.000010 0.569739
0.522521 0.000010 0.000010 0.000010 0.000010 0.000010 0.477429
0.268528 0.000010 0.000010 0.000010 0.000010 0.000010 0.731422
0.000010 0.000010 0.000010 0.000010 0.999940 0.000010 0.000010
0.000010 0.000010 0.000010 0.000010 0.000010 0.000010 0.999940
0.526488 0.000010 0.000010 0.000010 0.000010 0.000010 0.473462
0.426976 0.000010 0.000010 0.000010 0.000010 0.000010 0.572974
0.000010 0.000010 0.000010 0.000010 0.000010 0.000010 0.999940
0.999937 0.000010 0.000010 0.000010 0.000013 0.000010 0.000010
0.276641 0.000010 0.000010 0.000010 0.000010 0.061682 0.661637
0.999940 0.000010 0.000010 0.000010 0.000010 0.000010 0.000010
0.445524 0.000010 0.000010 0.000010 0.000010 0.000010 0.554426
0.664603 0.000010 0.000010 0.000010 0.000010 0.000010 0.335347
0.999940 0.000010 0.000010 0.000010 0.000010 0.000010 0.000010
0.547813 0.105202 0.000010 0.000010 0.011227 0.000010 0.335728
0.000010 0.000010 0.000010 0.000010 0.000010 0.000010 0.999940
0.000010 0.000010 0.000010 0.000010 0.000010 0.000010 0.999940
0.520296 0.050330 0.000010 0.000010 0.000010 0.000010 0.429334
0.302088 0.000010 0.000010 0.000010 0.000010 0.000010 0.697862
0.106530 0.000010 0.000010 0.000010 0.000010 0.000010 0.893420
0.000010 0.000010 0.000010 0.000010 0.000010 0.000010 0.999940
0.395294 0.000010 0.095213 0.004985 0.000010 0.000010 0.504478
0.224634 0.000010 0.000010 0.000010 0.000010 0.000010 0.775316
0.000010 0.000010 0.057433 0.000010 0.000010 0.000010 0.942517
0.000010 0.000012 0.000010 0.000010 0.999938 0.000010 0.000010
0.000010 0.000010 0.000010 0.000010 0.999940 0.000010 0.000010
0.365436 0.000010 0.000010 0.000010 0.000010 0.000010 0.634514
0.000010 0.000010 0.000010 0.000010 0.999940 0.000010 0.000010
0.946538 0.000010 0.000010 0.000010 0.000010 0.000010 0.053412
0.695091 0.000010 0.000010 0.000010 0.000010 0.000010 0.304859
0.000010 0.000010 0.000010 0.000010 0.999940 0.000010 0.000010
0.000010 0.000010 0.000010 0.000010 0.999940 0.000010 0.000010
0.363643 0.000010 0.000010 0.000010 0.000010 0.000010 0.636307
0.000010 0.000010 0.000010 0.000010 0.999940 0.000010 0.000010
0.000010 0.000010 0.000010 0.000010 0.999940 0.000010 0.000010
0.000010 0.000010 0.000010 0.000010 0.999940 0.000010 0.000010
0.000010 0.798926 0.201024 0.000010 0.000010 0.000010 0.000010
0.063568 0.883554 0.052837 0.000010 0.000010 0.000010 0.000010
0.000010 0.835547 0.158248 0.004283 0.000010 0.000010 0.001891
0.000010 0.916594 0.000010 0.000010 0.000010 0.000010 0.083356
0.000010 0.000010 0.000010 0.793658 0.206292 0.000010 0.000010
0.474363 0.104581 0.000010 0.000010 0.000010 0.000010 0.421016
0.000010 0.861921 0.000010 0.000010 0.000010 0.007106 0.130932
0.000010 0.999940 0.000010 0.000010 0.000010 0.000010 0.000010
0.191883 0.703899 0.104178 0.000010 0.000010 0.000010 0.000010
0.172403 0.788371 0.000010 0.039186 0.000010 0.000010 0.000010
0.112146 0.887804 0.000010 0.000010 0.000010 0.000010 0.000010
0.000010 0.956348 0.000010 0.000010 0.000010 0.000010 0.043602
0.000010 0.843753 0.000010 0.000010 0.000010 0.000010 0.156197
0.000010 0.711992 0.113821 0.000010 0.000010 0.000010 0.174147
0.000010 0.863619 0.000010 0.000010 0.000010 0.000010 0.136331
0.000010 0.999940 0.000010 0.000010 0.000010 0.000010 0.000010
0.087304 0.895664 0.000010 0.000010 0.004731 0.000010 0.012271
0.000010 0.971929 0.000010 0.000010 0.000010 0.028021 0.000010
0.000010 0.866530 0.126444 0.000010 0.006986 0.000010 0.000010
0.000010 0.955130 0.000010 0.000010 0.000010 0.030535 0.014296
0.000010 0.999940 0.000010 0.000010 0.000010 0.000010 0.000010
0.223214 0.776736 0.000010 0.000010 0.000010 0.000010 0.000010
0.000010 0.837673 0.000010 0.000010 0.000010 0.000010 0.162277
0.201373 0.723048 0.075539 0.000010 0.000010 0.000010 0.000010
0.000010 0.785470 0.214480 0.000010 0.000010 0.000010 0.000010
0.000010 0.889261 0.000010 0.019921 0.000010 0.000010 0.090778
0.013934 0.863448 0.000010 0.000010 0.000010 0.000010 0.122578
0.000010 0.000010 0.000010 0.999940 0.000010 0.000010 0.000010
0.000010 0.988612 0.011338 0.000010 0.000010 0.000010 0.000010
0.000010 0.864356 0.135594 0.000010 0.000010 0.000010 0.000010
0.005615 0.994335 0.000010 0.000010 0.000010 0.000010 0.000010
0.000010 0.000010 0.000010 0.999940 0.000010 0.000010 0.000010
0.018823 0.981127 0.000010 0.000010 0.000010 0.000010 0.000010
0.000010 0.000010 0.000010 0.999940 0.000010 0.000010 0.000010
0.000010 0.999940 0.000010 0.000010 0.000010 0.000010 0.000010
0.084207 0.915743 0.000010 0.000010 0.000010 0.000010 0.000010
0.000010 0.929774 0.053592 0.016594 0.000010 0.000010 0.000010
0.084468 0.863941 0.051551 0.000010 0.000010 0.000010 0.000010
0.000010 0.999940 0.000010 0.000010 0.000010 0.000010 0.000010
0.048686 0.942438 0.008835 0.000010 0.000010 0.000010 0.000010
0.000010 0.860711 0.139112 0.000010 0.000136 0.000010 0.000010
0.179650 0.744687 0.075623 0.000010 0.000010 0.000010 0.000010
0.000010 0.999940 0.000010 0.000010 0.000010 0.000010 0.000010
0.352776 0.590844 0.056340 0.000010 0.000010 0.000010 0.000010
0.000010 0.937639 0.062311 0.000010 0.000010 0.000010 0.000010
0.000010 0.751696 0.157719 0.000010 0.000010 0.000010 0.090545
0.000010 0.693768 0.273523 0.000010 0.000010 0.032669 0.000010
0.403939 0.015527 0.000010 0.000010 0.000010 0.000010 0.580494
0.389890 0.000010 0.113385 0.000010 0.011564 0.000010 0.485131
0.362342 0.000010 0.000010 0.000010 0.000010 0.000010 0.637608
0.407774 0.000010 0.065230 0.000010 0.012347 0.000010 0.514619
0.292514 0.126576 0.000010 0.017785 0.000010 0.000010 0.563096
0.570187 0.000010 0.000010 0.000010 0.000010 0.000010 0.429763
0.199587 0.141443 0.000010 0.000010 0.000010 0.000010 0.658930
0.316726 0.000010 0.000010 0.000010 0.000010 0.000010 0.683224
0.410692 0.012171 0.000010 0.008474 0.000010 0.000010 0.568632
0.000010 0.063843 0.033519 0.000010 0.000010 0.000010 0.902598
0.444206 0.000010 0.000010 0.000010 0.000010 0.000010 0.555744
0.010276 0.000010 0.015061 0.000010 0.039987 0.000010 0.934646
0.000010 0.000010 0.000010 0.999940 0.000010 0.000010 0.000010
0.000010 0.000010 0.000010 0.000010 0.000010 0.000010 0.999940
0.439386 0.000010 0.000010 0.000010 0.000010 0.000010 0.560564
0.350224 0.000010 0.000010 0.000010 0.016146 0.000010 0.633590
0.356632 0.000010 0.000010 0.019267 0.000010 0.000010 0.624061
0.337907 0.046254 0.132550 0.000010 0.000010 0.000010 0.483258
0.602211 0.047333 0.000010 0.000010 0.000010 0.000010 0.350416
0.000010 0.000010 0.000010 0.000010 0.000010 0.000010 0.999940
0.563620 0.005882 0.000010 0.000015 0.000010 0.000010 0.430453
0.446421 0.000010 0.000010 0.000010 0.000010 0.000010 0.553529
0.618800 0.000010 0.000010 0.000010 0.000010 0.000010 0.381150
0.999940 0.000010 0.000010 0.000010 0.000010 0.000010 0.000010
0.306662 0.000010 0.000010 0.000010 0.004175 0.000010 0.689123
0.209402 0.000010 0.000010 0.000010 0.000010 0.000010 0.790548
0.702168 0.000010 0.023006 0.000010 0.000010 0.000010 0.274785
0.290751 0.000010 0.000010 0.000010 0.000010 0.000010 0.709199
0.999940 0.000010 0.000010 0.000010 0.000010 0.000010 0.000010
0.999940 0.000010 0.000010 0.000010 0.000010 0.000010 0.000010
0.393913 0.000010 0.094203 0.026444 0.000010 0.000010 0.485410
0.212679 0.000010 0.054626 0.000010 0.000010 0.000010 0.732655
0.000010 0.000010 0.000010 0.000010 0.000010 0.000010 0.999940
0.000010 0.763040 0.071608 0.000010 0.000010 0.000010 0.165312
0.000010 0.000010 0.059596 0.000010 0.000010 0.000010 0.940354
0.000010 0.000010 0.000010 0.025585 0.000010 0.000010 0.974365
0.084986 0.000010 0.000010 0.000010 0.000010 0.000010 0.914964
0.321966 0.000010 0.000010 0.000010 0.000010 0.000010 0.677984
0.525723 0.000010 0.000010 0.000010 0.000010 0.000010 0.474227
0.352970 0.000010 0.000010 0.000010 0.000010 0.000010 0.646980
0.296283 0.000010 0.062799 0.000010 0.000010 0.000010 0.640877
0.502397 0.000010 0.099494 0.000010 0.000010 0.000010 0.398069
0.135314 0.000010 0.000010 0.000010 0.000010 0.000010 0.864636
0.260672 0.000010 0.000010 0.000010 0.000010 0.000010 0.739278
0.176765 0.000010 0.090281 0.000010 0.000010 0.000010 0.732914
0.550284 0.000010 0.059920 0.000010 0.000010 0.000010 0.389756
0.417097 0.015997 0.000010 0.009322 0.000010 0.000010 0.557554
0.636854 0.000010 0.016672 0.000010 0.000010 0.000010 0.346434
0.309427 0.071710 0.000010 0.000010 0.000010 0.000010 0.618822
0.494301 0.000010 0.000010 0.000010 0.000010 0.000010 0.505649
0.634225 0.000010 0.000010 0.000010 0.000016 0.000010 0.365719
0.413474 0.000010 0.029787 0.000010 0.000010 0.000010 0.556699
0.581813 0.000010 0.072976 0.000010 0.000010 0.000010 0.345171
0.287920 0.000010 0.048903 0.000010 0.000010 0.000010 0.663137
0.895028 0.000010 0.000010 0.000010 0.000010 0.000010 0.104922
0.482823 0.056156 0.000010 0.000010 0.000010 0.000010 0.460980
0.394771 0.000010 0.000010 0.000010 0.000010 0.000010 0.605179
0.269273 0.000010 0.000010 0.000010 0.000010 0.000010 0.730677
0.755971 0.000010 0.000010 0.000010 0.000010 0.000010 0.243979
0.999940 0.000010 0.000010 0.000010 0.000010 0.000010 0.000010
0.195330 0.000010 0.000010 0.000010 0.000010 0.127688 0.676942
0.999940 0.000010 0.000010 0.000010 0.000010 0.000010 0.000010
0.077772 0.000010 0.091012 0.003495 0.000010 0.000010 0.827691
0.434090 0.000010 0.086270 0.000010 0.000010 0.000010 0.479600
0.510937 0.010889 0.000010 0.007642 0.000010 0.000010 0.470502
0.999940 0.000010 0.000010 0.000010 0.000010 0.000010 0.000010
0.000010 0.000010 0.000010 0.000010 0.999940 0.000010 0.000010
0.463288 0.000010 0.000010 0.000010 0.000010 0.000010 0.536662
0.172314 0.000010 0.000010 0.000010 0.000010 0.000010 0.827636
0.336524 0.000010 0.000010 0.020496 0.000010 0.000010 0.642940
0.286438 0.012462 0.049426 0.032609 0.000010 0.000010 0.619044
0.454736 0.200455 0.000010 0.000010 0.000010 0.000010 0.344769
0.000010 0.000010 0.000010 0.000010 0.000010 0.000010 0.999940
0.301774 0.000010 0.000010 0.000010 0.000010 0.121766 0.576420
0.000010 0.000010 0.000010 0.014527 0.000010 0.000010 0.985423
0.000010 0.000010 0.000010 0.010320 0.000010 0.000010 0.989630
0.500639 0.000010 0.000010 0.000010 0.000010 0.000010 0.499311
0.331291 0.000010 0.000010 0.000010 0.000010 0.000010 0.668659
0.399143 0.000010 0.119715 0.000010 0.000010 0.000010 0.481102
0.345080 0.000010 0.000477 0.012075 0.000010 0.000010 0.642339
0.300703 0.010823 0.041200 0.015172 0.000010 0.000010 0.632083
0.384303 0.000010 0.000010 0.000010 0.000010 0.000010 0.615647
0.000010 0.000010 0.980741 0.019209 0.000010 0.000010 0.000010
0.000010 0.294997 0.659195 0.022045 0.000010 0.000010 0.023733
0.165960 0.000010 0.833990 0.000010 0.000010 0.000010 0.000010
0.156764 0.076325 0.766871 0.000010 0.000010 0.000010 0.000010
0.000010 0.022319 0.977631 0.000010 0.000010 0.000010 0.000010
0.000010 0.000010 0.999940 0.000010 0.000010 0.000010 0.000010
0.083469 0.053213 0.845973 0.000010 0.014662 0.000010 0.002663
0.000010 0.000010 0.878122 0.000010 0.000010 0.000010 0.121828
0.000010 0.403785 0.596165 0.000010 0.000010 0.000010 0.000010
0.000010 0.000010 0.999940 0.000010 0.000010 0.000010 0.000010
0.000010 0.000010 0.999940 0.000010 0.000010 0.000010 0.000010
0.000010 0.000010 0.982291 0.000010 0.000010 0.000010 0.017659
0.000010 0.097216 0.902734 0.000010 0.000010 0.000010 0.000010
0.000010 0.000010 0.978016 0.000010 0.000010 0.021934 0.000010
0.000010 0.000010 0.999940 0.000010 0.000010 0.000010 0.000010
0.000010 0.000010 0.000010 0.999940 0.000010 0.000010 0.000010
0.327954 0.000010 0.671996 0.000010 0.000010 0.000010 0.000010
0.088439 0.000010 0.911511 0.000010 0.000010 0.000010 0.000010
0.137726 0.000010 0.862224 0.000010 0.000010 0.000010 0.000010
0.100718 0.000010 0.866667 0.000010 0.032574 0.000010 0.000010
0.050777 0.371352 0.494348 0.000010 0.000015 0.000010 0.083487
0.000010 0.000010 0.999940 0.000010 0.000010 0.000010 0.000010
0.000010 0.000010 0.848774 0.000010 0.000010 0.000010 0.151176
0.144434 0.000010 0.855516 0.000010 0.000010 0.000010 0.000010
0.027502 0.000010 0.972448 0.000010 0.000010 0.000010 0.000010
0.000010 0.000010 0.999940 0.000010 0.000010 0.000010 0.000010
0.000010 0.076086 0.923864 0.000010 0.000010 0.000010 0.000010
0.000010 0.000010 0.992471 0.000010 0.007479 0.000010 0.000010
0.000010 0.000010 0.999940 0.000010 0.000010 0.000010 0.000010
0.000010 0.060306 0.748162 0.000010 0.000010 0.000010 0.191492
0.000010 0.000010 0.999940 0.000010 0.000010 0.000010 0.000010
0.000010 0.000010 0.999940 0.000010 0.000010 0.000010 0.000010
0.104878 0.000010 0.895072 0.000010 0.000010 0.000010 0.000010
0.000010 0.105391 0.775858 0.000010 0.015258 0.000010 0.103464
0.000010 0.000010 0.999940 0.000010 0.000010 0.000010 0.000010
0.000010 0.000010 0.000010 0.916550 0.083400 0.000010 0.000010
0.000010 0.000010 0.999940 0.000010 0.000010 0.000010 0.000010
0.052100 0.000010 0.853711 0.010144 0.000010 0.000010 0.084015
0.000010 0.000010 0.000010 0.999940 0.000010 0.000010 0.000010
0.081510 0.000010 0.918440 0.000010 0.000010 0.000010 0.000010
0.000010 0.000010 0.900960 0.016617 0.000010 0.000010 0.082383
0.062824 0.000010 0.937126 0.000010 0.000010 0.000010 0.000010
0.000010 0.000010 0.888105 0.000010 0.000010 0.000010 0.111845
0.000010 0.000010 0.999940 0.000010 0.000010 0.000010 0.000010
0.000010 0.025919 0.949951 0.000010 0.015745 0.000010 0.008355
0.000010 0.000010 0.978810 0.021140 0.000010 0.000010 0.000010
0.000010 0.000010 0.000010 0.874213 0.125737 0.000010 0.000010
0.000010 0.000010 0.999940 0.000010 0.000010 0.000010 0.000010
0.000010 0.000010 0.971927 0.000010 0.028023 0.000010 0.000010
0.000010 0.000010 0.920628 0.000010 0.000010 0.000010 0.079322
0.000010 0.000010 0.962435 0.000010 0.000010 0.000010 0.037515
0.000010 0.000010 0.999940 0.000010 0.000010 0.000010 0.000010
0.999940 0.000010 0.000010 0.000010 0.000010 0.000010 0.000010
