0.000010 0.483693 0.272301 0.015990 0.209902 0.000010 0.018094
0.000010 0.841613 0.158337 0.000010 0.000010 0.000010 0.000010
0.000010 0.958811 0.000010 0.007879 0.000010 0.000010 0.033270
0.000010 0.999940 0.000010 0.000010 0.000010 0.000010 0.000010
0.114597 0.830828 0.000010 0.000010 0.054535 0.000010 0.000010
0.198059 0.801891 0.000010 0.000010 0.000010 0.000010 0.000010
0.000010 0.999940 0.000010 0.000010 0.000010 0.000010 0.000010
0.000010 0.851268 0.049648 0.000010 0.000010 0.000010 0.099044
0.000010 0.830467 0.000010 0.000010 0.169483 0.000010 0.000010
0.000010 0.000010 0.000010 0.000010 0.000010 0.999940 0.000010
0.000010 0.000010 0.000010 0.000010 0.000010 0.999940 0.000010
0.000010 0.825938 0.125482 0.000010 0.048540 0.000010 0.000010
0.000010 0.783487 0.000010 0.000010 0.074576 0.000010 0.141897
0.000010 0.764662 0.103093 0.000010 0.000010 0.000010 0.132204
0.000010 0.999940 0.000010 0.000010 0.000010 0.000010 0.000010
0.037733 0.962217 0.000010 0.000010 0.000010 0.000010 0.000010
0.000010 0.923951 0.029092 0.000010 0.046917 0.000010 0.000010
0.068348 0.733063 0.000010 0.000013 0.198546 0.000010 0.000010
0.000010 0.999940 0.000010 0.000010 0.000010 0.000010 0.000010
0.000010 0.999940 0.000010 0.000010 0.000010 0.000010 0.000010
0.000010 0.866261 0.000010 0.000010 0.133689 0.000010 0.000010
0.000010 0.820621 0.000010 0.000010 0.179329 0.000010 0.000010
0.000010 0.758365 0.000010 0.000010 0.241585 0.000010 0.000010
0.000010 0.620262 0.000010 0.000010 0.352054 0.000010 0.027644
0.000010 0.999940 0.000010 0.000010 0.000010 0.000010 0.000010
0.000010 0.999940 0.000010 0.000010 0.000010 0.000010 0.000010
0.071529 0.516735 0.167324 0.000010 0.244382 0.000010 0.000010
0.517505 0.000010 0.098483 0.000010 0.055432 0.000010 0.328550
0.000010 0.000010 0.000010 0.000010 0.912603 0.000010 0.087347
0.055252 0.110396 0.000010 0.000010 0.775467 0.000010 0.058855
0.000010 0.000010 0.000010 0.000010 0.999940 0.000010 0.000010
0.000010 0.000010 0.000010 0.000010 0.873605 0.000010 0.126345
0.000010 0.000010 0.000010 0.000010 0.999940 0.000010 0.000010
0.000010 0.000010 0.000010 0.000010 0.999940 0.000010 0.000010
0.000010 0.000010 0.000010 0.000010 0.000010 0.999940 0.000010
0.000010 0.085902 0.010415 0.000010 0.228924 0.602744 0.071996
0.000010 0.235411 0.054204 0.000010 0.710344 0.000010 0.000010
0.000010 0.000010 0.000010 0.000010 0.999940 0.000010 0.000010
0.000010 0.233201 0.000010 0.018516 0.747261 0.000010 0.000993
0.054643 0.000010 0.145520 0.000010 0.799797 0.000010 0.000010
0.000010 0.314490 0.061240 0.000010 0.624231 0.000010 0.000010
0.000010 0.000010 0.000010 0.000010 0.999940 0.000010 0.000010
0.000010 0.153679 0.036013 0.000010 0.546520 0.000010 0.263758
0.000010 0.000010 0.152728 0.011335 0.835898 0.000010 0.000010
0.000010 0.000010 0.000010 0.999940 0.000010 0.000010 0.000010
0.095747 0.199150 0.000010 0.015196 0.632203 0.000010 0.057684
0.047625 0.256434 0.162657 0.016906 0.516358 0.000010 0.000010
0.000010 0.035506 0.261395 0.000010 0.703059 0.000010 0.000010
0.000010 0.000010 0.149506 0.000010 0.850444 0.000010 0.000010
0.000010 0.000010 0.000010 0.998867 0.000010 0.000010 0.001083
0.000010 0.000010 0.000010 0.000010 0.999940 0.000010 0.000010
0.084942 0.000010 0.281797 0.000010 0.633221 0.000010 0.000010
0.000010 0.000010 0.000010 0.999940 0.000010 0.000010 0.000010
0.000010 0.272444 0.020179 0.015105 0.637320 0.000010 0.054931
0.000010 0.000010 0.000010 0.999940 0.000010 0.000010 0.000010
0.000010 0.000010 0.000010 0.999940 0.000010 0.000010 0.000010
0.000010 0.277729 0.168660 0.012081 0.304000 0.000010 0.237510
0.000010 0.000010 0.013020 0.986930 0.000010 0.000010 0.000010
0.000010 0.000010 0.000010 0.000010 0.000010 0.999940 0.000010
0.000010 0.000010 0.000010 0.999940 0.000010 0.000010 0.000010
0.000010 0.000010 0.000010 0.000010 0.000010 0.999940 0.000010
0.056817 0.000010 0.186513 0.000010 0.578404 0.178236 0.000010
0.000010 0.000010 0.397846 0.000010 0.602104 0.000010 0.000010
0.077226 0.446308 0.000010 0.000010 0.476426 0.000010 0.000010
0.000010 0.000010 0.441140 0.000010 0.558810 0.000010 0.000010
0.909819 0.090131 0.000010 0.000010 0.000010 0.000010 0.000010
0.395719 0.000010 0.000010 0.020496 0.000010 0.000010 0.583745
0.000010 0.000010 0.000010 0.000010 0.000010 0.036527 0.963423
0.000010 0.000010 0.228551 0.000010 0.000010 0.000010 0.771399
0.000010 0.000010 0.000010 0.000010 0.000010 0.000010 0.999940
0.108163 0.000010 0.000010 0.016197 0.000010 0.000010 0.875600
0.999940 0.000010 0.000010 0.000010 0.000010 0.000010 0.000010
0.740959 0.000010 0.000010 0.000010 0.000010 0.000010 0.258991
0.000010 0.000010 0.000010 0.999940 0.000010 0.000010 0.000010
0.346186 0.000010 0.000010 0.000010 0.121307 0.000010 0.532467
0.000010 0.000010 0.216092 0.000010 0.064335 0.000010 0.719533
0.127508 0.000010 0.000010 0.000010 0.000010 0.000010 0.872442
0.000010 0.000010 0.076427 0.000010 0.000010 0.000010 0.923523
0.281803 0.000010 0.006919 0.000010 0.000010 0.000010 0.711238
0.273222 0.000010 0.000010 0.000010 0.000010 0.000010 0.726728
0.241775 0.000010 0.000010 0.000010 0.040725 0.000010 0.717459
0.000010 0.530246 0.000010 0.000010 0.422692 0.000010 0.047022
0.092514 0.009829 0.000010 0.000010 0.232948 0.000010 0.664679
0.000010 0.000010 0.000010 0.999940 0.000010 0.000010 0.000010
0.703337 0.000010 0.000010 0.000010 0.028063 0.000010 0.268560
0.994783 0.000010 0.000010 0.005167 0.000010 0.000010 0.000010
0.433199 0.000010 0.063930 0.000010 0.020569 0.000010 0.482272
0.000010 0.027249 0.000010 0.000010 0.000010 0.000010 0.972701
0.646065 0.000010 0.188932 0.000010 0.000010 0.000010 0.164963
0.000010 0.000010 0.000010 0.999940 0.000010 0.000010 0.000010
0.439289 0.000010 0.000010 0.000010 0.000010 0.000010 0.560661
0.223707 0.000010 0.000010 0.000010 0.060180 0.000010 0.716073
0.000010 0.000010 0.000010 0.999940 0.000010 0.000010 0.000010
0.448960 0.000010 0.000010 0.000010 0.000010 0.000010 0.550990
0.000010 0.000010 0.000010 0.999940 0.000010 0.000010 0.000010
0.000010 0.000010 0.000010 0.999940 0.000010 0.000010 0.000010
0.000010 0.000010 0.000010 0.999940 0.000010 0.000010 0.000010
0.442841 0.000010 0.000010 0.000010 0.000010 0.000010 0.557109
0.013124 0.132668 0.000010 0.000010 0.000010 0.000010 0.854168
0.008901 0.188994 0.766659 0.000010 0.000010 0.000010 0.035416
0.000010 0.000010 0.999940 0.000010 0.000010 0.000010 0.000010
0.147972 0.000010 0.851978 0.000010 0.000010 0.000010 0.000010
0.000010 0.000010 0.910473 0.000010 0.089477 0.000010 0.000010
0.000010 0.000010 0.944511 0.029017 0.004882 0.000010 0.021560
0.000010 0.000010 0.870997 0.000010 0.128953 0.000010 0.000010
0.173836 0.000010 0.000010 0.000010 0.000010 0.000010 0.826114
0.000010 0.000010 0.000010 0.999940 0.000010 0.000010 0.000010
0.631991 0.000010 0.000010 0.000010 0.000010 0.000010 0.367959
0.084568 0.000010 0.000010 0.000010 0.000010 0.000010 0.915382
0.000010 0.000010 0.000010 0.000010 0.000010 0.000010 0.999940
0.000010 0.000010 0.000010 0.999940 0.000010 0.000010 0.000010
0.223478 0.000010 0.000010 0.000010 0.000010 0.000010 0.776472
0.999940 0.000010 0.000010 0.000010 0.000010 0.000010 0.000010
0.399531 0.000010 0.000010 0.000010 0.079600 0.000010 0.520829
0.999940 0.000010 0.000010 0.000010 0.000010 0.000010 0.000010
0.578727 0.000010 0.000010 0.000010 0.002290 0.000010 0.418944
0.209074 0.000010 0.000010 0.000010 0.000010 0.000010 0.790876
0.245270 0.000010 0.091822 0.000010 0.000010 0.000010 0.662868
0.890954 0.000010 0.000010 0.000010 0.108996 0.000010 0.000010
0.377267 0.000010 0.000010 0.000010 0.108613 0.000010 0.514080
0.000010 0.000010 0.000010 0.999940 0.000010 0.000010 0.000010
0.000010 0.000010 0.038011 0.000010 0.000010 0.000010 0.961939
0.406723 0.000010 0.000010 0.000010 0.000010 0.000010 0.593227
0.699021 0.000010 0.000010 0.000010 0.000010 0.000010 0.300929
0.192693 0.000010 0.000010 0.000010 0.000010 0.000010 0.807257
0.672568 0.000010 0.000010 0.000010 0.000010 0.000010 0.327382
0.445002 0.000010 0.000010 0.050677 0.040883 0.000010 0.463408
0.999940 0.000010 0.000010 0.000010 0.000010 0.000010 0.000010
0.265815 0.000010 0.000010 0.000010 0.000010 0.000010 0.734135
0.566077 0.000010 0.000010 0.002617 0.000010 0.000010 0.431267
0.999940 0.000010 0.000010 0.000010 0.000010 0.000010 0.000010
0.730328 0.000010 0.131255 0.018350 0.000010 0.000010 0.120036
0.864490 0.000010 0.000010 0.000010 0.135460 0.000010 0.000010
0.000010 0.000010 0.000010 0.000010 0.000010 0.000010 0.999940
0.446830 0.000010 0.000010 0.000010 0.000010 0.000010 0.553120
0.409130 0.000010 0.000010 0.000010 0.000010 0.000010 0.590820
0.000010 0.000010 0.000010 0.000010 0.000010 0.000010 0.999940
0.163042 0.000010 0.000010 0.000010 0.025819 0.000010 0.811100
0.138052 0.000010 0.121191 0.000010 0.000010 0.000010 0.740717
0.999940 0.000010 0.000010 0.000010 0.000010 0.000010 0.000010
0.730776 0.000010 0.000010 0.000010 0.000010 0.000010 0.269174
0.000010 0.000010 0.000010 0.999940 0.000010 0.000010 0.000010
0.000010 0.000010 0.000010 0.999940 0.000010 0.000010 0.000010
0.634709 0.000010 0.000010 0.000010 0.000010 0.000010 0.365241
0.000010 0.000010 0.000010 0.999940 0.000010 0.000010 0.000010
0.268571 0.000010 0.000010 0.000010 0.000010 0.000010 0.731379
0.345700 0.000010 0.000010 0.000010 0.000010 0.000010 0.654250
0.000010 0.000010 0.000010 0.999940 0.000010 0.000010 0.000010
0.000010 0.000010 0.000010 0.999940 0.000010 0.000010 0.000010
0.138582 0.000010 0.000010 0.000010 0.049318 0.000010 0.812060
0.000010 0.000010 0.000010 0.999940 0.000010 0.000010 0.000010
0.000010 0.000010 0.000010 0.999940 0.000010 0.000010 0.000010
0.000010 0.000010 0.000010 0.999940 0.000010 0.000010 0.000010
0.000010 0.634465 0.182914 0.001921 0.180671 0.000010 0.000010
0.001357 0.963264 0.035339 0.000010 0.000010 0.000010 0.000010
0.000010 0.989074 0.010876 0.000010 0.000010 0.000010 0.000010
0.073248 0.844618 0.000010 0.000010 0.082094 0.000010 0.000010
0.000010 0.000010 0.000010 0.999940 0.000010 0.000010 0.000010
0.454757 0.033384 0.000010 0.000010 0.049431 0.000010 0.462398
0.000010 0.955504 0.000010 0.000010 0.000010 0.000010 0.044446
0.000010 0.885301 0.114649 0.000010 0.000010 0.000010 0.000010
0.050395 0.502420 0.128584 0.005533 0.285067 0.027990 0.000010
0.000010 0.451563 0.213300 0.008382 0.326726 0.000010 0.000010
0.000010 0.698928 0.000010 0.000010 0.301022 0.000010 0.000010
0.034599 0.965351 0.000010 0.000010 0.000010 0.000010 0.000010
0.120315 0.879635 0.000010 0.000010 0.000010 0.000010 0.000010
0.000010 0.435852 0.108258 0.000010 0.455850 0.000010 0.000010
0.038845 0.780897 0.000010 0.000010 0.180218 0.000010 0.000010
0.000010 0.949974 0.049976 0.000010 0.000010 0.000010 0.000010
0.066614 0.631460 0.159784 0.021725 0.120398 0.000010 0.000010
0.000010 0.687916 0.020777 0.000010 0.284482 0.000010 0.006794
0.000010 0.805106 0.115516 0.000010 0.079338 0.000010 0.000010
0.000010 0.789492 0.000010 0.000010 0.210458 0.000010 0.000010
0.000010 0.999940 0.000010 0.000010 0.000010 0.000010 0.000010
0.000010 0.729009 0.000010 0.000010 0.166665 0.000010 0.104285
0.000010 0.825244 0.000010 0.000010 0.092990 0.000010 0.081725
0.000010 0.731447 0.268503 0.000010 0.000010 0.000010 0.000010
0.062584 0.890094 0.000010 0.000010 0.047282 0.000010 0.000010
0.000010 0.821807 0.000010 0.026436 0.151717 0.000010 0.000010
0.000010 0.801213 0.032417 0.000010 0.166330 0.000010 0.000010
0.000010 0.000010 0.000010 0.999940 0.000010 0.000010 0.000010
0.020862 0.764956 0.000010 0.016044 0.198109 0.000010 0.000010
0.000010 0.999940 0.000010 0.000010 0.000010 0.000010 0.000010
0.000010 0.999940 0.000010 0.000010 0.000010 0.000010 0.000010
0.000010 0.000010 0.000010 0.999940 0.000010 0.000010 0.000010
0.000010 0.999940 0.000010 0.000010 0.000010 0.000010 0.000010
0.000010 0.000010 0.000010 0.999940 0.000010 0.000010 0.000010
0.000010 0.999940 0.000010 0.000010 0.000010 0.000010 0.000010
0.000010 0.999940 0.000010 0.000010 0.000010 0.000010 0.000010
0.000010 0.654818 0.000010 0.000010 0.317645 0.027497 0.000010
0.000010 0.837577 0.000010 0.000010 0.162373 0.000010 0.000010
0.000010 0.899854 0.099654 0.000452 0.000010 0.000010 0.000010
0.203914 0.717774 0.000010 0.000010 0.078273 0.000010 0.000010
0.000010 0.762675 0.072834 0.000010 0.164451 0.000010 0.000010
0.178380 0.603623 0.038172 0.000010 0.179795 0.000010 0.000010
0.000010 0.975736 0.000010 0.000010 0.000010 0.000010 0.024214
0.069397 0.722381 0.008225 0.000010 0.199967 0.000010 0.000010
0.000010 0.739004 0.037170 0.000010 0.223785 0.000010 0.000010
0.032190 0.547866 0.235259 0.023126 0.161539 0.000010 0.000010
0.000010 0.444899 0.180016 0.000010 0.375045 0.000010 0.000010
0.483096 0.000010 0.000010 0.000010 0.000010 0.000010 0.516854
0.177855 0.000010 0.157426 0.008530 0.000010 0.000010 0.656159
0.544232 0.000010 0.000010 0.000010 0.000010 0.000010 0.455718
0.306032 0.000010 0.023199 0.000010 0.000010 0.000010 0.670730
0.240167 0.000010 0.000010 0.000010 0.000010 0.000010 0.759783
0.096485 0.000010 0.000010 0.000010 0.024405 0.000010 0.879070
0.457013 0.000010 0.019836 0.000010 0.082153 0.000010 0.440968
0.356955 0.000010 0.000010 0.000010 0.000010 0.000010 0.642995
0.378360 0.072368 0.000010 0.000010 0.000010 0.000010 0.549233
0.309577 0.000010 0.149226 0.000010 0.000010 0.000010 0.541157
0.366375 0.000010 0.000010 0.000010 0.000010 0.000010 0.633575
0.349896 0.000010 0.000010 0.000010 0.000010 0.025740 0.624324
0.000010 0.000010 0.000010 0.999940 0.000010 0.000010 0.000010
0.000010 0.000010 0.000010 0.000010 0.075390 0.000010 0.924560
0.163743 0.066176 0.000010 0.000010 0.022752 0.000010 0.747299
0.256512 0.129718 0.000010 0.000010 0.000010 0.000010 0.613730
0.061627 0.000010 0.251065 0.000010 0.000010 0.000010 0.687268
0.488266 0.029655 0.084000 0.000010 0.000010 0.000010 0.398049
0.422302 0.000010 0.000010 0.000010 0.050052 0.000010 0.527605
0.130169 0.000010 0.053623 0.000010 0.000010 0.000010 0.816167
0.175980 0.075669 0.000010 0.000010 0.000010 0.000010 0.748311
0.380197 0.015539 0.000010 0.000010 0.000010 0.000010 0.604224
0.000010 0.000010 0.000010 0.000010 0.000010 0.000010 0.999940
0.607303 0.000010 0.003483 0.000010 0.000010 0.000010 0.389175
0.321090 0.000010 0.030212 0.000010 0.000010 0.000010 0.648658
0.000010 0.000010 0.000010 0.000010 0.000010 0.000010 0.999940
0.000010 0.000010 0.000010 0.000010 0.000010 0.000010 0.999940
0.000010 0.000010 0.000010 0.000010 0.000010 0.000010 0.999940
0.590807 0.000010 0.000010 0.000010 0.000010 0.000010 0.409143
0.616629 0.112555 0.000010 0.000010 0.000010 0.000010 0.270777
0.000010 0.000010 0.000010 0.022389 0.000010 0.000010 0.977561
0.178541 0.000010 0.136904 0.000010 0.000010 0.000010 0.684514
0.648556 0.000010 0.000010 0.000010 0.000010 0.000010 0.351394
0.104497 0.876800 0.018664 0.000010 0.000010 0.000010 0.000010
0.262942 0.000010 0.000010 0.000010 0.000010 0.000010 0.737008
0.000010 0.000010 0.075765 0.000010 0.000010 0.000010 0.924185
0.000010 0.000010 0.188962 0.000010 0.000010 0.000010 0.810988
0.654512 0.000010 0.000010 0.000010 0.033078 0.000010 0.312370
0.474788 0.021623 0.000010 0.000010 0.000010 0.000010 0.503549
0.397505 0.000010 0.012500 0.000010 0.038240 0.000010 0.551725
0.000010 0.070446 0.000010 0.000010 0.000010 0.000010 0.929504
0.281822 0.106382 0.113909 0.000010 0.075793 0.000010 0.422074
0.166422 0.000010 0.000010 0.000010 0.000010 0.000010 0.833528
0.166788 0.000010 0.000010 0.000010 0.000010 0.000010 0.833162
0.000010 0.000010 0.205942 0.000010 0.000010 0.000010 0.794008
0.018283 0.000010 0.016294 0.000010 0.000010 0.000010 0.965383
0.093586 0.000010 0.000010 0.000010 0.114826 0.000010 0.791548
0.000010 0.114645 0.000010 0.000010 0.000010 0.000010 0.885305
0.577707 0.000010 0.000010 0.000010 0.093066 0.000010 0.329188
0.306949 0.000010 0.000010 0.000010 0.018807 0.000010 0.674203
0.158045 0.000010 0.000010 0.000010 0.000010 0.000010 0.841905
0.257966 0.000010 0.038062 0.000010 0.000010 0.000010 0.703932
0.255594 0.000010 0.033935 0.000010 0.000010 0.000010 0.710431
0.053465 0.000010 0.000010 0.003855 0.038347 0.000010 0.904303
0.222836 0.000010 0.000010 0.000010 0.000010 0.000010 0.777114
0.368676 0.021755 0.000010 0.000010 0.009801 0.000010 0.599738
0.254754 0.023968 0.000010 0.000010 0.000010 0.000010 0.721238
0.000010 0.000010 0.044010 0.000010 0.000010 0.000010 0.955940
0.000010 0.000010 0.000010 0.000010 0.000010 0.000010 0.999940
0.000010 0.000010 0.000010 0.000010 0.000010 0.000010 0.999940
0.476326 0.000010 0.000010 0.000010 0.000010 0.096925 0.426708
0.000010 0.000010 0.000010 0.000010 0.025053 0.000010 0.974897
0.000010 0.000010 0.128471 0.000010 0.000010 0.000010 0.871479
0.563581 0.000010 0.055703 0.000010 0.000010 0.000010 0.380676
0.284778 0.000010 0.013347 0.000010 0.000010 0.000010 0.701835
0.340316 0.000010 0.000010 0.000010 0.000010 0.000010 0.659634
0.000010 0.000010 0.000010 0.999940 0.000010 0.000010 0.000010
0.065281 0.000010 0.000010 0.000010 0.000010 0.000010 0.934669
0.000010 0.000010 0.000010 0.000010 0.000010 0.000010 0.999940
0.106158 0.000010 0.000010 0.000014 0.000010 0.000010 0.893789
0.000010 0.000010 0.123922 0.000010 0.041173 0.000010 0.834866
0.520429 0.000010 0.000010 0.000010 0.082851 0.000010 0.396679
0.000010 0.000010 0.000010 0.000010 0.000010 0.000010 0.999940
0.023367 0.000010 0.000010 0.010960 0.000010 0.000010 0.965633
0.000010 0.000010 0.000010 0.000010 0.185485 0.000010 0.814465
0.000010 0.000010 0.000010 0.000010 0.182914 0.000010 0.817036
0.000010 0.000010 0.000010 0.000010 0.000010 0.000010 0.999940
0.000010 0.000010 0.000010 0.000010 0.078402 0.000010 0.921548
0.000010 0.000010 0.000010 0.000010 0.166088 0.000010 0.833862
0.222377 0.000010 0.075256 0.000010 0.000010 0.000010 0.702327
0.430247 0.000010 0.049212 0.000010 0.000787 0.000010 0.519724
0.454678 0.000010 0.000010 0.000010 0.000010 0.000010 0.545272
0.000010 0.000010 0.995809 0.000010 0.004141 0.000010 0.000010
0.061168 0.289210 0.649582 0.000010 0.000010 0.000010 0.000010
0.000010 0.000010 0.833896 0.000010 0.072544 0.000010 0.093519
0.000010 0.000010 0.733912 0.000010 0.167680 0.000010 0.098368
0.000010 0.000010 0.999940 0.000010 0.000010 0.000010 0.000010
0.000010 0.000010 0.999940 0.000010 0.000010 0.000010 0.000010
0.000010 0.000019 0.878064 0.000010 0.121877 0.000010 0.000010
0.000010 0.000010 0.872135 0.000010 0.000010 0.000010 0.127815
0.000010 0.000010 0.599640 0.000010 0.284214 0.000010 0.116105
0.000010 0.000010 0.999940 0.000010 0.000010 0.000010 0.000010
0.000010 0.000010 0.992549 0.000010 0.000010 0.000010 0.007401
0.000010 0.000010 0.929942 0.000010 0.000010 0.000010 0.070008
0.103570 0.084505 0.706944 0.000010 0.104950 0.000010 0.000010
0.065968 0.000010 0.933982 0.000010 0.000010 0.000010 0.000010
0.000010 0.000010 0.999940 0.000010 0.000010 0.000010 0.000010
0.000010 0.000010 0.000010 0.999940 0.000010 0.000010 0.000010
0.000010 0.000010 0.935199 0.000010 0.000010 0.000010 0.064751
0.170058 0.000010 0.829892 0.000010 0.000010 0.000010 0.000010
0.000010 0.000010 0.873257 0.000010 0.000010 0.000010 0.126693
0.000010 0.000010 0.870927 0.000010 0.129023 0.000010 0.000010
0.102811 0.222069 0.480967 0.000010 0.103233 0.000010 0.090900
0.000010 0.000010 0.999940 0.000010 0.000010 0.000010 0.000010
0.000010 0.000010 0.881306 0.013569 0.000010 0.000010 0.105086
0.000010 0.000010 0.999940 0.000010 0.000010 0.000010 0.000010
0.000010 0.000010 0.999940 0.000010 0.000010 0.000010 0.000010
0.000010 0.000010 0.999940 0.000010 0.000010 0.000010 0.000010
0.000010 0.000010 0.999940 0.000010 0.000010 0.000010 0.000010
0.000010 0.000010 0.999940 0.000010 0.000010 0.000010 0.000010
0.062020 0.119942 0.747913 0.000010 0.070095 0.000010 0.000010
0.000010 0.271698 0.728252 0.000010 0.000010 0.000010 0.000010
0.000010 0.113474 0.807446 0.000010 0.079040 0.000010 0.000010
0.014019 0.000010 0.881660 0.000010 0.000010 0.000010 0.104281
0.000010 0.000010 0.999940 0.000010 0.000010 0.000010 0.000010
0.000010 0.068502 0.795023 0.000010 0.000010 0.000010 0.136435
0.000010 0.000010 0.857723 0.000010 0.030409 0.000010 0.111827
0.000010 0.000010 0.000010 0.999940 0.000010 0.000010 0.000010
0.000010 0.000010 0.997887 0.000010 0.002063 0.000010 0.000010
0.000010 0.000010 0.998152 0.001798 0.000010 0.000010 0.000010
0.000010 0.000010 0.000010 0.999940 0.000010 0.000010 0.000010
0.089457 0.000010 0.910493 0.000010 0.000010 0.000010 0.000010
0.000010 0.000010 0.682411 0.005173 0.135114 0.000010 0.177272
0.000010 0.000010 0.815975 0.000010 0.000010 0.000010 0.183975
0.000010 0.112456 0.887494 0.000010 0.000010 0.000010 0.000010
0.000010 0.000010 0.999940 0.000010 0.000010 0.000010 0.000010
0.000010 0.132605 0.856099 0.011256 0.000010 0.000010 0.000010
0.000010 0.000010 0.859995 0.000010 0.139955 0.000010 0.000010
0.000010 0.000010 0.000010 0.999940 0.000010 0.000010 0.000010
0.000010 0.000010 0.936283 0.000010 0.063667 0.000010 0.000010
0.000010 0.117705 0.833133 0.000010 0.017478 0.000010 0.031653
0.068014 0.000010 0.931417 0.000529 0.000010 0.000010 0.000010
0.000010 0.000010 0.932182 0.000010 0.067768 0.000010 0.000010
0.000010 0.000010 0.999940 0.000010 0.000010 0.000010 0.000010
0.493876 0.016459 0.000010 0.000010 0.046799 0.000010 0.442836
