0.018744 0.093257 0.351812 0.272119 0.250298 0.000010 0.000010 0.013730 0.000010 0.000010
0.000010 0.000010 0.000010 0.744855 0.178554 0.000207 0.000010 0.000010 0.000010 0.076324
0.000010 0.278432 0.000010 0.721488 0.000010 0.000010 0.000010 0.000010 0.000010 0.000010
0.000010 0.000010 0.999910 0.000010 0.000010 0.000010 0.000010 0.000010 0.000010 0.000010
0.000010 0.000010 0.118496 0.712359 0.000010 0.000010 0.000010 0.000010 0.000010 0.169076
0.000010 0.225625 0.737572 0.000010 0.000010 0.036734 0.000010 0.000010 0.000010 0.000010
0.000010 0.000010 0.362353 0.637567 0.000010 0.000010 0.000010 0.000010 0.000010 0.000010
0.000010 0.141113 0.304494 0.468843 0.000010 0.000010 0.000010 0.080737 0.000010 0.004763
0.000010 0.000010 0.712921 0.286999 0.000010 0.000010 0.000010 0.000010 0.000010 0.000010
0.000010 0.000010 0.000010 0.465353 0.000010 0.000010 0.000010 0.000010 0.534567 0.000010
0.000010 0.000010 0.000010 0.796792 0.000010 0.000010 0.000010 0.000010 0.203128 0.000010
0.000010 0.000010 0.127227 0.720094 0.078973 0.000010 0.000010 0.073646 0.000010 0.000010
0.000010 0.004347 0.000010 0.797688 0.000010 0.197895 0.000010 0.000010 0.000010 0.000010
0.000010 0.055573 0.027285 0.607226 0.111268 0.198598 0.000010 0.000010 0.000010 0.000010
0.000010 0.000010 0.999910 0.000010 0.000010 0.000010 0.000010 0.000010 0.000010 0.000010
0.000010 0.233108 0.000010 0.766812 0.000010 0.000010 0.000010 0.000010 0.000010 0.000010
0.000010 0.000010 0.999910 0.000010 0.000010 0.000010 0.000010 0.000010 0.000010 0.000010
0.000010 0.166124 0.779631 0.000010 0.000010 0.000010 0.000010 0.054174 0.000010 0.000010
0.000010 0.000010 0.000010 0.990380 0.000010 0.000010 0.000010 0.009540 0.000010 0.000010
0.000010 0.150040 0.181481 0.668409 0.000010 0.000010 0.000010 0.000010 0.000010 0.000010
0.000010 0.121580 0.000010 0.878340 0.000010 0.000010 0.000010 0.000010 0.000010 0.000010
0.000010 0.000010 0.303613 0.696307 0.000010 0.000010 0.000010 0.000010 0.000010 0.000010
0.000010 0.064289 0.284658 0.650983 0.000010 0.000010 0.000010 0.000010 0.000010 0.000010
0.000010 0.000010 0.423877 0.454639 0.000010 0.049282 0.000010 0.072142 0.000010 0.000010
0.000010 0.037712 0.254247 0.707971 0.000010 0.000010 0.000010 0.000010 0.000010 0.000010
0.000010 0.102680 0.000010 0.897240 0.000010 0.000010 0.000010 0.000010 0.000010 0.000010
0.000010 0.000010 0.313892 0.420948 0.121933 0.000010 0.000010 0.000010 0.000010 0.143167
0.000010 0.000010 0.108739 0.000010 0.048400 0.273373 0.000010 0.185336 0.000010 0.384102
0.000010 0.000010 0.829259 0.000010 0.000010 0.169852 0.000819 0.000010 0.000010 0.000010
0.000010 0.000010 0.787917 0.000010 0.000010 0.000010 0.000010 0.212003 0.000010 0.000010
0.000010 0.000010 0.000010 0.000010 0.000010 0.000010 0.000010 0.000010 0.999910 0.000010
0.000010 0.000010 0.792721 0.000010 0.000010 0.126970 0.020146 0.000010 0.000010 0.060103
0.000010 0.107071 0.892849 0.000010 0.000010 0.000010 0.000010 0.000010 0.000010 0.000010
0.000010 0.000010 0.418262 0.000010 0.000010 0.000010 0.000010 0.000010 0.581658 0.000010
0.000010 0.000010 0.000010 0.000010 0.000010 0.000010 0.000010 0.000010 0.999910 0.000010
0.000010 0.000010 0.350268 0.000010 0.000010 0.000010 0.000010 0.049296 0.600366 0.000010
0.000010 0.000010 0.999910 0.000010 0.000010 0.000010 0.000010 0.000010 0.000010 0.000010
0.000010 0.000010 0.000010 0.000010 0.000010 0.000010 0.000010 0.000010 0.999910 0.000010
0.022722 0.000010 0.884791 0.000010 0.000010 0.092417 0.000010 0.000010 0.000010 0.000010
0.000010 0.000010 0.825949 0.000010 0.083049 0.000010 0.000010 0.090932 0.000010 0.000010
0.000010 0.173689 0.826231 0.000010 0.000010 0.000010 0.000010 0.000010 0.000010 0.000010
0.000010 0.219320 0.775165 0.000010 0.000010 0.000010 0.005445 0.000010 0.000010 0.000010
0.000010 0.185426 0.653649 0.000010 0.000010 0.117985 0.000010 0.042881 0.000010 0.000010
0.013446 0.000010 0.814486 0.000010 0.095578 0.076430 0.000010 0.000010 0.000010 0.000010
0.999910 0.000010 0.000010 0.000010 0.000010 0.000010 0.000010 0.000010 0.000010 0.000010
0.018387 0.000010 0.749195 0.000010 0.000010 0.000010 0.000010 0.232349 0.000010 0.000010
0.000010 0.145845 0.578057 0.187345 0.057736 0.000010 0.023506 0.000010 0.000010 0.007471
0.000010 0.000010 0.920059 0.000010 0.000010 0.000010 0.000010 0.079861 0.000010 0.000010
0.015635 0.000010 0.740446 0.000010 0.092995 0.000010 0.000010 0.000010 0.150864 0.000010
0.999910 0.000010 0.000010 0.000010 0.000010 0.000010 0.000010 0.000010 0.000010 0.000010
0.000010 0.189597 0.715255 0.000010 0.000010 0.000010 0.000010 0.000010 0.095078 0.000010
0.000010 0.005263 0.613661 0.000010 0.267534 0.113483 0.000010 0.000010 0.000010 0.000010
0.999910 0.000010 0.000010 0.000010 0.000010 0.000010 0.000010 0.000010 0.000010 0.000010
0.000010 0.106434 0.491550 0.146254 0.075740 0.040676 0.039794 0.000010 0.099523 0.000010
0.999910 0.000010 0.000010 0.000010 0.000010 0.000010 0.000010 0.000010 0.000010 0.000010
0.999910 0.000010 0.000010 0.000010 0.000010 0.000010 0.000010 0.000010 0.000010 0.000010
0.012711 0.101970 0.367750 0.161168 0.133960 0.000010 0.000010 0.222401 0.000010 0.000010
0.999910 0.000010 0.000010 0.000010 0.000010 0.000010 0.000010 0.000010 0.000010 0.000010
0.000010 0.000010 0.000010 0.000010 0.000010 0.000010 0.000010 0.000010 0.999910 0.000010
0.999910 0.000010 0.000010 0.000010 0.000010 0.000010 0.000010 0.000010 0.000010 0.000010
0.000010 0.000017 0.000010 0.000010 0.000010 0.000010 0.000010 0.000010 0.999903 0.000010
0.000010 0.160364 0.436189 0.000010 0.151143 0.000010 0.000010 0.000010 0.222796 0.029458
0.000010 0.000010 0.664145 0.000010 0.335775 0.000010 0.000010 0.000010 0.000010 0.000010
0.000010 0.000010 0.686619 0.203106 0.000010 0.098578 0.000010 0.011637 0.000010 0.000010
0.000010 0.000010 0.652184 0.000010 0.263154 0.000010 0.000010 0.084592 0.000010 0.000010
0.000010 0.000010 0.000010 0.000010 0.000010 0.000010 0.000010 0.441602 0.000010 0.558318
0.000010 0.531108 0.000010 0.000010 0.000010 0.000010 0.000010 0.000010 0.000010 0.468812
0.000010 0.000010 0.000010 0.000010 0.000010 0.789968 0.000010 0.058656 0.037558 0.113758
0.000010 0.380981 0.000010 0.000010 0.124882 0.367567 0.000010 0.126510 0.000010 0.000010
0.000010 0.000010 0.000010 0.000010 0.000010 0.225565 0.000010 0.774355 0.000010 0.000010
0.000010 0.000010 0.000010 0.000010 0.000010 0.791973 0.012594 0.195363 0.000010 0.000010
0.000010 0.000010 0.000010 0.000010 0.000010 0.000010 0.000010 0.000010 0.000010 0.999910
0.000010 0.059047 0.000010 0.000010 0.000010 0.206760 0.000010 0.000010 0.000010 0.734123
0.000010 0.000010 0.000010 0.000010 0.000010 0.000010 0.999910 0.000010 0.000010 0.000010
0.000010 0.213940 0.130478 0.000010 0.000010 0.330148 0.000010 0.000010 0.000010 0.325374
0.000010 0.427641 0.000010 0.000010 0.176552 0.395737 0.000010 0.000010 0.000010 0.000010
0.000010 0.178885 0.000010 0.000010 0.000010 0.313354 0.000010 0.507691 0.000010 0.000010
0.000010 0.571941 0.000010 0.000010 0.000010 0.058427 0.000010 0.369563 0.000010 0.000010
0.000010 0.000010 0.000010 0.000010 0.000010 0.661159 0.000010 0.142295 0.000010 0.196476
0.000010 0.000010 0.000010 0.000010 0.000010 0.000010 0.000010 0.999910 0.000010 0.000010
0.000010 0.193279 0.000010 0.000010 0.000010 0.616560 0.000010 0.000134 0.000010 0.189966
0.000010 0.230718 0.384400 0.384812 0.000010 0.000010 0.000010 0.000010 0.000010 0.000010
0.000010 0.379932 0.225298 0.000010 0.000010 0.389060 0.000010 0.000010 0.000010 0.005649
0.000010 0.000010 0.000010 0.000010 0.000010 0.000010 0.999910 0.000010 0.000010 0.000010
0.000010 0.000010 0.000010 0.000010 0.000010 0.000010 0.000010 0.415408 0.000010 0.584512
0.000010 0.000010 0.000015 0.000010 0.000010 0.000010 0.004357 0.426137 0.000010 0.569430
0.000606 0.000010 0.000010 0.050830 0.110308 0.557443 0.000010 0.250794 0.000010 0.029979
0.000010 0.188548 0.000010 0.027037 0.000010 0.429400 0.000010 0.189498 0.000010 0.165466
0.000010 0.263691 0.000010 0.000010 0.092798 0.000010 0.000010 0.000010 0.000010 0.643440
0.000010 0.000010 0.000010 0.000010 0.000010 0.000010 0.999910 0.000010 0.000010 0.000010
0.000010 0.000010 0.000010 0.000010 0.000010 0.562836 0.000010 0.219136 0.000010 0.217958
0.000010 0.047486 0.046494 0.000010 0.000010 0.373675 0.000010 0.532285 0.000010 0.000010
0.000010 0.000010 0.000010 0.000010 0.000010 0.000010 0.999910 0.000010 0.000010 0.000010
0.000010 0.070182 0.000010 0.000010 0.000010 0.000010 0.000010 0.654453 0.000010 0.275295
0.000010 0.000010 0.000010 0.000010 0.000010 0.000010 0.999910 0.000010 0.000010 0.000010
0.000010 0.000010 0.000010 0.000010 0.000010 0.000010 0.999910 0.000010 0.000010 0.000010
0.220504 0.000010 0.000010 0.000010 0.000010 0.000010 0.779416 0.000010 0.000010 0.000010
0.000010 0.000010 0.000010 0.000010 0.000010 0.537875 0.000010 0.419581 0.000010 0.042473
0.000010 0.580899 0.000010 0.000010 0.000010 0.000010 0.000010 0.330613 0.000010 0.088418
0.000010 0.237228 0.000010 0.102543 0.660159 0.000010 0.000010 0.000010 0.000010 0.000010
0.000010 0.000010 0.084499 0.000010 0.864472 0.000010 0.000010 0.050960 0.000010 0.000010
0.000010 0.000010 0.006529 0.000010 0.824059 0.000010 0.000010 0.000010 0.000010 0.169342
0.000010 0.085627 0.044460 0.000010 0.857805 0.000010 0.000010 0.012048 0.000010 0.000010
0.028702 0.000010 0.000010 0.049406 0.772223 0.000010 0.000010 0.094314 0.000010 0.055305
0.000010 0.000010 0.116931 0.000010 0.839518 0.043481 0.000010 0.000010 0.000010 0.000010
0.000010 0.316918 0.000010 0.000010 0.000010 0.469020 0.000010 0.000010 0.000010 0.213992
0.000010 0.000010 0.000010 0.000010 0.000010 0.000010 0.999910 0.000010 0.000010 0.000010
0.000010 0.065472 0.000010 0.000010 0.000010 0.000010 0.000010 0.374480 0.000010 0.559978
0.000010 0.000010 0.000010 0.000010 0.000010 0.000010 0.000010 0.999910 0.000010 0.000010
0.000010 0.074019 0.000010 0.000010 0.000010 0.925901 0.000010 0.000010 0.000010 0.000010
0.221059 0.000010 0.000010 0.000010 0.000010 0.000010 0.778861 0.000010 0.000010 0.000010
0.000010 0.200575 0.000010 0.000010 0.000010 0.604677 0.000010 0.000010 0.000010 0.194679
0.000010 0.000010 0.000010 0.000010 0.000010 0.000010 0.000010 0.000010 0.000010 0.999910
0.000010 0.000010 0.034328 0.000010 0.000010 0.362994 0.000010 0.336490 0.000010 0.266128
0.000010 0.099625 0.000010 0.000010 0.000010 0.000010 0.000010 0.084703 0.000010 0.815603
0.000010 0.274372 0.000010 0.000010 0.000010 0.152853 0.000010 0.097666 0.000010 0.475049
0.000010 0.038684 0.000010 0.000010 0.000010 0.402018 0.000010 0.559229 0.000010 0.000010
0.000010 0.000010 0.000010 0.000010 0.000010 0.000010 0.000010 0.999910 0.000010 0.000010
0.000010 0.070579 0.097011 0.000010 0.000010 0.000010 0.000010 0.000010 0.000010 0.832339
0.000010 0.484306 0.000010 0.000010 0.000010 0.000010 0.000010 0.000010 0.000010 0.515614
0.000010 0.000010 0.000010 0.000010 0.000010 0.000010 0.999910 0.000010 0.000010 0.000010
0.000010 0.000010 0.000010 0.000010 0.000010 0.000010 0.000010 0.999910 0.000010 0.000010
0.000523 0.077138 0.000010 0.000010 0.000010 0.311921 0.000010 0.237019 0.000010 0.373350
0.000010 0.082690 0.000010 0.000010 0.000010 0.021818 0.000010 0.244406 0.000010 0.651025
0.000010 0.000010 0.000010 0.000010 0.000010 0.000010 0.000010 0.999910 0.000010 0.000010
0.000010 0.000010 0.000010 0.000010 0.000010 0.406895 0.000010 0.000010 0.000010 0.593025
0.060080 0.000010 0.000010 0.000010 0.000010 0.508480 0.000010 0.000010 0.000010 0.431370
0.000010 0.000010 0.000010 0.000010 0.000010 0.000010 0.000010 0.000010 0.000010 0.999910
0.000010 0.060111 0.000010 0.000010 0.000010 0.652645 0.000010 0.097356 0.000010 0.189828
0.000010 0.233267 0.000010 0.000010 0.000010 0.370881 0.000010 0.006632 0.000010 0.389161
0.000010 0.000010 0.000010 0.000010 0.000010 0.000010 0.000010 0.000010 0.000010 0.999910
0.017625 0.000010 0.000010 0.000010 0.013054 0.000010 0.000010 0.443023 0.000010 0.526237
0.000010 0.000010 0.000010 0.000010 0.000010 0.000010 0.000010 0.119347 0.000010 0.880573
0.000010 0.000010 0.000010 0.000010 0.000010 0.000010 0.000010 0.999910 0.000010 0.000010
0.000010 0.112346 0.000010 0.000010 0.000010 0.195596 0.000010 0.331532 0.000010 0.360465
0.000010 0.534242 0.000010 0.000010 0.000010 0.067174 0.000010 0.000010 0.000010 0.398514
0.000010 0.298310 0.000010 0.000010 0.000010 0.620302 0.000010 0.081318 0.000010 0.000010
0.000010 0.000010 0.000010 0.000010 0.000010 0.000010 0.000010 0.999910 0.000010 0.000010
0.000010 0.000010 0.000010 0.000010 0.000010 0.276420 0.000010 0.723500 0.000010 0.000010
0.000010 0.000010 0.000010 0.000010 0.000010 0.000010 0.000010 0.000010 0.000010 0.999910
0.000010 0.000010 0.000010 0.000010 0.000010 0.362227 0.000010 0.000010 0.000010 0.637693
0.000010 0.000010 0.000010 0.000010 0.000010 0.000010 0.999910 0.000010 0.000010 0.000010
0.000010 0.000010 0.000010 0.000010 0.000010 0.000010 0.999910 0.000010 0.000010 0.000010
0.000010 0.179079 0.000010 0.000010 0.000010 0.000010 0.000010 0.045693 0.000010 0.775158
0.000010 0.000010 0.000010 0.000010 0.000010 0.000010 0.999910 0.000010 0.000010 0.000010
0.000010 0.160677 0.000010 0.000010 0.000010 0.563228 0.000010 0.106396 0.000010 0.169639
0.000010 0.244633 0.000010 0.000010 0.000010 0.426374 0.000010 0.328923 0.000010 0.000010
0.000010 0.000010 0.000010 0.000010 0.000010 0.000010 0.999910 0.000010 0.000010 0.000010
0.000010 0.000010 0.000010 0.000010 0.000010 0.000010 0.999910 0.000010 0.000010 0.000010
0.000010 0.367333 0.000010 0.000010 0.000010 0.421985 0.000010 0.028021 0.000010 0.182601
0.000010 0.000010 0.000010 0.000010 0.000010 0.000010 0.999910 0.000010 0.000010 0.000010
0.000010 0.000010 0.000010 0.000010 0.000010 0.000010 0.999910 0.000010 0.000010 0.000010
0.135332 0.000010 0.000010 0.000010 0.000010 0.000010 0.864588 0.000010 0.000010 0.000010
0.000010 0.000010 0.000010 0.824989 0.174931 0.000010 0.000010 0.000010 0.000010 0.000010
0.000010 0.000010 0.000010 0.974088 0.000020 0.025822 0.000010 0.000010 0.000010 0.000010
0.000010 0.000010 0.000010 0.999910 0.000010 0.000010 0.000010 0.000010 0.000010 0.000010
0.000010 0.229448 0.000010 0.770472 0.000010 0.000010 0.000010 0.000010 0.000010 0.000010
0.951844 0.000010 0.000010 0.000010 0.000010 0.000010 0.048076 0.000010 0.000010 0.000010
0.000010 0.129563 0.000010 0.015650 0.000010 0.127459 0.000010 0.133199 0.000010 0.594079
0.000010 0.348421 0.000010 0.651499 0.000010 0.000010 0.000010 0.000010 0.000010 0.000010
0.000010 0.179611 0.243467 0.564991 0.011870 0.000010 0.000010 0.000010 0.000010 0.000010
0.017419 0.000010 0.194450 0.448750 0.172488 0.000010 0.000010 0.024027 0.065834 0.077002
0.000010 0.153020 0.606284 0.184911 0.047219 0.000010 0.008516 0.000010 0.000010 0.000010
0.000010 0.161685 0.300595 0.537651 0.000010 0.000010 0.000010 0.000010 0.000010 0.000010
0.000010 0.000010 0.000010 0.899175 0.000010 0.000010 0.000010 0.000010 0.000010 0.100745
0.000010 0.000010 0.302017 0.522172 0.000010 0.077608 0.000010 0.000010 0.000010 0.098143
0.000010 0.057820 0.464003 0.315275 0.115103 0.000010 0.000010 0.000010 0.047749 0.000010
0.000010 0.000010 0.537282 0.353323 0.000010 0.023702 0.000010 0.000010 0.000010 0.085633
0.000010 0.065009 0.000010 0.851725 0.083196 0.000010 0.000010 0.000010 0.000010 0.000010
0.000010 0.176909 0.000010 0.722597 0.000010 0.000010 0.022288 0.000010 0.000010 0.078147
0.000010 0.000010 0.225601 0.612840 0.004376 0.000010 0.000010 0.157123 0.000010 0.000010
0.000010 0.052911 0.090779 0.788013 0.018679 0.049568 0.000010 0.000010 0.000010 0.000010
0.000010 0.000010 0.471618 0.528302 0.000010 0.000010 0.000010 0.000010 0.000010 0.000010
0.000010 0.000010 0.000010 0.999910 0.000010 0.000010 0.000010 0.000010 0.000010 0.000010
0.000010 0.094974 0.241336 0.576189 0.000010 0.087441 0.000010 0.000010 0.000010 0.000010
0.000010 0.193917 0.000010 0.806003 0.000010 0.000010 0.000010 0.000010 0.000010 0.000010
0.000010 0.197861 0.209075 0.425722 0.167282 0.000010 0.000010 0.000010 0.000010 0.000010
0.000010 0.000010 0.059287 0.810779 0.000010 0.000010 0.000010 0.000010 0.000010 0.129864
0.028377 0.066130 0.075216 0.826399 0.000010 0.000010 0.000010 0.000010 0.000010 0.003829
0.000010 0.000010 0.586099 0.295099 0.068755 0.049987 0.000010 0.000010 0.000010 0.000010
0.999910 0.000010 0.000010 0.000010 0.000010 0.000010 0.000010 0.000010 0.000010 0.000010
0.017477 0.000010 0.266750 0.642128 0.000010 0.000010 0.000010 0.073585 0.000010 0.000010
0.000010 0.000010 0.271995 0.727925 0.000010 0.000010 0.000010 0.000010 0.000010 0.000010
0.000010 0.000010 0.000010 0.926335 0.000010 0.000010 0.000010 0.073585 0.000010 0.000010
0.999910 0.000010 0.000010 0.000010 0.000010 0.000010 0.000010 0.000010 0.000010 0.000010
0.000010 0.054178 0.000010 0.945742 0.000010 0.000010 0.000010 0.000010 0.000010 0.000010
0.999910 0.000010 0.000010 0.000010 0.000010 0.000010 0.000010 0.000010 0.000010 0.000010
0.000010 0.000010 0.000010 0.999910 0.000010 0.000010 0.000010 0.000010 0.000010 0.000010
0.012083 0.000010 0.099964 0.731700 0.000010 0.000010 0.000010 0.156193 0.000010 0.000010
0.000010 0.182633 0.451570 0.365727 0.000010 0.000010 0.000010 0.000010 0.000010 0.000010
0.000010 0.120483 0.463969 0.415477 0.000010 0.000010 0.000010 0.000010 0.000010 0.000010
0.000013 0.138394 0.000010 0.819036 0.042493 0.000010 0.000013 0.000010 0.000010 0.000010
0.000010 0.000010 0.159116 0.573466 0.000010 0.000010 0.000010 0.000010 0.000010 0.267348
0.000010 0.045417 0.488451 0.466062 0.000010 0.000010 0.000010 0.000010 0.000010 0.000010
0.000010 0.185802 0.404105 0.310656 0.000010 0.000010 0.000010 0.000010 0.000010 0.099377
0.000010 0.000010 0.000010 0.871346 0.000010 0.128574 0.000010 0.000010 0.000010 0.000010
0.000010 0.009984 0.426408 0.458895 0.000010 0.059579 0.000010 0.000010 0.000010 0.045084
0.000010 0.053961 0.293840 0.611516 0.040623 0.000010 0.000010 0.000010 0.000010 0.000010
0.032465 0.000010 0.000010 0.652994 0.245617 0.000010 0.000010 0.054499 0.000010 0.014374
0.009301 0.069162 0.293561 0.440269 0.149975 0.037692 0.000010 0.000010 0.000010 0.000010
0.000010 0.059020 0.000010 0.000010 0.000010 0.556171 0.000010 0.000010 0.000010 0.384740
0.000010 0.100331 0.000010 0.000010 0.134936 0.587511 0.020176 0.000010 0.000010 0.156996
0.000010 0.086504 0.000010 0.000010 0.000010 0.476062 0.000010 0.000010 0.000010 0.437364
0.000010 0.224918 0.000010 0.000010 0.000010 0.500923 0.000010 0.014151 0.000010 0.259949
0.000010 0.000010 0.000010 0.000010 0.000010 0.792047 0.000010 0.000010 0.000010 0.207873
0.000010 0.111584 0.000010 0.000010 0.000010 0.717042 0.000010 0.000010 0.000010 0.171304
0.000010 0.123411 0.000010 0.000010 0.070077 0.372644 0.000010 0.000010 0.000010 0.433808
0.000010 0.000010 0.000010 0.000010 0.000010 0.409126 0.000010 0.362217 0.000010 0.228587
0.000010 0.299402 0.000010 0.000010 0.000010 0.242552 0.000010 0.029001 0.000010 0.428985
0.000010 0.222050 0.000010 0.000010 0.113597 0.323306 0.000010 0.066887 0.000010 0.274110
0.000010 0.098908 0.000010 0.000010 0.000010 0.162037 0.000010 0.356339 0.000010 0.382657
0.000010 0.000010 0.000010 0.000010 0.000010 0.647622 0.000010 0.079402 0.000010 0.272905
0.806658 0.000010 0.000010 0.000010 0.000010 0.000010 0.193262 0.000010 0.000010 0.000010
0.000010 0.000010 0.000010 0.000010 0.000010 0.999910 0.000010 0.000010 0.000010 0.000010
0.000672 0.000010 0.000010 0.079185 0.000010 0.423648 0.000010 0.399181 0.000010 0.097263
0.000010 0.414417 0.000010 0.000010 0.000010 0.162290 0.000010 0.223885 0.000010 0.199349
0.000010 0.258217 0.000010 0.000010 0.170693 0.435265 0.000010 0.000010 0.000010 0.135765
0.000010 0.336363 0.000010 0.013650 0.086670 0.014474 0.000010 0.000010 0.000010 0.548793
0.000010 0.108850 0.048823 0.000010 0.000010 0.459911 0.000010 0.115867 0.000010 0.266499
0.000010 0.000010 0.000010 0.000010 0.000010 0.999910 0.000010 0.000010 0.000010 0.000010
0.000010 0.000010 0.000010 0.122277 0.000010 0.542739 0.000010 0.231998 0.000010 0.102925
0.000010 0.192039 0.072354 0.000010 0.000010 0.504173 0.000010 0.000010 0.000010 0.231374
0.000010 0.124519 0.000010 0.000010 0.000010 0.875401 0.000010 0.000010 0.000010 0.000010
0.000010 0.572837 0.000010 0.000010 0.000010 0.000010 0.000010 0.000010 0.000010 0.427083
0.000010 0.174132 0.000010 0.000010 0.023802 0.472432 0.000010 0.010268 0.000010 0.319315
0.000010 0.248579 0.000010 0.000010 0.000010 0.730895 0.000010 0.020456 0.000010 0.000010
0.000010 0.271955 0.000010 0.000010 0.000010 0.727965 0.000010 0.000010 0.000010 0.000010
0.000010 0.567052 0.000010 0.000010 0.000010 0.432868 0.000010 0.000010 0.000010 0.000010
0.000010 0.232632 0.000010 0.000010 0.000010 0.000010 0.000010 0.395283 0.000010 0.372015
0.000010 0.273531 0.000010 0.000010 0.000010 0.000010 0.000010 0.254408 0.000010 0.471991
0.000010 0.169550 0.000010 0.000010 0.000010 0.347763 0.018149 0.464478 0.000010 0.000010
0.000010 0.244999 0.000010 0.000010 0.034485 0.528452 0.000010 0.000010 0.000010 0.192005
0.000010 0.293962 0.000010 0.000010 0.000010 0.125539 0.000010 0.000010 0.000010 0.580429
0.000010 0.000010 0.000010 0.814756 0.008799 0.000010 0.000010 0.000010 0.000010 0.176375
0.000010 0.118029 0.000010 0.000010 0.000010 0.625617 0.000010 0.000010 0.000010 0.256285
0.000010 0.469641 0.000010 0.000010 0.000010 0.530279 0.000010 0.000010 0.000010 0.000010
0.000010 0.000010 0.000010 0.000010 0.000010 0.999910 0.000010 0.000010 0.000010 0.000010
0.000010 0.022740 0.000010 0.055740 0.000010 0.089651 0.000010 0.120640 0.000010 0.711179
0.000010 0.148772 0.000010 0.000010 0.000010 0.548175 0.000010 0.000010 0.000010 0.302983
0.000010 0.076654 0.000010 0.047103 0.026830 0.495669 0.000010 0.000010 0.000010 0.353694
0.000010 0.000010 0.000010 0.046975 0.000010 0.685717 0.000010 0.267238 0.000010 0.000010
0.000010 0.373616 0.000010 0.070545 0.104590 0.000010 0.000010 0.139151 0.000010 0.312048
0.000010 0.000010 0.000010 0.000010 0.000010 0.700989 0.000010 0.232916 0.000010 0.066026
0.000010 0.043964 0.000010 0.000010 0.000010 0.775891 0.000010 0.000010 0.000010 0.180074
0.000010 0.255487 0.000010 0.000010 0.137934 0.367101 0.000010 0.239418 0.000010 0.000010
0.000010 0.398682 0.000010 0.000010 0.000010 0.601238 0.000010 0.000010 0.000010 0.000010
0.010031 0.148058 0.000010 0.014610 0.000010 0.663979 0.000010 0.049560 0.004189 0.109542
0.000010 0.000010 0.000010 0.129572 0.000010 0.781030 0.000010 0.000010 0.000010 0.089328
0.000010 0.219875 0.000010 0.000010 0.000010 0.102263 0.000010 0.089960 0.000010 0.587842
0.000010 0.186158 0.000010 0.000010 0.000010 0.376562 0.000010 0.095903 0.000010 0.341317
0.000010 0.134928 0.000010 0.000010 0.000010 0.752579 0.000010 0.000010 0.000010 0.112423
0.000010 0.051472 0.000010 0.036660 0.000010 0.244891 0.000010 0.532701 0.000010 0.134226
0.000010 0.000010 0.000010 0.000010 0.000010 0.564629 0.000010 0.283775 0.000010 0.151526
0.000680 0.523895 0.000010 0.000010 0.000010 0.382283 0.000010 0.085185 0.000010 0.007906
0.000010 0.000010 0.000010 0.000010 0.000010 0.742523 0.000010 0.228357 0.000010 0.029050
0.000010 0.161436 0.000010 0.058912 0.000010 0.500924 0.000010 0.150189 0.000010 0.128488
0.000010 0.164995 0.000010 0.015256 0.000010 0.544165 0.000010 0.008913 0.000010 0.266620
0.000010 0.232932 0.000010 0.000010 0.024856 0.580973 0.000010 0.161179 0.000010 0.000010
0.000010 0.062866 0.000010 0.000010 0.000010 0.746138 0.000010 0.190926 0.000010 0.000010
0.000010 0.000010 0.000010 0.000010 0.000010 0.999910 0.000010 0.000010 0.000010 0.000010
0.000010 0.151984 0.000010 0.000010 0.000010 0.000010 0.000010 0.405745 0.117142 0.325070
0.000010 0.000010 0.000010 0.000010 0.000010 0.999910 0.000010 0.000010 0.000010 0.000010
0.000010 0.394134 0.000010 0.000010 0.042097 0.563695 0.000010 0.000013 0.000010 0.000010
0.000010 0.226628 0.000010 0.000010 0.000010 0.000011 0.000010 0.430267 0.000010 0.343035
0.000010 0.316811 0.000010 0.000010 0.000010 0.000010 0.000010 0.474704 0.000010 0.208415
0.000010 0.036690 0.000010 0.000010 0.000010 0.635259 0.000010 0.093483 0.000010 0.234509
0.000010 0.000010 0.000010 0.000010 0.000010 0.000010 0.999910 0.000010 0.000010 0.000010
0.000010 0.190917 0.000010 0.000010 0.000010 0.637214 0.000010 0.114644 0.000010 0.057164
0.000010 0.000010 0.000010 0.000010 0.000010 0.999910 0.000010 0.000010 0.000010 0.000010
0.000010 0.120219 0.000010 0.000010 0.000010 0.803015 0.000010 0.076696 0.000010 0.000010
0.000010 0.000010 0.000010 0.000010 0.143537 0.856383 0.000010 0.000010 0.000010 0.000010
0.000010 0.379778 0.000010 0.000010 0.000010 0.110117 0.000010 0.000010 0.000010 0.510036
0.000010 0.000010 0.000010 0.000010 0.000010 0.999910 0.000010 0.000010 0.000010 0.000010
0.029666 0.086378 0.000010 0.000010 0.000010 0.883886 0.000010 0.000010 0.000010 0.000010
0.000010 0.000010 0.000010 0.183879 0.000010 0.764832 0.000010 0.051219 0.000010 0.000010
0.000010 0.000010 0.000010 0.196821 0.000010 0.803099 0.000010 0.000010 0.000010 0.000010
0.000010 0.528763 0.000010 0.000010 0.000010 0.276374 0.000010 0.194793 0.000010 0.000010
0.000010 0.277495 0.000014 0.000010 0.000010 0.722421 0.000010 0.000010 0.000010 0.000010
0.000010 0.379283 0.084233 0.000010 0.000010 0.406618 0.000010 0.129805 0.000010 0.000010
0.000010 0.188122 0.000010 0.000010 0.059297 0.458733 0.000010 0.293787 0.000010 0.000010
0.000010 0.175917 0.000010 0.000010 0.004115 0.355390 0.000010 0.247364 0.000010 0.217165
0.000010 0.355315 0.000010 0.000010 0.000010 0.236475 0.000010 0.007464 0.000010 0.400686
0.000010 0.000010 0.109917 0.000010 0.890003 0.000010 0.000010 0.000010 0.000010 0.000010
0.000010 0.000010 0.091608 0.000010 0.644974 0.000010 0.000010 0.263348 0.000010 0.000010
0.000010 0.147659 0.000010 0.000010 0.702731 0.000010 0.000010 0.149540 0.000010 0.000010
0.000010 0.321130 0.084341 0.000010 0.594458 0.000010 0.000010 0.000010 0.000010 0.000010
0.000010 0.000010 0.000010 0.000010 0.999910 0.000010 0.000010 0.000010 0.000010 0.000010
0.000010 0.000010 0.000010 0.000010 0.999910 0.000010 0.000010 0.000010 0.000010 0.000010
0.000010 0.261544 0.000010 0.000010 0.738376 0.000010 0.000010 0.000010 0.000010 0.000010
0.000010 0.238544 0.000010 0.000010 0.761376 0.000010 0.000010 0.000010 0.000010 0.000010
0.000010 0.036574 0.235944 0.000010 0.534651 0.000010 0.000010 0.192770 0.000010 0.000010
0.000010 0.097394 0.000010 0.000010 0.902526 0.000010 0.000010 0.000010 0.000010 0.000010
0.000010 0.327756 0.000010 0.000010 0.672164 0.000010 0.000010 0.000010 0.000010 0.000010
0.010813 0.000010 0.000010 0.000010 0.898453 0.000010 0.000010 0.090663 0.000010 0.000010
0.000010 0.060500 0.221829 0.000010 0.641066 0.000010 0.000010 0.000010 0.000010 0.076545
0.000010 0.048879 0.000010 0.008792 0.881027 0.000010 0.000010 0.000010 0.000010 0.061243
0.000010 0.213511 0.000010 0.000010 0.786409 0.000010 0.000010 0.000010 0.000010 0.000010
0.820787 0.000010 0.000010 0.000010 0.000010 0.000010 0.179133 0.000010 0.000010 0.000010
0.000010 0.000010 0.000010 0.000010 0.943704 0.000010 0.000010 0.000010 0.000010 0.056216
0.000010 0.000010 0.000010 0.000010 0.805700 0.000010 0.000010 0.110401 0.000010 0.083829
0.000010 0.085881 0.000010 0.000010 0.743323 0.000010 0.000010 0.000010 0.000010 0.170726
0.000010 0.000010 0.113209 0.000010 0.796389 0.090333 0.000010 0.000010 0.000010 0.000010
0.000010 0.185745 0.339330 0.000010 0.343090 0.035413 0.000010 0.096372 0.000010 0.000010
0.000010 0.000010 0.000010 0.000010 0.990615 0.000010 0.000010 0.000010 0.000010 0.009305
0.014952 0.271270 0.000010 0.000010 0.713708 0.000010 0.000010 0.000010 0.000010 0.000010
0.000010 0.000010 0.000010 0.000010 0.813772 0.000010 0.000010 0.186148 0.000010 0.000010
0.000010 0.044511 0.000010 0.000010 0.932322 0.000010 0.023097 0.000010 0.000010 0.000010
0.000010 0.000010 0.000010 0.000010 0.916734 0.000010 0.000010 0.083186 0.000010 0.000010
0.000010 0.053561 0.000010 0.000010 0.946359 0.000010 0.000010 0.000010 0.000010 0.000010
0.000010 0.043746 0.000010 0.000010 0.956174 0.000010 0.000010 0.000010 0.000010 0.000010
0.000010 0.000010 0.000010 0.199289 0.695422 0.000010 0.000010 0.105219 0.000010 0.000010
0.000010 0.095854 0.275419 0.000010 0.628657 0.000010 0.000010 0.000010 0.000010 0.000010
0.000010 0.000010 0.200160 0.000010 0.799760 0.000010 0.000010 0.000010 0.000010 0.000010
0.000010 0.068926 0.000010 0.000010 0.792404 0.000010 0.000010 0.064128 0.000010 0.074482
0.000010 0.000010 0.000010 0.000010 0.860222 0.000010 0.000010 0.139698 0.000010 0.000010
0.000010 0.154197 0.000010 0.000010 0.726419 0.000010 0.000010 0.119314 0.000010 0.000010
0.000010 0.054230 0.000010 0.000010 0.813478 0.132222 0.000010 0.000010 0.000010 0.000010
0.752273 0.000010 0.000010 0.000010 0.000010 0.000010 0.247647 0.000010 0.000010 0.000010
0.000010 0.062328 0.000010 0.006264 0.931338 0.000010 0.000010 0.000010 0.000010 0.000010
0.025145 0.000010 0.000010 0.000010 0.974775 0.000010 0.000010 0.000010 0.000010 0.000010
0.999910 0.000010 0.000010 0.000010 0.000010 0.000010 0.000010 0.000010 0.000010 0.000010
0.000010 0.000010 0.000010 0.000010 0.907040 0.000010 0.000010 0.000010 0.000010 0.092880
0.017919 0.000010 0.142120 0.000010 0.611491 0.228411 0.000010 0.000010 0.000010 0.000010
0.000010 0.308810 0.000010 0.000010 0.691110 0.000010 0.000010 0.000010 0.000010 0.000010
0.000010 0.000010 0.000010 0.161686 0.838234 0.000010 0.000010 0.000010 0.000010 0.000010
0.000010 0.000010 0.000010 0.000010 0.999910 0.000010 0.000010 0.000010 0.000010 0.000010
0.000010 0.298003 0.000010 0.020457 0.681469 0.000010 0.000010 0.000010 0.000010 0.000010
0.000010 0.000010 0.192102 0.000010 0.807818 0.000010 0.000010 0.000010 0.000010 0.000010
0.597862 0.000010 0.000010 0.000010 0.000010 0.000010 0.402058 0.000010 0.000010 0.000010
0.000010 0.078964 0.000010 0.000010 0.903145 0.000010 0.000010 0.000010 0.000010 0.017821
0.000010 0.193897 0.083516 0.000010 0.690848 0.000010 0.000010 0.031679 0.000010 0.000010
0.004332 0.000010 0.000010 0.000010 0.921050 0.000010 0.000010 0.000010 0.000010 0.074548
0.000010 0.000010 0.012310 0.000010 0.944185 0.043435 0.000010 0.000010 0.000010 0.000010
0.000010 0.000010 0.000010 0.000010 0.999910 0.000010 0.000010 0.000010 0.000010 0.000010
0.000010 0.514214 0.000010 0.000010 0.000010 0.000010 0.000010 0.000010 0.000010 0.485706
