0.030585 0.087695 0.139073 0.492279 0.167991 0.082336 0.000010 0.000010 0.000010 0.000010
0.000010 0.000010 0.000010 0.999910 0.000010 0.000010 0.000010 0.000010 0.000010 0.000010
0.015624 0.000010 0.550275 0.434031 0.000010 0.000010 0.000010 0.000010 0.000010 0.000010
0.000010 0.000010 0.999910 0.000010 0.000010 0.000010 0.000010 0.000010 0.000010 0.000010
0.000010 0.267143 0.222657 0.362983 0.000010 0.000010 0.000010 0.147157 0.000010 0.000010
0.000010 0.000010 0.612608 0.211408 0.000010 0.000010 0.000010 0.138615 0.000010 0.037309
0.000010 0.000010 0.274899 0.725021 0.000010 0.000010 0.000010 0.000010 0.000010 0.000010
0.000010 0.000010 0.393592 0.606328 0.000010 0.000010 0.000010 0.000010 0.000010 0.000010
0.000010 0.000010 0.510849 0.290116 0.090470 0.000010 0.000010 0.019096 0.000010 0.089419
0.000010 0.000010 0.000010 0.000010 0.000010 0.000010 0.000010 0.000010 0.999910 0.000010
0.000010 0.000010 0.000010 0.000010 0.000010 0.000010 0.000010 0.000010 0.999910 0.000010
0.000010 0.000010 0.450739 0.372625 0.176566 0.000010 0.000010 0.000010 0.000010 0.000010
0.000010 0.000010 0.253164 0.651395 0.000010 0.095372 0.000010 0.000010 0.000010 0.000010
0.000010 0.051996 0.423975 0.440574 0.000010 0.083395 0.000010 0.000010 0.000010 0.000010
0.000010 0.000010 0.999910 0.000010 0.000010 0.000010 0.000010 0.000010 0.000010 0.000010
0.000010 0.000010 0.000010 0.802342 0.000010 0.000010 0.000010 0.000010 0.000010 0.197578
0.000010 0.000010 0.999910 0.000010 0.000010 0.000010 0.000010 0.000010 0.000010 0.000010
0.000010 0.122146 0.327250 0.365081 0.042450 0.000010 0.000010 0.000010 0.000010 0.143023
0.000010 0.000010 0.208902 0.791018 0.000010 0.000010 0.000010 0.000010 0.000010 0.000010
0.000010 0.000010 0.070312 0.700864 0.000010 0.000010 0.000010 0.000010 0.150647 0.078117
0.000010 0.000010 0.045143 0.797821 0.000010 0.139199 0.003599 0.000010 0.000010 0.014189
0.000010 0.048622 0.317302 0.634003 0.000010 0.000010 0.000010 0.000012 0.000010 0.000010
0.000010 0.165744 0.284826 0.463692 0.000010 0.085678 0.000010 0.000010 0.000010 0.000010
0.000010 0.000010 0.602623 0.240018 0.000010 0.000010 0.000010 0.130275 0.027023 0.000010
0.000010 0.000010 0.466078 0.533842 0.000010 0.000010 0.000010 0.000010 0.000010 0.000010
0.000010 0.131693 0.276856 0.549178 0.042213 0.000010 0.000010 0.000010 0.000010 0.000010
0.000010 0.000010 0.148556 0.447821 0.144530 0.000010 0.000010 0.000010 0.141465 0.117578
0.000010 0.000010 0.115678 0.000010 0.000010 0.353490 0.000010 0.451692 0.000010 0.079080
0.005580 0.610277 0.011516 0.372567 0.000010 0.000010 0.000010 0.000010 0.000010 0.000010
0.000010 0.610222 0.162683 0.227024 0.000010 0.000010 0.000010 0.000010 0.000010 0.000010
0.000010 0.000010 0.000010 0.000010 0.000010 0.000010 0.000010 0.000010 0.999910 0.000010
0.000010 0.968933 0.000010 0.000010 0.000010 0.030987 0.000010 0.000010 0.000010 0.000010
0.000010 0.999910 0.000010 0.000010 0.000010 0.000010 0.000010 0.000010 0.000010 0.000010
0.000010 0.000010 0.000010 0.000010 0.000010 0.000010 0.000010 0.000010 0.999910 0.000010
0.000010 0.000010 0.000010 0.000010 0.000010 0.000010 0.000010 0.000010 0.999910 0.000010
0.000010 0.000010 0.133199 0.000010 0.000010 0.000010 0.000010 0.062948 0.803783 0.000010
0.000010 0.441480 0.464623 0.000010 0.093827 0.000010 0.000010 0.000010 0.000010 0.000010
0.000010 0.000010 0.000010 0.000010 0.000010 0.000010 0.000010 0.000010 0.999910 0.000010
0.000010 0.293838 0.187578 0.341068 0.000010 0.000010 0.033764 0.143702 0.000010 0.000010
0.000010 0.458760 0.407163 0.000010 0.015773 0.000010 0.021938 0.000010 0.000010 0.096316
0.000010 0.692204 0.307716 0.000010 0.000010 0.000010 0.000010 0.000010 0.000010 0.000010
0.015185 0.477294 0.493162 0.000010 0.000010 0.000010 0.000010 0.000010 0.000010 0.014299
0.000010 0.811318 0.000010 0.000010 0.000010 0.000010 0.000010 0.085895 0.102716 0.000010
0.000010 0.934366 0.065554 0.000010 0.000010 0.000010 0.000010 0.000010 0.000010 0.000010
0.222664 0.000010 0.000010 0.000010 0.000010 0.000010 0.777256 0.000010 0.000010 0.000010
0.000010 0.522110 0.144348 0.221833 0.000010 0.000010 0.000010 0.000010 0.000010 0.111649
0.000010 0.291560 0.000010 0.145053 0.158095 0.000010 0.000010 0.044600 0.091550 0.269102
0.000010 0.229897 0.406248 0.000010 0.109326 0.174466 0.000010 0.000010 0.080014 0.000010
0.000011 0.423041 0.000010 0.000010 0.175013 0.000010 0.000010 0.000010 0.326865 0.075021
0.000010 0.000010 0.000010 0.000010 0.000010 0.000010 0.999910 0.000010 0.000010 0.000010
0.000010 0.522601 0.355869 0.000010 0.000010 0.000010 0.000010 0.000010 0.089086 0.032384
0.000010 0.254327 0.000010 0.289691 0.140735 0.109136 0.000010 0.152659 0.000010 0.053412
0.000010 0.000010 0.000010 0.000010 0.000010 0.000010 0.999910 0.000010 0.000010 0.000010
0.000010 0.834909 0.000010 0.000010 0.000010 0.000010 0.000010 0.165011 0.000010 0.000010
0.000010 0.000010 0.000010 0.000010 0.000010 0.000010 0.999910 0.000010 0.000010 0.000010
0.000010 0.000010 0.000010 0.000010 0.000010 0.000010 0.999910 0.000010 0.000010 0.000010
0.000010 0.580673 0.407754 0.000010 0.000010 0.000010 0.000010 0.000010 0.000010 0.011503
0.000010 0.000010 0.000010 0.000010 0.000010 0.000010 0.999910 0.000010 0.000010 0.000010
0.000010 0.999910 0.000010 0.000010 0.000010 0.000010 0.000010 0.000010 0.000010 0.000010
0.000010 0.000010 0.000010 0.000010 0.000010 0.000010 0.999910 0.000010 0.000010 0.000010
0.000010 0.999910 0.000010 0.000010 0.000010 0.000010 0.000010 0.000010 0.000010 0.000010
0.000010 0.842913 0.140024 0.000010 0.000010 0.000010 0.000010 0.000010 0.000010 0.016992
0.000010 0.687409 0.155683 0.000010 0.130373 0.000010 0.026475 0.000010 0.000010 0.000010
0.000010 0.464492 0.400685 0.000010 0.000010 0.000010 0.000010 0.000010 0.000010 0.134754
0.000010 0.501756 0.000010 0.143816 0.354358 0.000010 0.000010 0.000010 0.000010 0.000010
0.000010 0.000010 0.000010 0.000010 0.000010 0.845386 0.000010 0.154534 0.000010 0.000010
0.000010 0.000010 0.000010 0.013384 0.000010 0.214413 0.000010 0.110886 0.000010 0.661258
0.000010 0.077787 0.000010 0.000010 0.000010 0.197462 0.000010 0.364303 0.000010 0.360388
0.000010 0.000010 0.179457 0.000010 0.000010 0.599174 0.000010 0.025681 0.000010 0.195629
0.000010 0.000010 0.000010 0.000010 0.000010 0.999910 0.000010 0.000010 0.000010 0.000010
0.000010 0.000010 0.000010 0.018180 0.078121 0.715037 0.027098 0.161514 0.000010 0.000010
0.000010 0.000010 0.000010 0.000010 0.000010 0.999910 0.000010 0.000010 0.000010 0.000010
0.000010 0.000010 0.108216 0.000010 0.000010 0.000010 0.005165 0.329305 0.000010 0.557254
0.716311 0.000010 0.000010 0.000010 0.000010 0.000010 0.283609 0.000010 0.000010 0.000010
0.000010 0.003334 0.137857 0.000010 0.000010 0.163220 0.000010 0.000010 0.000010 0.695529
0.000010 0.000010 0.183600 0.000010 0.000010 0.750433 0.000010 0.065897 0.000010 0.000010
0.000010 0.000010 0.077418 0.000010 0.000010 0.468288 0.000010 0.000010 0.000010 0.454225
0.000010 0.000010 0.000010 0.098422 0.000010 0.000010 0.000010 0.307266 0.000010 0.594242
0.000010 0.000010 0.000010 0.000010 0.000010 0.491348 0.000010 0.031027 0.000010 0.477555
0.000010 0.000010 0.000010 0.000010 0.000010 0.723203 0.000010 0.000010 0.000010 0.276717
0.000010 0.000010 0.101444 0.000010 0.000010 0.000010 0.000010 0.099023 0.000010 0.799463
0.000010 0.000010 0.000010 0.477728 0.210752 0.000010 0.000010 0.000010 0.020990 0.290470
0.000010 0.000010 0.454985 0.000010 0.000010 0.000010 0.000010 0.000010 0.000010 0.544935
0.999910 0.000010 0.000010 0.000010 0.000010 0.000010 0.000010 0.000010 0.000010 0.000010
0.000010 0.000010 0.000010 0.000010 0.000010 0.653002 0.000010 0.008475 0.000010 0.338454
0.000012 0.000010 0.000010 0.000010 0.000010 0.623801 0.000010 0.000010 0.000010 0.376118
0.000010 0.000010 0.000010 0.000010 0.000010 0.999910 0.000010 0.000010 0.000010 0.000010
0.003345 0.000010 0.123850 0.000010 0.000010 0.263510 0.000010 0.128893 0.000010 0.480353
0.000010 0.000010 0.000010 0.000010 0.000010 0.000010 0.000010 0.000010 0.000010 0.999910
0.999910 0.000010 0.000010 0.000010 0.000010 0.000010 0.000010 0.000010 0.000010 0.000010
0.000010 0.000010 0.000010 0.000010 0.000010 0.673208 0.000010 0.326712 0.000010 0.000010
0.000010 0.000010 0.139021 0.000010 0.000010 0.860899 0.000010 0.000010 0.000010 0.000010
0.999910 0.000010 0.000010 0.000010 0.000010 0.000010 0.000010 0.000010 0.000010 0.000010
0.000010 0.000010 0.000010 0.060471 0.000010 0.939449 0.000010 0.000010 0.000010 0.000010
0.999910 0.000010 0.000010 0.000010 0.000010 0.000010 0.000010 0.000010 0.000010 0.000010
0.999910 0.000010 0.000010 0.000010 0.000010 0.000010 0.000010 0.000010 0.000010 0.000010
0.809205 0.000010 0.000010 0.000019 0.000010 0.000010 0.190706 0.000010 0.000010 0.000010
0.000010 0.000010 0.000010 0.000010 0.000010 0.464627 0.000010 0.242557 0.000010 0.292746
0.000010 0.000010 0.189292 0.000010 0.000010 0.172238 0.000010 0.256273 0.000010 0.382137
0.000010 0.000010 0.136267 0.000010 0.695498 0.054602 0.000010 0.000010 0.000010 0.113574
0.000010 0.000010 0.055312 0.000010 0.650537 0.000010 0.000010 0.000010 0.000010 0.294081
0.000010 0.000010 0.072264 0.275993 0.501009 0.000010 0.000010 0.150674 0.000010 0.000010
0.000010 0.000010 0.000010 0.142566 0.774843 0.000010 0.000010 0.000010 0.000010 0.082522
0.034476 0.000010 0.374518 0.000010 0.371452 0.135014 0.000010 0.000010 0.000010 0.084489
0.000010 0.000010 0.095648 0.000010 0.733009 0.000010 0.000010 0.171273 0.000010 0.000010
0.000010 0.000010 0.000010 0.000010 0.000010 0.265496 0.000010 0.209874 0.000010 0.524560
0.999910 0.000010 0.000010 0.000010 0.000010 0.000010 0.000010 0.000010 0.000010 0.000010
0.000010 0.000010 0.000010 0.000010 0.000017 0.268394 0.000010 0.000010 0.000010 0.731519
0.000010 0.000010 0.000010 0.000010 0.000010 0.869977 0.000010 0.000010 0.000010 0.129943
0.000010 0.000010 0.000010 0.000010 0.000010 0.000010 0.000010 0.000010 0.000010 0.999910
0.765710 0.000010 0.000010 0.000010 0.000010 0.000010 0.234210 0.000010 0.000010 0.000010
0.000010 0.000010 0.000010 0.000010 0.000010 0.298087 0.000010 0.284840 0.000010 0.417003
0.000010 0.000010 0.000010 0.000010 0.000010 0.999910 0.000010 0.000010 0.000010 0.000010
0.000010 0.026757 0.000010 0.000010 0.088194 0.342545 0.000010 0.490613 0.000010 0.051840
0.000010 0.000010 0.000010 0.000010 0.000010 0.999910 0.000010 0.000010 0.000010 0.000010
0.000010 0.000010 0.000010 0.000010 0.181143 0.279296 0.000010 0.539492 0.000010 0.000010
0.000010 0.000010 0.000010 0.000010 0.000010 0.429151 0.000010 0.050362 0.000010 0.520416
0.000010 0.000010 0.000010 0.055903 0.097320 0.148794 0.000010 0.207674 0.000010 0.490259
0.000010 0.000010 0.000010 0.053331 0.000010 0.635956 0.000010 0.000010 0.000010 0.310643
0.000010 0.000010 0.000010 0.000010 0.000010 0.408542 0.000010 0.329544 0.000010 0.261843
0.999910 0.000010 0.000010 0.000010 0.000010 0.000010 0.000010 0.000010 0.000010 0.000010
0.000010 0.000010 0.063592 0.000010 0.000010 0.674052 0.000010 0.000010 0.000010 0.262286
0.000010 0.000010 0.063934 0.000010 0.000010 0.000010 0.000010 0.088522 0.000010 0.847474
0.000010 0.000010 0.000010 0.000010 0.000010 0.302030 0.000010 0.119485 0.000010 0.578415
0.000010 0.000010 0.000010 0.000010 0.000010 0.999910 0.000010 0.000010 0.000010 0.000010
0.000010 0.000010 0.000010 0.000010 0.000010 0.000010 0.000010 0.999910 0.000010 0.000010
0.000010 0.000010 0.000010 0.000010 0.000010 0.377820 0.000010 0.000010 0.000010 0.622100
0.000010 0.000010 0.000010 0.000010 0.000010 0.000010 0.000010 0.999910 0.000010 0.000010
0.000010 0.000010 0.000010 0.000010 0.000010 0.335888 0.000010 0.478593 0.000010 0.185449
0.000010 0.000010 0.176553 0.000010 0.000010 0.399262 0.000010 0.068604 0.000010 0.355520
0.000010 0.000010 0.000010 0.000010 0.000010 0.464246 0.000010 0.535674 0.000010 0.000010
0.000010 0.000010 0.131343 0.000010 0.000010 0.320983 0.012746 0.394211 0.000010 0.140666
0.000010 0.000010 0.000010 0.000010 0.000010 0.999910 0.000010 0.000010 0.000010 0.000010
0.000010 0.007382 0.000010 0.000010 0.000010 0.992538 0.000010 0.000010 0.000010 0.000010
0.001219 0.071795 0.005747 0.000010 0.000010 0.385976 0.000010 0.379625 0.000010 0.155599
0.000010 0.112716 0.000010 0.000010 0.000010 0.000010 0.000010 0.000010 0.000010 0.887204
0.000010 0.000010 0.000010 0.000010 0.000010 0.129266 0.000010 0.000010 0.000010 0.870654
0.000010 0.000010 0.000010 0.000010 0.000010 0.730982 0.000010 0.000010 0.000010 0.268938
0.000010 0.000010 0.000010 0.000010 0.034669 0.934956 0.012463 0.017852 0.000010 0.000010
0.000010 0.000010 0.000010 0.000010 0.000010 0.999910 0.000010 0.000010 0.000010 0.000010
0.000010 0.000010 0.000010 0.000010 0.000010 0.348718 0.000010 0.000010 0.000010 0.651202
0.999910 0.000010 0.000010 0.000010 0.000010 0.000010 0.000010 0.000010 0.000010 0.000010
0.999910 0.000010 0.000010 0.000010 0.000010 0.000010 0.000010 0.000010 0.000010 0.000010
0.000010 0.099387 0.000010 0.000010 0.000010 0.249552 0.000010 0.059160 0.000010 0.591841
0.999910 0.000010 0.000010 0.000010 0.000010 0.000010 0.000010 0.000010 0.000010 0.000010
0.000010 0.000010 0.000010 0.000010 0.000010 0.183391 0.000010 0.816529 0.000010 0.000010
0.000010 0.000010 0.000010 0.000010 0.000010 0.134775 0.000010 0.419121 0.000010 0.446033
0.999910 0.000010 0.000010 0.000010 0.000010 0.000010 0.000010 0.000010 0.000010 0.000010
0.999908 0.000010 0.000010 0.000010 0.000010 0.000012 0.000010 0.000010 0.000010 0.000010
0.000010 0.000010 0.000010 0.000010 0.000010 0.223336 0.000010 0.136161 0.000010 0.640433
0.999910 0.000010 0.000010 0.000010 0.000010 0.000010 0.000010 0.000010 0.000010 0.000010
0.999910 0.000010 0.000010 0.000010 0.000010 0.000010 0.000010 0.000010 0.000010 0.000010
0.999910 0.000010 0.000010 0.000010 0.000010 0.000010 0.000010 0.000010 0.000010 0.000010
0.000010 0.000010 0.239803 0.600332 0.087233 0.072572 0.000010 0.000010 0.000010 0.000010
0.000010 0.000010 0.100522 0.837441 0.000010 0.000010 0.000010 0.061966 0.000010 0.000010
0.000010 0.000010 0.000010 0.995668 0.004252 0.000010 0.000010 0.000010 0.000010 0.000010
0.000010 0.000010 0.000010 0.870500 0.000010 0.000010 0.000010 0.000010 0.000010 0.129420
0.204331 0.000010 0.000010 0.000010 0.000010 0.000010 0.795589 0.000010 0.000010 0.000010
0.007206 0.000010 0.104377 0.000010 0.000010 0.266567 0.000010 0.483587 0.000010 0.138213
0.000010 0.000010 0.197498 0.669810 0.000010 0.000010 0.000010 0.036203 0.000010 0.096429
0.000010 0.000010 0.334062 0.665858 0.000010 0.000010 0.000010 0.000010 0.000010 0.000010
0.000010 0.000010 0.180661 0.451027 0.111279 0.220336 0.000010 0.000010 0.036646 0.000010
0.030299 0.126597 0.195430 0.584387 0.000010 0.000010 0.000010 0.000010 0.000010 0.063236
0.000010 0.232720 0.215121 0.413656 0.000010 0.000010 0.000010 0.138443 0.000010 0.000010
0.000010 0.000010 0.000010 0.936050 0.000010 0.063870 0.000010 0.000010 0.000010 0.000010
0.000010 0.000010 0.000010 0.829245 0.000010 0.000010 0.000010 0.000010 0.000010 0.170675
0.000010 0.152925 0.000010 0.670296 0.004073 0.172646 0.000010 0.000010 0.000010 0.000010
0.000010 0.000010 0.469681 0.445605 0.000010 0.064876 0.000010 0.000010 0.000010 0.019778
0.000010 0.000010 0.142269 0.857651 0.000010 0.000010 0.000010 0.000010 0.000010 0.000010
0.000010 0.000010 0.375370 0.536817 0.000010 0.000010 0.000010 0.072359 0.000010 0.015394
0.000010 0.000010 0.459519 0.540401 0.000010 0.000010 0.000010 0.000010 0.000010 0.000010
0.001519 0.099443 0.444142 0.423362 0.023133 0.000010 0.008362 0.000010 0.000010 0.000010
0.000010 0.000010 0.000010 0.999910 0.000010 0.000010 0.000010 0.000010 0.000010 0.000010
0.000010 0.175241 0.000010 0.824679 0.000010 0.000010 0.000010 0.000010 0.000010 0.000010
0.000010 0.066275 0.362582 0.437786 0.000010 0.034720 0.000010 0.098586 0.000010 0.000010
0.000010 0.000010 0.215109 0.660692 0.000010 0.000010 0.000010 0.000010 0.000010 0.124130
0.000010 0.000010 0.317835 0.472081 0.017855 0.000012 0.000010 0.192167 0.000010 0.000010
0.000010 0.000010 0.251256 0.574402 0.174272 0.000010 0.000010 0.000010 0.000010 0.000010
0.000010 0.000010 0.134215 0.731324 0.000010 0.000010 0.024480 0.000010 0.000010 0.109921
0.000010 0.000010 0.076865 0.695507 0.000010 0.227558 0.000010 0.000010 0.000010 0.000010
0.000010 0.000010 0.000010 0.000010 0.000010 0.000010 0.999910 0.000010 0.000010 0.000010
0.000010 0.000010 0.000010 0.999910 0.000010 0.000010 0.000010 0.000010 0.000010 0.000010
0.000010 0.000010 0.000010 0.819790 0.061922 0.000010 0.000010 0.118218 0.000010 0.000010
0.000010 0.095881 0.904039 0.000010 0.000010 0.000010 0.000010 0.000010 0.000010 0.000010
0.000010 0.000010 0.000010 0.000010 0.000010 0.000010 0.999910 0.000010 0.000010 0.000010
0.000010 0.281239 0.000010 0.718674 0.000010 0.000010 0.000010 0.000017 0.000010 0.000010
0.000010 0.000010 0.000010 0.000010 0.000010 0.000010 0.999910 0.000010 0.000010 0.000010
0.000010 0.000010 0.999910 0.000010 0.000010 0.000010 0.000010 0.000010 0.000010 0.000010
0.000010 0.000010 0.544927 0.450850 0.000010 0.000010 0.000010 0.004153 0.000010 0.000010
0.000010 0.311837 0.095193 0.592900 0.000010 0.000010 0.000010 0.000010 0.000010 0.000010
0.000010 0.135513 0.344319 0.307781 0.000010 0.000010 0.000010 0.212327 0.000010 0.000010
0.000010 0.000010 0.273669 0.726251 0.000010 0.000010 0.000010 0.000010 0.000010 0.000010
0.000010 0.000010 0.000010 0.920738 0.000010 0.000010 0.000010 0.079182 0.000010 0.000010
0.000010 0.063667 0.443058 0.493205 0.000010 0.000010 0.000010 0.000010 0.000010 0.000010
0.000010 0.000010 0.351647 0.397555 0.015060 0.048524 0.000010 0.000010 0.000010 0.187164
0.000010 0.000010 0.153086 0.846834 0.000010 0.000010 0.000010 0.000010 0.000010 0.000010
0.000010 0.258446 0.033312 0.417008 0.057924 0.000010 0.000010 0.000010 0.000010 0.233260
0.000010 0.000010 0.232132 0.740175 0.027623 0.000010 0.000010 0.000010 0.000010 0.000010
0.000010 0.000010 0.170938 0.611764 0.061877 0.155361 0.000010 0.000010 0.000010 0.000010
0.000010 0.342605 0.000010 0.390889 0.188906 0.000010 0.000010 0.000010 0.000010 0.077541
0.000010 0.073559 0.000010 0.000010 0.000010 0.844752 0.000010 0.081619 0.000010 0.000010
0.000010 0.000010 0.000010 0.020221 0.038487 0.018358 0.014648 0.586749 0.000010 0.321497
0.000010 0.000010 0.000010 0.000010 0.000010 0.762658 0.000010 0.237262 0.000010 0.000010
0.000010 0.000010 0.000010 0.000010 0.081274 0.105554 0.000010 0.220824 0.000010 0.592287
0.000010 0.010075 0.080612 0.056994 0.000010 0.000010 0.015425 0.254186 0.000010 0.582668
0.000010 0.000010 0.047837 0.000010 0.000010 0.126558 0.000010 0.492461 0.000010 0.333085
0.000010 0.000010 0.000010 0.172771 0.000010 0.185009 0.000010 0.100400 0.000010 0.541760
0.000010 0.085124 0.000010 0.000010 0.000010 0.375606 0.000010 0.207941 0.000010 0.331270
0.000010 0.000010 0.000010 0.101210 0.000010 0.221595 0.000010 0.217372 0.000010 0.459763
0.000010 0.030886 0.000010 0.000010 0.048575 0.278765 0.000010 0.000010 0.000010 0.641715
0.000010 0.000010 0.000010 0.000010 0.000010 0.237175 0.000010 0.000010 0.000010 0.762745
0.021461 0.000010 0.092661 0.000010 0.000010 0.542560 0.000010 0.000010 0.000010 0.343257
0.000010 0.000010 0.000010 0.000010 0.000010 0.000010 0.999910 0.000010 0.000010 0.000010
0.000010 0.035504 0.000010 0.000010 0.000010 0.331651 0.000010 0.000010 0.000010 0.632774
0.000010 0.000010 0.000010 0.000010 0.000010 0.340884 0.000010 0.419809 0.000010 0.239237
0.027176 0.000010 0.000010 0.055113 0.000010 0.162889 0.000010 0.287192 0.000010 0.467580
0.000010 0.000010 0.000010 0.080726 0.000010 0.357346 0.000010 0.158132 0.000010 0.403736
0.000010 0.000010 0.153778 0.000010 0.072759 0.235796 0.000010 0.423220 0.000010 0.114398
0.000010 0.000010 0.076468 0.000010 0.000010 0.530845 0.000010 0.238613 0.000010 0.154014
0.000010 0.000010 0.007526 0.000010 0.000010 0.300228 0.000010 0.447585 0.000010 0.244601
0.000010 0.000010 0.000010 0.061150 0.000010 0.000010 0.000010 0.572630 0.000010 0.366151
0.000010 0.000010 0.061887 0.000010 0.000010 0.093131 0.000010 0.248113 0.000010 0.596809
0.000010 0.000010 0.000010 0.000010 0.000010 0.000010 0.000010 0.766898 0.000010 0.233022
0.000010 0.000010 0.136302 0.000010 0.000010 0.000010 0.000010 0.863618 0.000010 0.000010
0.001425 0.000010 0.034513 0.000010 0.000010 0.379613 0.000010 0.297597 0.000010 0.286803
0.000010 0.000010 0.000010 0.000010 0.000010 0.000010 0.000010 0.000010 0.000010 0.999910
0.000010 0.000010 0.001252 0.000010 0.000010 0.134912 0.000010 0.863766 0.000010 0.000010
0.000010 0.000010 0.000010 0.000010 0.000010 0.000010 0.000010 0.000010 0.000010 0.999910
0.000010 0.000010 0.000010 0.000010 0.000010 0.000010 0.000010 0.999910 0.000010 0.000010
0.000010 0.000010 0.155278 0.000010 0.000010 0.000010 0.000010 0.844642 0.000010 0.000010
0.000010 0.036085 0.000010 0.000010 0.008510 0.238866 0.034931 0.418422 0.000010 0.263146
0.000010 0.020835 0.000010 0.043343 0.000010 0.000010 0.000010 0.244402 0.000010 0.691360
0.000010 0.000010 0.000010 0.000010 0.000010 0.261652 0.000010 0.000010 0.000010 0.738268
0.000010 0.000010 0.000010 0.925037 0.000010 0.074883 0.000010 0.000010 0.000010 0.000010
0.000010 0.000010 0.000010 0.004802 0.000010 0.058590 0.000010 0.000010 0.000010 0.936538
0.000010 0.000010 0.000010 0.000010 0.000010 0.000010 0.000010 0.000010 0.000010 0.999910
0.000010 0.000010 0.000010 0.000010 0.000010 0.000010 0.000010 0.000010 0.000010 0.999910
0.000010 0.000010 0.000010 0.000010 0.000010 0.421081 0.000010 0.578839 0.000010 0.000010
0.000010 0.000010 0.000010 0.000010 0.000010 0.462740 0.000010 0.537180 0.000010 0.000010
0.000010 0.067992 0.000010 0.000010 0.000010 0.524072 0.000010 0.201064 0.000010 0.206811
0.000010 0.000010 0.000010 0.000010 0.004962 0.025874 0.000010 0.367844 0.000010 0.601261
0.000010 0.000010 0.000010 0.000010 0.114801 0.103838 0.000010 0.434313 0.000010 0.346988
0.000010 0.000010 0.000010 0.000010 0.000010 0.430140 0.000010 0.117619 0.000010 0.452171
0.000010 0.000010 0.000010 0.000010 0.000010 0.161381 0.000010 0.210470 0.000010 0.628078
0.000010 0.000010 0.000010 0.088533 0.034013 0.021097 0.000010 0.270192 0.000010 0.586115
0.000010 0.000010 0.000010 0.000010 0.033562 0.344213 0.000010 0.609570 0.000010 0.012595
0.000010 0.081149 0.071664 0.000010 0.000010 0.231006 0.000010 0.286757 0.000010 0.329374
0.000010 0.000010 0.142688 0.000010 0.000010 0.487482 0.000010 0.330419 0.000010 0.039351
0.000010 0.000010 0.111495 0.000010 0.000010 0.000010 0.000010 0.000010 0.000010 0.888425
0.000010 0.000010 0.104386 0.000010 0.000010 0.000010 0.000010 0.000010 0.000010 0.895534
0.000010 0.000010 0.000010 0.000010 0.000010 0.000010 0.000010 0.369066 0.000010 0.630854
0.000010 0.000010 0.115533 0.000010 0.000010 0.486866 0.000010 0.397531 0.000010 0.000010
0.000010 0.000010 0.000010 0.000010 0.069594 0.282587 0.000010 0.628343 0.000010 0.019416
0.000010 0.000010 0.000010 0.000010 0.000010 0.000010 0.000010 0.369797 0.000010 0.630123
0.000010 0.000010 0.000010 0.000010 0.000010 0.339318 0.000010 0.556963 0.000010 0.103648
0.000010 0.070510 0.000010 0.000010 0.000010 0.170865 0.000010 0.758555 0.000010 0.000010
0.000010 0.000010 0.000010 0.000010 0.000010 0.398332 0.000010 0.401451 0.000010 0.200148
0.000010 0.000010 0.000010 0.000010 0.009796 0.209475 0.000010 0.260494 0.000010 0.520175
0.000010 0.000010 0.000010 0.000010 0.000010 0.000010 0.000010 0.567093 0.000010 0.432827
0.000010 0.153247 0.000010 0.000010 0.000010 0.000010 0.000010 0.846673 0.000010 0.000010
0.000010 0.180926 0.000010 0.000010 0.000010 0.000010 0.000010 0.000010 0.000010 0.818994
0.000010 0.176882 0.000010 0.000010 0.000010 0.000010 0.000010 0.823038 0.000010 0.000010
0.000010 0.000010 0.027870 0.000010 0.000010 0.000010 0.000010 0.162906 0.000010 0.809154
0.000010 0.000010 0.000010 0.000010 0.102517 0.468594 0.000010 0.339901 0.000010 0.088929
0.000010 0.000010 0.093234 0.000010 0.000010 0.000010 0.000010 0.000010 0.000010 0.906686
0.000010 0.000010 0.000010 0.000010 0.000010 0.000010 0.000010 0.999910 0.000010 0.000010
0.999910 0.000010 0.000010 0.000010 0.000010 0.000010 0.000010 0.000010 0.000010 0.000010
0.000010 0.000010 0.000010 0.000010 0.000010 0.395901 0.000010 0.570204 0.000010 0.033825
0.000010 0.000010 0.000010 0.000010 0.000010 0.584589 0.000010 0.000010 0.000010 0.415331
0.000010 0.000010 0.062229 0.000010 0.000010 0.292190 0.016718 0.350045 0.000010 0.278768
0.000010 0.055317 0.000010 0.000010 0.000010 0.242220 0.023920 0.240176 0.000010 0.438317
0.000010 0.000010 0.000010 0.259907 0.000010 0.282542 0.000010 0.457480 0.000010 0.000010
0.000010 0.000010 0.000010 0.000010 0.000010 0.719603 0.000010 0.000010 0.000010 0.280317
0.000010 0.000010 0.014113 0.000010 0.000010 0.432605 0.000010 0.377782 0.173985 0.001465
0.000010 0.000010 0.000010 0.000010 0.000010 0.000010 0.000010 0.999910 0.000010 0.000010
0.000010 0.000010 0.000010 0.000010 0.000010 0.000010 0.000010 0.999910 0.000010 0.000010
0.000010 0.000010 0.000010 0.000010 0.000010 0.000010 0.000010 0.475310 0.000010 0.524610
0.000010 0.000010 0.000010 0.000010 0.000010 0.000010 0.000010 0.000010 0.000010 0.999910
0.000010 0.000010 0.074907 0.000010 0.020839 0.000010 0.000010 0.000010 0.000010 0.904183
0.000010 0.035014 0.000010 0.000010 0.000010 0.249558 0.012917 0.186775 0.000010 0.515685
0.000010 0.000010 0.127086 0.000010 0.000010 0.275637 0.016041 0.270134 0.000010 0.311052
0.000010 0.000010 0.000010 0.000010 0.000010 0.494422 0.000010 0.190004 0.000010 0.315504
0.000010 0.000010 0.094364 0.000010 0.885392 0.000010 0.020175 0.000010 0.000010 0.000010
0.000010 0.033284 0.021772 0.213173 0.554346 0.000010 0.029190 0.000010 0.000010 0.148195
0.000010 0.011291 0.194772 0.000010 0.726946 0.000010 0.000010 0.066931 0.000010 0.000010
0.000010 0.152632 0.258119 0.000010 0.589180 0.000010 0.000010 0.000010 0.000010 0.000010
0.000010 0.000010 0.000010 0.122441 0.877479 0.000010 0.000010 0.000010 0.000010 0.000010
0.000010 0.000010 0.000010 0.000010 0.999910 0.000010 0.000010 0.000010 0.000010 0.000010
0.005409 0.135768 0.000010 0.000010 0.858753 0.000010 0.000010 0.000010 0.000010 0.000010
0.000010 0.000010 0.000010 0.000010 0.867991 0.000010 0.000010 0.000010 0.000010 0.131929
0.000010 0.000010 0.457918 0.062590 0.420744 0.000010 0.000010 0.058688 0.000010 0.000010
0.000010 0.000010 0.090154 0.000010 0.909766 0.000010 0.000010 0.000010 0.000010 0.000010
0.000010 0.066318 0.118313 0.000010 0.815299 0.000010 0.000010 0.000010 0.000010 0.000010
0.000010 0.000010 0.168343 0.000010 0.804953 0.000010 0.000010 0.026634 0.000010 0.000010
0.000010 0.000010 0.261857 0.000010 0.738063 0.000010 0.000010 0.000010 0.000010 0.000010
0.000010 0.000010 0.000010 0.000010 0.999910 0.000010 0.000010 0.000010 0.000010 0.000010
0.000010 0.000010 0.023187 0.000010 0.976733 0.000010 0.000010 0.000010 0.000010 0.000010
0.000010 0.000010 0.000010 0.000010 0.000010 0.000010 0.999910 0.000010 0.000010 0.000010
0.000010 0.000010 0.071367 0.000010 0.652039 0.000010 0.000010 0.154810 0.000010 0.121724
0.000010 0.000010 0.081981 0.000010 0.848617 0.000010 0.000010 0.069332 0.000010 0.000010
0.000010 0.000010 0.000010 0.000010 0.908302 0.000010 0.000010 0.014044 0.000010 0.077584
0.000010 0.036625 0.136377 0.000010 0.812040 0.000010 0.014898 0.000010 0.000010 0.000010
0.000010 0.176716 0.000010 0.270154 0.453688 0.000010 0.000010 0.000010 0.000010 0.099382
0.000010 0.000010 0.181790 0.000010 0.818130 0.000010 0.000010 0.000010 0.000010 0.000010
0.000010 0.000010 0.064956 0.000010 0.810928 0.124046 0.000010 0.000010 0.000010 0.000010
0.000010 0.000010 0.000010 0.000010 0.802870 0.144847 0.000010 0.052213 0.000010 0.000010
0.000010 0.000010 0.000010 0.000010 0.999469 0.000010 0.000010 0.000451 0.000010 0.000010
0.000010 0.000010 0.104868 0.000010 0.895052 0.000010 0.000010 0.000010 0.000010 0.000010
0.000010 0.000010 0.000010 0.142788 0.857132 0.000010 0.000010 0.000010 0.000010 0.000010
0.002637 0.000010 0.000010 0.000010 0.997283 0.000010 0.000010 0.000010 0.000010 0.000010
0.000010 0.000010 0.000010 0.000010 0.975858 0.000010 0.000010 0.024062 0.000010 0.000010
0.000010 0.000010 0.153633 0.038335 0.672156 0.057993 0.000010 0.006149 0.000010 0.071694
0.000010 0.000010 0.000010 0.037495 0.962425 0.000010 0.000010 0.000010 0.000010 0.000010
0.000010 0.000010 0.000010 0.143793 0.856127 0.000010 0.000010 0.000010 0.000010 0.000010
0.000010 0.000010 0.000010 0.079116 0.804704 0.000010 0.000010 0.116110 0.000010 0.000010
0.000010 0.000010 0.311161 0.000010 0.667642 0.000010 0.021127 0.000010 0.000010 0.000010
0.000010 0.000010 0.153849 0.000010 0.838298 0.000010 0.000010 0.007784 0.000010 0.000010
0.083699 0.000010 0.000010 0.000010 0.000010 0.000010 0.916221 0.000010 0.000010 0.000010
0.000010 0.000010 0.000010 0.000010 0.999910 0.000010 0.000010 0.000010 0.000010 0.000010
0.000010 0.000010 0.000010 0.000010 0.860354 0.011125 0.008264 0.000010 0.000010 0.120197
0.000010 0.000010 0.000010 0.000010 0.000010 0.000010 0.999910 0.000010 0.000010 0.000010
0.000010 0.000010 0.000010 0.000010 0.999910 0.000010 0.000010 0.000010 0.000010 0.000010
0.000010 0.090756 0.000010 0.000010 0.822363 0.000010 0.017430 0.000010 0.000010 0.069391
0.000010 0.000010 0.000010 0.000010 0.847077 0.000010 0.000010 0.152843 0.000010 0.000010
0.000010 0.000010 0.010389 0.088894 0.862065 0.038592 0.000010 0.000010 0.000010 0.000010
0.000010 0.000010 0.000010 0.000010 0.999910 0.000010 0.000010 0.000010 0.000010 0.000010
0.001179 0.000010 0.364622 0.000010 0.634129 0.000010 0.000010 0.000010 0.000010 0.000010
0.000010 0.010744 0.010534 0.000010 0.963253 0.000010 0.015409 0.000010 0.000010 0.000010
0.125244 0.000010 0.000010 0.000010 0.000010 0.000010 0.874676 0.000010 0.000010 0.000010
0.000010 0.059463 0.000010 0.000010 0.940457 0.000010 0.000010 0.000010 0.000010 0.000010
0.013490 0.000010 0.145442 0.000010 0.840998 0.000010 0.000010 0.000010 0.000010 0.000010
0.000010 0.000010 0.000010 0.000010 0.902276 0.000010 0.000010 0.000010 0.000010 0.097644
0.000010 0.068318 0.000010 0.000010 0.931602 0.000010 0.000010 0.000010 0.000010 0.000010
0.000010 0.000010 0.000010 0.000010 0.999910 0.000010 0.000010 0.000010 0.000010 0.000010
0.000010 0.000010 0.193823 0.000010 0.000010 0.000010 0.000010 0.806097 0.000010 0.000010
