0.218024 0.000010 0.686774 0.063615 0.031568 0.000010
0.000010 0.000010 0.999950 0.000010 0.000010 0.000010
0.027762 0.000010 0.942980 0.029227 0.000010 0.000010
0.229963 0.000010 0.769997 0.000010 0.000010 0.000010
0.000010 0.000010 0.913554 0.000010 0.000010 0.086406
0.000010 0.000010 0.755271 0.000010 0.000010 0.244689
0.000010 0.000010 0.999950 0.000010 0.000010 0.000010
0.021174 0.000010 0.978786 0.000010 0.000010 0.000010
0.164005 0.000010 0.711077 0.124889 0.000010 0.000010
0.000010 0.999950 0.000010 0.000010 0.000010 0.000010
0.000010 0.999950 0.000010 0.000010 0.000010 0.000010
0.260634 0.000010 0.739326 0.000010 0.000010 0.000010
0.069799 0.000010 0.852359 0.000010 0.000010 0.077812
0.000010 0.000010 0.916157 0.000010 0.000010 0.083803
0.000010 0.000010 0.999950 0.000010 0.000010 0.000010
0.128345 0.033030 0.673355 0.030856 0.000010 0.134403
0.047035 0.000010 0.952305 0.000010 0.000631 0.000010
0.198721 0.000010 0.801239 0.000010 0.000010 0.000010
0.000010 0.000010 0.999950 0.000010 0.000010 0.000010
0.000010 0.000010 0.958330 0.041630 0.000010 0.000010
0.000010 0.000010 0.912493 0.087467 0.000010 0.000010
0.000010 0.000010 0.999950 0.000010 0.000010 0.000010
0.000010 0.000010 0.953514 0.046446 0.000010 0.000010
0.000010 0.000010 0.874235 0.125725 0.000010 0.000010
0.000010 0.000010 0.999950 0.000010 0.000010 0.000010
0.078734 0.000010 0.921226 0.000010 0.000010 0.000010
0.187380 0.004046 0.675497 0.133057 0.000010 0.000010
0.060472 0.000010 0.000010 0.272852 0.000010 0.666646
0.000010 0.000010 0.999950 0.000010 0.000010 0.000010
0.000010 0.000010 0.936986 0.062974 0.000010 0.000010
0.000010 0.000010 0.904674 0.095286 0.000010 0.000010
0.143634 0.086870 0.618222 0.081237 0.000010 0.070026
0.122687 0.000010 0.696201 0.181081 0.000010 0.000010
0.000010 0.000010 0.923885 0.076075 0.000010 0.000010
0.000010 0.999950 0.000010 0.000010 0.000010 0.000010
0.000010 0.589604 0.259117 0.151249 0.000010 0.000010
0.169250 0.000010 0.747570 0.000010 0.000010 0.083150
0.000010 0.000010 0.904926 0.095034 0.000010 0.000010
0.000010 0.000010 0.829880 0.069626 0.037958 0.062516
0.187375 0.000010 0.633154 0.175756 0.003695 0.000010
0.000010 0.000010 0.799454 0.200506 0.000010 0.000010
0.000010 0.000010 0.910989 0.067713 0.019085 0.002194
0.000010 0.174689 0.588542 0.236739 0.000010 0.000010
0.000010 0.135049 0.640192 0.000010 0.004069 0.220670
0.000010 0.000010 0.000010 0.000010 0.999950 0.000010
0.000010 0.000010 0.694989 0.304971 0.000010 0.000010
0.200619 0.000010 0.435635 0.208100 0.000010 0.155626
0.160520 0.045544 0.578220 0.215696 0.000010 0.000010
0.135147 0.000010 0.735840 0.100373 0.000010 0.028620
0.000010 0.000010 0.000010 0.000010 0.999950 0.000010
0.000010 0.083230 0.685472 0.231267 0.000010 0.000010
0.127256 0.000010 0.559676 0.089415 0.000010 0.223633
0.000010 0.000010 0.000010 0.000013 0.999947 0.000010
0.114283 0.105432 0.585164 0.167339 0.000010 0.027772
0.000010 0.000010 0.000010 0.000010 0.999950 0.000010
0.000010 0.000010 0.000010 0.000010 0.999950 0.000010
0.068022 0.000010 0.778971 0.152977 0.000010 0.000010
0.000010 0.000010 0.000010 0.035153 0.964807 0.000010
0.000010 0.999950 0.000010 0.000010 0.000010 0.000010
0.000010 0.000010 0.000010 0.000010 0.999950 0.000010
0.000010 0.999950 0.000010 0.000010 0.000010 0.000010
0.256175 0.000010 0.668708 0.075088 0.000010 0.000010
0.180890 0.085996 0.643951 0.084769 0.004385 0.000010
0.000010 0.088706 0.742071 0.169192 0.000010 0.000010
0.399756 0.000010 0.519363 0.080851 0.000010 0.000010
0.000010 0.000010 0.000010 0.409341 0.000010 0.590619
0.000010 0.000010 0.000010 0.612239 0.000010 0.387721
0.000010 0.019441 0.000010 0.326438 0.000010 0.654091
0.099751 0.000010 0.000010 0.812407 0.000010 0.087812
0.000010 0.000010 0.000010 0.508805 0.000010 0.491155
0.208613 0.000010 0.000010 0.183947 0.006257 0.601162
0.000010 0.000010 0.000010 0.000010 0.000010 0.999950
0.000010 0.000010 0.000017 0.691047 0.000010 0.308906
0.000010 0.000010 0.000010 0.000010 0.999950 0.000010
0.077521 0.000010 0.000010 0.634970 0.000010 0.287479
0.107318 0.000010 0.035123 0.513486 0.000010 0.344053
0.000010 0.000010 0.000010 0.595965 0.000010 0.403995
0.087249 0.000010 0.000010 0.912711 0.000010 0.000010
0.000010 0.000010 0.000010 0.659762 0.000010 0.340198
0.000010 0.000010 0.000010 0.668204 0.000010 0.331756
0.000010 0.000010 0.000010 0.655079 0.000010 0.344881
0.227828 0.000010 0.440994 0.331148 0.000010 0.000010
0.000010 0.000010 0.290739 0.282268 0.000010 0.426963
0.000010 0.000010 0.000010 0.000010 0.999950 0.000010
0.000010 0.000010 0.000010 0.697412 0.000010 0.302548
0.000010 0.000010 0.000010 0.505305 0.000010 0.494655
0.000652 0.000010 0.000010 0.573133 0.000010 0.426185
0.000010 0.000010 0.057824 0.657351 0.001087 0.283719
0.077847 0.000010 0.000010 0.334090 0.017207 0.570836
0.000010 0.000010 0.000010 0.000010 0.999950 0.000010
0.000010 0.000010 0.000010 0.658534 0.000010 0.341426
0.050765 0.000010 0.000010 0.308776 0.000010 0.640429
0.000010 0.000010 0.000010 0.000010 0.999950 0.000010
0.000010 0.000010 0.000010 0.999950 0.000010 0.000010
0.000010 0.000010 0.000010 0.000010 0.999950 0.000010
0.000010 0.000010 0.000010 0.000010 0.999950 0.000010
0.000010 0.000010 0.000010 0.000010 0.999950 0.000010
0.000010 0.000010 0.000010 0.258316 0.000010 0.741644
0.059655 0.000010 0.000010 0.706384 0.000010 0.233931
0.771120 0.000010 0.027970 0.138114 0.000010 0.062776
0.715993 0.000010 0.000010 0.000010 0.000010 0.283967
0.671775 0.000010 0.296876 0.000010 0.000010 0.031319
0.863137 0.000010 0.000010 0.136823 0.000010 0.000010
0.519354 0.000010 0.203651 0.245367 0.031607 0.000010
0.835072 0.000010 0.000010 0.000010 0.000010 0.164888
0.000010 0.000010 0.000010 0.709389 0.000010 0.290571
0.000010 0.000010 0.000010 0.000010 0.999950 0.000010
0.027974 0.000010 0.000010 0.274316 0.000010 0.697679
0.000010 0.000010 0.000010 0.999950 0.000010 0.000010
0.000010 0.000010 0.000010 0.224720 0.000010 0.775240
0.000010 0.000010 0.000010 0.000010 0.999950 0.000010
0.000010 0.000010 0.000010 0.649242 0.000010 0.350718
0.000010 0.000010 0.000010 0.000010 0.000010 0.999950
0.000010 0.000010 0.022719 0.000010 0.000010 0.977241
0.000010 0.000010 0.000010 0.000010 0.000010 0.999950
0.200650 0.000010 0.000010 0.000010 0.000010 0.799310
0.000010 0.000010 0.000010 0.498732 0.000010 0.501228
0.106963 0.000010 0.011838 0.103293 0.000010 0.777886
0.000010 0.000010 0.024758 0.217445 0.000010 0.757767
0.000010 0.000010 0.000010 0.671728 0.000010 0.328232
0.000010 0.000010 0.000010 0.000010 0.999950 0.000010
0.000010 0.000010 0.000010 0.999950 0.000010 0.000010
0.000010 0.000010 0.000010 0.490002 0.000010 0.509958
0.000010 0.000010 0.000010 0.552699 0.000010 0.447261
0.000010 0.000010 0.000010 0.693833 0.000010 0.306127
0.000010 0.000010 0.000010 0.000010 0.000010 0.999950
0.000010 0.058695 0.000010 0.403902 0.000010 0.537373
0.000010 0.000010 0.000010 0.000010 0.000010 0.999950
0.000010 0.000010 0.000010 0.442742 0.000010 0.557218
0.000010 0.000010 0.057437 0.111059 0.000010 0.831474
0.000010 0.000010 0.000019 0.000010 0.000010 0.999941
0.000010 0.000010 0.124770 0.000010 0.023584 0.851616
0.000010 0.000010 0.000010 0.647216 0.000010 0.352744
0.000010 0.000010 0.000010 0.999950 0.000010 0.000010
0.000010 0.000010 0.035117 0.400056 0.000010 0.564796
0.000010 0.000010 0.000010 0.629470 0.000010 0.370490
0.000010 0.000010 0.000010 0.914419 0.000010 0.085541
0.000010 0.000010 0.000010 0.999950 0.000010 0.000010
0.099251 0.000010 0.000010 0.350997 0.002265 0.547467
0.000010 0.000010 0.000010 0.343530 0.000010 0.656430
0.000010 0.000010 0.000010 0.598561 0.000010 0.401399
0.000010 0.000010 0.000010 0.000010 0.999950 0.000010
0.000010 0.000010 0.000013 0.000010 0.999947 0.000010
0.000010 0.000010 0.000010 0.420007 0.000010 0.579953
0.000010 0.000010 0.000010 0.000010 0.999950 0.000010
0.000010 0.000010 0.000010 0.182572 0.000010 0.817388
0.000010 0.000010 0.000010 0.191861 0.000010 0.808099
0.000010 0.000010 0.000010 0.000010 0.999950 0.000010
0.000010 0.000010 0.000010 0.000010 0.999950 0.000010
0.000010 0.000010 0.000010 0.487282 0.000010 0.512678
0.000010 0.000010 0.000010 0.000010 0.999950 0.000010
0.000010 0.000010 0.000010 0.000010 0.999950 0.000010
0.000010 0.000010 0.000010 0.000010 0.999950 0.000010
0.191436 0.000010 0.808524 0.000010 0.000010 0.000010
0.040348 0.000010 0.886338 0.000010 0.000010 0.073284
0.146209 0.000010 0.853751 0.000010 0.000010 0.000010
0.000010 0.000010 0.902701 0.097259 0.000010 0.000010
0.000010 0.000010 0.000010 0.000010 0.999950 0.000010
0.000010 0.000010 0.111223 0.169673 0.000010 0.719074
0.000010 0.000642 0.844780 0.154547 0.000010 0.000010
0.000010 0.000010 0.999950 0.000010 0.000010 0.000010
0.103286 0.000010 0.671810 0.000010 0.000010 0.224874
0.000010 0.000010 0.867179 0.000010 0.037126 0.095665
0.000010 0.026883 0.874885 0.000010 0.000010 0.098202
0.000010 0.000010 0.964453 0.035507 0.000010 0.000010
0.000010 0.000010 0.861550 0.138410 0.000010 0.000010
0.147951 0.000010 0.771404 0.057069 0.000010 0.023557
0.000010 0.000010 0.850922 0.149038 0.000010 0.000010
0.000010 0.000010 0.999950 0.000010 0.000010 0.000010
0.000010 0.000010 0.895801 0.088926 0.000129 0.015123
0.000010 0.000010 0.999950 0.000010 0.000010 0.000010
0.126657 0.000010 0.869139 0.000010 0.004174 0.000010
0.000010 0.000010 0.982643 0.017317 0.000010 0.000010
0.000010 0.000010 0.999950 0.000010 0.000010 0.000010
0.000010 0.000010 0.801404 0.000010 0.000010 0.198556
0.000010 0.000010 0.744285 0.255675 0.000010 0.000010
0.048105 0.000010 0.714884 0.000010 0.000010 0.236981
0.214904 0.000010 0.785056 0.000010 0.000010 0.000010
0.000010 0.000010 0.895983 0.085428 0.018558 0.000010
0.000010 0.000010 0.834419 0.000010 0.000010 0.165541
0.000010 0.000010 0.000010 0.000010 0.999950 0.000010
0.001741 0.000010 0.998219 0.000010 0.000010 0.000010
0.133966 0.000010 0.865994 0.000010 0.000010 0.000010
0.000010 0.000010 0.999950 0.000010 0.000010 0.000010
0.000010 0.000010 0.000010 0.000010 0.999950 0.000010
0.000010 0.000010 0.999950 0.000010 0.000010 0.000010
0.000010 0.000010 0.000010 0.000010 0.999950 0.000010
0.000010 0.000010 0.999950 0.000010 0.000010 0.000010
0.000010 0.000010 0.946853 0.000010 0.000010 0.053107
0.034611 0.000010 0.900006 0.065353 0.000010 0.000010
0.070110 0.000010 0.892243 0.000010 0.000010 0.037617
0.000010 0.000010 0.999950 0.000010 0.000010 0.000010
0.015344 0.000010 0.944082 0.000010 0.000010 0.040544
0.140400 0.000010 0.859560 0.000010 0.000010 0.000010
0.069521 0.000010 0.721001 0.000010 0.000010 0.209448
0.000010 0.000010 0.999950 0.000010 0.000010 0.000010
0.052087 0.000010 0.623745 0.000010 0.000010 0.324138
0.054509 0.000010 0.945451 0.000010 0.000010 0.000010
0.122734 0.000010 0.741223 0.000010 0.000010 0.136013
0.263417 0.033678 0.702874 0.000010 0.000010 0.000010
0.000010 0.000010 0.048773 0.156996 0.000010 0.794201
0.108946 0.000010 0.000010 0.555746 0.002662 0.332626
0.000010 0.000010 0.000010 0.206091 0.000010 0.793869
0.080303 0.000010 0.000010 0.492881 0.000728 0.426067
0.000010 0.000010 0.118680 0.406820 0.009123 0.465358
0.000010 0.000010 0.000010 0.296903 0.000010 0.703057
0.000010 0.000010 0.148921 0.419528 0.000010 0.431521
0.000010 0.000010 0.000010 0.538136 0.000010 0.461824
0.000010 0.000010 0.023809 0.542828 0.000010 0.433333
0.035316 0.000010 0.059539 0.586017 0.000010 0.319108
0.000010 0.000010 0.000010 0.329549 0.000010 0.670411
0.032877 0.000010 0.000010 0.493603 0.021502 0.451998
0.000010 0.000010 0.000010 0.000010 0.999950 0.000010
0.000010 0.000010 0.000010 0.715973 0.000010 0.283987
0.000010 0.000010 0.000010 0.339820 0.000010 0.660140
0.000010 0.000010 0.000010 0.530560 0.014000 0.455409
0.000010 0.000010 0.000010 0.403824 0.000717 0.595429
0.120445 0.000010 0.058210 0.325943 0.000010 0.495382
0.000010 0.000010 0.049514 0.076284 0.000010 0.874172
0.000010 0.000010 0.000010 0.544718 0.000010 0.455242
0.000010 0.000010 0.033033 0.269413 0.000010 0.697523
0.000010 0.000010 0.000010 0.347884 0.000010 0.652076
0.000010 0.000010 0.000010 0.266834 0.000010 0.733126
0.000010 0.000010 0.000010 0.000010 0.000010 0.999950
0.000010 0.000010 0.000010 0.478567 0.000010 0.521393
0.000010 0.000010 0.000010 0.754704 0.000010 0.245256
0.006231 0.000010 0.000010 0.000010 0.000010 0.993729
0.000010 0.000010 0.000010 0.665390 0.000010 0.334570
0.000010 0.000010 0.000010 0.000010 0.000010 0.999950
0.000010 0.000010 0.000010 0.000010 0.000010 0.999950
0.098440 0.000010 0.000010 0.268717 0.024555 0.608268
0.085381 0.000010 0.000010 0.914579 0.000010 0.000010
0.000010 0.000010 0.000010 0.771365 0.000010 0.228595
0.078281 0.000010 0.796424 0.125265 0.000010 0.000010
0.108906 0.000010 0.000010 0.876849 0.000010 0.014214
0.000010 0.000010 0.000010 0.999950 0.000010 0.000010
0.000010 0.000010 0.000010 0.999950 0.000010 0.000010
0.000010 0.000010 0.000010 0.344314 0.000010 0.655646
0.000010 0.000010 0.000010 0.357723 0.000010 0.642237
0.000010 0.000010 0.000010 0.000010 0.000010 0.999950
0.057737 0.000010 0.000010 0.498197 0.000010 0.444036
0.115782 0.000010 0.000010 0.546325 0.000010 0.337864
0.000010 0.000010 0.000010 0.486636 0.000010 0.513324
0.000010 0.000010 0.000010 0.710207 0.000010 0.289753
0.089324 0.000010 0.000010 0.584580 0.000010 0.326066
0.089271 0.000010 0.000010 0.392687 0.000010 0.518013
0.000010 0.000010 0.033687 0.454282 0.006895 0.505116
0.000010 0.000010 0.000010 0.000010 0.000010 0.999950
0.000010 0.000010 0.058962 0.505604 0.000010 0.435404
0.000010 0.000010 0.000010 0.624295 0.000010 0.375665
0.000010 0.000010 0.000010 0.261007 0.000010 0.738953
0.023249 0.000010 0.000010 0.392629 0.000010 0.584092
0.067458 0.000010 0.000010 0.000010 0.000010 0.932502
0.034871 0.000010 0.000010 0.639190 0.000010 0.325909
0.000010 0.000010 0.000010 0.000010 0.000010 0.999950
0.000010 0.000010 0.093727 0.484593 0.000010 0.421650
0.000010 0.000010 0.000010 0.522153 0.000010 0.477807
0.000010 0.000010 0.000010 0.531648 0.000010 0.468312
0.000010 0.000010 0.000010 0.293074 0.000010 0.706886
0.000010 0.000010 0.000010 0.000010 0.000010 0.999950
0.000010 0.122477 0.000010 0.422203 0.000010 0.455290
0.000010 0.000010 0.000010 0.000010 0.000010 0.999950
0.075461 0.000010 0.000010 0.701448 0.000010 0.223061
0.058389 0.000010 0.000010 0.000010 0.000010 0.941571
0.000010 0.000010 0.000010 0.696468 0.000010 0.303492
0.000010 0.000010 0.000010 0.000010 0.000010 0.999950
0.000010 0.000010 0.000010 0.000010 0.999950 0.000010
0.000010 0.000010 0.000010 0.299114 0.000010 0.700846
0.000010 0.000010 0.000010 0.250389 0.000010 0.749571
0.000010 0.000010 0.000010 0.638906 0.000010 0.361054
0.034289 0.000010 0.019561 0.525251 0.016166 0.404723
0.000010 0.000010 0.198858 0.325127 0.000010 0.475985
0.000010 0.000010 0.000010 0.193848 0.000010 0.806112
0.000010 0.109970 0.000010 0.630282 0.000010 0.259718
0.000010 0.000010 0.000010 0.999950 0.000010 0.000010
0.000010 0.000010 0.000010 0.999950 0.000010 0.000010
0.000010 0.000010 0.000010 0.539871 0.000010 0.460089
0.000010 0.000010 0.000010 0.598534 0.000010 0.401426
0.115093 0.000010 0.000010 0.497162 0.000010 0.387715
0.004294 0.000010 0.000010 0.484387 0.010275 0.501023
0.042291 0.000010 0.000010 0.516499 0.014275 0.426915
0.000010 0.000010 0.000010 0.486227 0.000010 0.513733
0.982176 0.000010 0.000010 0.000010 0.017784 0.000010
0.653666 0.015056 0.264629 0.051286 0.015353 0.000010
0.912158 0.000010 0.000010 0.000010 0.000010 0.087802
0.861223 0.000010 0.129738 0.000010 0.000010 0.009009
0.974723 0.000010 0.025237 0.000010 0.000010 0.000010
0.999950 0.000010 0.000010 0.000010 0.000010 0.000010
0.829097 0.000010 0.033927 0.123135 0.013822 0.000010
0.876882 0.000010 0.000010 0.123078 0.000010 0.000010
0.606293 0.000010 0.393667 0.000010 0.000010 0.000010
0.999950 0.000010 0.000010 0.000010 0.000010 0.000010
0.994425 0.000010 0.000010 0.005535 0.000010 0.000010
0.981122 0.000010 0.000010 0.000010 0.000010 0.018838
0.898881 0.000010 0.101079 0.000010 0.000010 0.000010
0.999950 0.000010 0.000010 0.000010 0.000010 0.000010
0.999950 0.000010 0.000010 0.000010 0.000010 0.000010
0.000010 0.000010 0.000010 0.000010 0.999950 0.000010
0.747111 0.000010 0.000010 0.000010 0.000010 0.252849
0.909981 0.000010 0.000010 0.000010 0.000010 0.089979
0.921542 0.000010 0.000010 0.078418 0.000010 0.000010
0.905623 0.000010 0.000010 0.000010 0.034056 0.060291
0.497386 0.000010 0.358737 0.110060 0.000010 0.033797
0.999950 0.000010 0.000010 0.000010 0.000010 0.000010
0.838103 0.000010 0.000010 0.161857 0.000010 0.000010
0.803493 0.000010 0.000010 0.000010 0.000010 0.196467
0.999950 0.000010 0.000010 0.000010 0.000010 0.000010
0.999950 0.000010 0.000010 0.000010 0.000010 0.000010
0.907614 0.000010 0.092346 0.000010 0.000010 0.000010
0.998816 0.000010 0.000010 0.000010 0.001144 0.000010
0.999950 0.000010 0.000010 0.000010 0.000010 0.000010
0.720065 0.000010 0.083633 0.167254 0.000010 0.029027
0.999950 0.000010 0.000010 0.000010 0.000010 0.000010
0.999950 0.000010 0.000010 0.000010 0.000010 0.000010
0.893654 0.000010 0.000010 0.000010 0.000010 0.106306
0.769354 0.000010 0.129870 0.085178 0.015578 0.000010
0.999950 0.000010 0.000010 0.000010 0.000010 0.000010
0.000010 0.000010 0.000010 0.000010 0.999950 0.000010
0.999950 0.000010 0.000010 0.000010 0.000010 0.000010
0.829215 0.000010 0.000010 0.000010 0.000010 0.170745
0.000010 0.000010 0.000010 0.000010 0.999950 0.000010
0.975242 0.000010 0.000010 0.000010 0.000010 0.024718
0.906430 0.000010 0.000010 0.086745 0.006795 0.000010
0.915980 0.020992 0.000010 0.000010 0.000010 0.062998
0.869510 0.000010 0.000010 0.130450 0.000010 0.000010
0.999950 0.000010 0.000010 0.000010 0.000010 0.000010
0.907810 0.000010 0.000010 0.086013 0.006147 0.000010
0.996570 0.000010 0.000010 0.000010 0.003390 0.000010
0.000010 0.000010 0.000010 0.000010 0.999950 0.000010
0.999950 0.000010 0.000010 0.000010 0.000010 0.000010
0.969566 0.000010 0.000010 0.000010 0.030394 0.000010
0.875355 0.000010 0.000010 0.124605 0.000010 0.000010
0.952496 0.000010 0.000010 0.047464 0.000010 0.000010
0.999950 0.000010 0.000010 0.000010 0.000010 0.000010
0.055291 0.000010 0.120806 0.118314 0.000010 0.705569
