0.863444 0.000010 0.136536 0.000010
0.000010 0.999970 0.000010 0.000010
0.739792 0.000010 0.260188 0.000010
0.999970 0.000010 0.000010 0.000010
0.000010 0.000010 0.999970 0.000010
0.000010 0.000010 0.999970 0.000010
0.263884 0.000010 0.736096 0.000010
0.000010 0.000010 0.884065 0.115915
0.000010 0.000010 0.613774 0.386206
0.000010 0.999970 0.000010 0.000010
0.000010 0.000010 0.999970 0.000010
0.000010 0.999970 0.000010 0.000010
0.000010 0.000010 0.999970 0.000010
0.728403 0.000010 0.000010 0.271577
0.000010 0.000010 0.999970 0.000010
0.999970 0.000010 0.000010 0.000010
0.000010 0.957504 0.042476 0.000010
0.000010 0.999970 0.000010 0.000010
0.089799 0.000010 0.548155 0.362036
0.999970 0.000010 0.000010 0.000010
0.462907 0.000010 0.329336 0.207747
0.000010 0.000010 0.999970 0.000010
0.000010 0.951464 0.000010 0.048516
0.000010 0.000010 0.999970 0.000010
0.000010 0.999970 0.000010 0.000010
0.492414 0.000010 0.000010 0.507566
0.000010 0.999970 0.000010 0.000010
0.420949 0.000010 0.579031 0.000010
0.000010 0.999970 0.000010 0.000010
0.000010 0.999970 0.000010 0.000010
0.000010 0.000010 0.999970 0.000010
0.000010 0.000010 0.558359 0.441621
0.999970 0.000010 0.000010 0.000010
0.000010 0.000010 0.463519 0.536461
0.000010 0.999970 0.000010 0.000010
0.000010 0.000010 0.000010 0.999970
0.000010 0.000010 0.278003 0.721977
0.000010 0.000010 0.000010 0.999970
0.999970 0.000010 0.000010 0.000010
0.000010 0.000010 0.999970 0.000010
0.602073 0.000010 0.000010 0.397907
0.999970 0.000010 0.000010 0.000010
0.000010 0.972386 0.027594 0.000010
0.385042 0.000010 0.614938 0.000010
0.999970 0.000010 0.000010 0.000010
0.000010 0.000010 0.000010 0.999970
0.999970 0.000010 0.000010 0.000010
0.000010 0.000010 0.000010 0.999970
0.000010 0.000010 0.000010 0.999970
0.000010 0.999970 0.000010 0.000010
0.041349 0.958631 0.000010 0.000010
0.000010 0.513271 0.000010 0.486709
0.000010 0.000010 0.999970 0.000010
0.000010 0.999970 0.000010 0.000010
0.000010 0.000010 0.000010 0.999970
0.000010 0.000010 0.999970 0.000010
0.999970 0.000010 0.000010 0.000010
0.562062 0.000010 0.437918 0.000010
0.999970 0.000010 0.000010 0.000010
0.000010 0.000010 0.999970 0.000010
0.000010 0.999970 0.000010 0.000010
0.000010 0.000010 0.999970 0.000010
0.999970 0.000010 0.000010 0.000010
0.000010 0.999970 0.000010 0.000010
0.000010 0.000010 0.999970 0.000010
0.000010 0.000010 0.999970 0.000010
0.761625 0.000010 0.000010 0.238355
0.050188 0.949792 0.000010 0.000010
0.027897 0.972083 0.000010 0.000010
0.843045 0.000010 0.156935 0.000010
0.000010 0.999970 0.000010 0.000010
0.842487 0.000010 0.000010 0.157493
0.000010 0.999970 0.000010 0.000010
0.000010 0.999970 0.000010 0.000010
0.000010 0.999970 0.000010 0.000010
0.000010 0.999970 0.000010 0.000010
0.000010 0.000010 0.999970 0.000010
0.000010 0.999970 0.000010 0.000010
0.000010 0.000010 0.512198 0.487782
0.412545 0.000010 0.587435 0.000010
0.179173 0.000010 0.335724 0.485093
0.000010 0.999970 0.000010 0.000010
0.000010 0.000010 0.999970 0.000010
0.000010 0.999970 0.000010 0.000010
0.260568 0.000010 0.000010 0.739412
0.000010 0.000010 0.204195 0.795785
0.591665 0.000010 0.408315 0.000010
0.000010 0.000010 0.999970 0.000010
0.000010 0.016918 0.472499 0.510573
0.000010 0.999970 0.000010 0.000010
0.071849 0.928131 0.000010 0.000010
0.999970 0.000010 0.000010 0.000010
