0.000010 0.409642 0.590348
0.999980 0.000010 0.000010
0.000010 0.000010 0.999980
0.000010 0.000010 0.999980
0.026763 0.000010 0.973227
0.000010 0.245022 0.754968
0.000010 0.000010 0.999980
0.000010 0.999980 0.000010
0.000010 0.000010 0.999980
0.999980 0.000010 0.000010
0.010389 0.683848 0.305763
0.999980 0.000010 0.000010
0.000010 0.235703 0.764287
0.000010 0.395435 0.604555
0.000010 0.999980 0.000010
0.000010 0.490512 0.509478
0.999980 0.000010 0.000010
0.999980 0.000010 0.000010
0.000010 0.999980 0.000010
0.000010 0.999980 0.000010
0.000010 0.347468 0.652522
0.000010 0.000010 0.999980
0.972430 0.000010 0.027560
0.000010 0.423644 0.576346
0.999980 0.000010 0.000010
0.000010 0.000010 0.999980
0.999980 0.000010 0.000010
0.000010 0.999980 0.000010
0.999980 0.000010 0.000010
0.999980 0.000010 0.000010
0.000010 0.000010 0.999980
0.000010 0.999980 0.000010
0.000010 0.000010 0.999980
0.000010 0.626707 0.373283
0.999980 0.000010 0.000010
0.000010 0.999980 0.000010
0.000010 0.999980 0.000010
0.000010 0.999980 0.000010
0.000010 0.823417 0.176573
0.000010 0.000010 0.999980
0.000010 0.729431 0.270559
0.000010 0.255245 0.744745
0.999980 0.000010 0.000010
0.000010 0.332432 0.667558
0.000010 0.000010 0.999980
0.000010 0.999980 0.000010
0.000010 0.000010 0.999980
0.000010 0.999980 0.000010
0.000010 0.000010 0.999980
0.999980 0.000010 0.000010
0.959253 0.000010 0.040737
0.519334 0.000010 0.480656
0.000010 0.999980 0.000010
0.999980 0.000010 0.000010
0.000010 0.000010 0.999980
0.000010 0.590247 0.409743
0.000010 0.643491 0.356499
0.000010 0.999980 0.000010
0.000010 0.519210 0.480780
0.000010 0.000010 0.999980
0.999980 0.000010 0.000010
0.000010 0.000010 0.999980
0.000010 0.406523 0.593467
0.999980 0.000010 0.000010
0.000010 0.000010 0.999980
0.000010 0.000010 0.999980
0.000010 0.000010 0.999980
0.994984 0.000010 0.005006
0.986188 0.013802 0.000010
0.000010 0.514620 0.485370
0.999980 0.000010 0.000010
0.000010 0.999980 0.000010
0.999980 0.000010 0.000010
0.999980 0.000010 0.000010
0.999980 0.000010 0.000010
0.999980 0.000010 0.000010
0.000010 0.421737 0.578253
0.999980 0.000010 0.000010
0.000012 0.000010 0.999978
0.000010 0.999980 0.000010
0.000010 0.000010 0.999980
0.999980 0.000010 0.000010
0.000010 0.000010 0.999980
0.999980 0.000010 0.000010
0.000010 0.999980 0.000010
0.000010 0.999980 0.000010
0.000010 0.873291 0.126699
0.000010 0.000010 0.999980
0.014787 0.336242 0.648971
0.999980 0.000010 0.000010
0.954483 0.045507 0.000010
0.000010 0.999980 0.000010
