0.000010 0.091712 0.908278
0.999980 0.000010 0.000010
0.000010 0.000010 0.999980
0.000010 0.000010 0.999980
0.046251 0.423350 0.530399
0.000010 0.337430 0.662560
0.000010 0.424699 0.575291
0.000010 0.694256 0.305734
0.000010 0.000010 0.999980
0.999980 0.000010 0.000010
0.000010 0.383977 0.616013
0.999980 0.000010 0.000010
0.000010 0.999980 0.000010
0.000010 0.999980 0.000010
0.000010 0.999980 0.000010
0.000010 0.000010 0.999980
0.999980 0.000010 0.000010
0.999980 0.000010 0.000010
0.000010 0.483936 0.516054
0.045115 0.954875 0.000010
0.000010 0.379118 0.620872
0.000010 0.000010 0.999980
0.999980 0.000010 0.000010
0.000010 0.999980 0.000010
0.999980 0.000010 0.000010
0.000010 0.000010 0.999980
0.999980 0.000010 0.000010
0.000010 0.000010 0.999980
0.999980 0.000010 0.000010
0.999980 0.000010 0.000010
0.000010 0.000010 0.999980
0.000010 0.000010 0.999980
0.000010 0.000010 0.999980
0.000010 0.000010 0.999980
0.999980 0.000010 0.000010
0.000010 0.999980 0.000010
0.000010 0.999980 0.000010
0.000010 0.551214 0.448776
0.000010 0.399108 0.600882
0.000010 0.000010 0.999980
0.042362 0.239620 0.718017
0.000010 0.000010 0.999980
0.999980 0.000010 0.000010
0.000010 0.430931 0.569059
0.020424 0.000010 0.979566
0.000010 0.999980 0.000010
0.000010 0.672615 0.327375
0.055802 0.288380 0.655818
0.000010 0.999980 0.000010
0.999980 0.000010 0.000010
0.999980 0.000010 0.000010
0.515250 0.219333 0.265416
0.021597 0.272101 0.706302
0.999980 0.000010 0.000010
0.000010 0.000010 0.999980
0.000010 0.000010 0.999980
0.000010 0.350988 0.649002
0.000010 0.473303 0.526687
0.000010 0.197382 0.802608
0.000010 0.000010 0.999980
0.999980 0.000010 0.000010
0.000010 0.000010 0.999980
0.000010 0.999980 0.000010
0.999980 0.000010 0.000010
0.000010 0.000010 0.999980
0.000010 0.000010 0.999980
0.000010 0.583410 0.416580
0.999980 0.000010 0.000010
0.975418 0.024572 0.000010
0.000010 0.000010 0.999980
0.999980 0.000010 0.000010
0.000010 0.000010 0.999980
0.999980 0.000010 0.000010
0.999980 0.000010 0.000010
0.999980 0.000010 0.000010
0.999980 0.000010 0.000010
0.000010 0.000010 0.999980
0.999980 0.000010 0.000010
0.000010 0.000010 0.999980
0.000010 0.761837 0.238153
0.000010 0.643542 0.356448
0.999980 0.000010 0.000010
0.000010 0.000010 0.999980
0.999980 0.000010 0.000010
0.000010 0.000010 0.999980
0.000010 0.247879 0.752111
0.000010 0.255635 0.744355
0.000010 0.000010 0.999980
0.083766 0.503758 0.412476
0.999980 0.000010 0.000010
0.993209 0.000010 0.006781
0.000010 0.000010 0.999980
