0.000010 0.000010 0.999980
0.999980 0.000010 0.000010
0.000010 0.751693 0.248297
0.000010 0.000010 0.999980
0.000010 0.999980 0.000010
0.000010 0.497950 0.502040
0.000010 0.000010 0.999980
0.000010 0.999980 0.000010
0.000010 0.000010 0.999980
0.939822 0.000010 0.060168
0.000010 0.000010 0.999980
0.999980 0.000010 0.000010
0.000010 0.999980 0.000010
0.017057 0.000010 0.982933
0.000010 0.999980 0.000010
0.000010 0.339516 0.660474
0.949855 0.050135 0.000010
0.955544 0.044446 0.000010
0.000010 0.000010 0.999980
0.000010 0.999980 0.000010
0.000010 0.417515 0.582475
0.000010 0.319032 0.680958
0.999980 0.000010 0.000010
0.000010 0.327246 0.672744
0.999980 0.000010 0.000010
0.000010 0.000010 0.999980
0.999980 0.000010 0.000010
0.000010 0.999980 0.000010
0.999980 0.000010 0.000010
0.999980 0.000010 0.000010
0.000010 0.293170 0.706820
0.000010 0.301031 0.698959
0.000010 0.000010 0.999980
0.000010 0.000010 0.999980
0.999980 0.000010 0.000010
0.000010 0.000010 0.999980
0.000010 0.000010 0.999980
0.000010 0.623281 0.376709
0.000010 0.000010 0.999980
0.000010 0.598683 0.401307
0.000010 0.221595 0.778395
0.000010 0.000010 0.999980
0.999980 0.000010 0.000010
0.000010 0.000010 0.999980
0.000010 0.000010 0.999980
0.000010 0.999980 0.000010
0.000010 0.241215 0.758775
0.000010 0.000010 0.999980
0.000010 0.000010 0.999980
0.999980 0.000010 0.000010
0.999980 0.000010 0.000010
0.379619 0.000010 0.620371
0.000010 0.999980 0.000010
0.999980 0.000010 0.000010
0.000010 0.000010 0.999980
0.000010 0.596543 0.403447
0.000010 0.999980 0.000010
0.000010 0.000010 0.999980
0.000010 0.999980 0.000010
0.000010 0.999980 0.000010
0.999980 0.000010 0.000010
0.000010 0.000010 0.999980
0.000306 0.617457 0.382238
0.936725 0.063265 0.000010
0.000010 0.999980 0.000010
0.000010 0.339774 0.660216
0.000010 0.000010 0.999980
0.999980 0.000010 0.000010
0.976231 0.000010 0.023759
0.000010 0.232588 0.767402
0.999980 0.000010 0.000010
0.000010 0.000010 0.999980
0.999980 0.000010 0.000010
0.999980 0.000010 0.000010
0.999980 0.000010 0.000010
0.999980 0.000010 0.000010
0.000010 0.493151 0.506839
0.999980 0.000010 0.000010
0.000010 0.000010 0.999980
0.000010 0.000010 0.999980
0.000010 0.401091 0.598899
0.950358 0.049632 0.000010
0.000010 0.526112 0.473878
0.999980 0.000010 0.000010
0.000010 0.999980 0.000010
0.000010 0.000010 0.999980
0.000010 0.490564 0.509426
0.000010 0.498890 0.501100
0.000010 0.221657 0.778333
0.999980 0.000010 0.000010
0.999980 0.000010 0.000010
0.000010 0.999980 0.000010
