0.000010 0.000010 0.215301 0.115464 0.669204 0.000010
0.000010 0.000010 0.000010 0.000010 0.000010 0.999950
0.000010 0.000010 0.239698 0.000010 0.760262 0.000010
0.000010 0.000010 0.140368 0.109388 0.750214 0.000010
0.000010 0.000010 0.000010 0.342691 0.657269 0.000010
0.000010 0.000010 0.090540 0.118387 0.791043 0.000010
0.000010 0.000010 0.272532 0.000010 0.727428 0.000010
0.000010 0.000010 0.219443 0.125854 0.654672 0.000010
0.000010 0.000010 0.250072 0.000010 0.749888 0.000010
0.000010 0.000010 0.000010 0.000010 0.000010 0.999950
0.000010 0.000010 0.000010 0.000010 0.000010 0.999950
0.000010 0.000010 0.009372 0.267488 0.723110 0.000010
0.411844 0.000010 0.003456 0.000010 0.000010 0.584670
0.000010 0.000010 0.181010 0.000010 0.818950 0.000010
0.000010 0.000010 0.800988 0.198972 0.000010 0.000010
0.027660 0.000010 0.000010 0.121453 0.850858 0.000010
0.000010 0.000010 0.860667 0.139293 0.000010 0.000010
0.000010 0.000010 0.000010 0.042179 0.936915 0.020876
0.912736 0.000010 0.049387 0.037847 0.000010 0.000010
0.507699 0.000010 0.000010 0.027187 0.000010 0.465084
0.000010 0.000010 0.000010 0.000010 0.000010 0.999950
0.000010 0.000010 0.999950 0.000010 0.000010 0.000010
0.000010 0.000010 0.999950 0.000010 0.000010 0.000010
0.000010 0.000010 0.999950 0.000010 0.000010 0.000010
0.000010 0.000010 0.999950 0.000010 0.000010 0.000010
0.000010 0.000010 0.266055 0.000010 0.683869 0.050046
0.000010 0.000010 0.369844 0.103428 0.526698 0.000010
0.000017 0.000010 0.221427 0.180571 0.597964 0.000010
0.816187 0.000010 0.000010 0.000010 0.000010 0.183773
0.000010 0.000010 0.271195 0.000010 0.728765 0.000010
0.999950 0.000010 0.000010 0.000010 0.000010 0.000010
0.000010 0.000010 0.000010 0.298981 0.700979 0.000010
0.532095 0.000010 0.000010 0.000010 0.000010 0.467865
0.000010 0.000010 0.197051 0.127131 0.675787 0.000010
0.000010 0.999949 0.000011 0.000010 0.000010 0.000010
0.741847 0.000010 0.000011 0.000010 0.000010 0.258112
0.999950 0.000010 0.000010 0.000010 0.000010 0.000010
0.000010 0.000010 0.083678 0.000010 0.916282 0.000010
0.000010 0.000010 0.000010 0.000010 0.999950 0.000010
0.000010 0.000010 0.000010 0.077859 0.922101 0.000010
0.000010 0.000010 0.045430 0.225808 0.708358 0.020384
0.000010 0.000010 0.000010 0.000010 0.999950 0.000010
0.500359 0.000010 0.000010 0.051081 0.000010 0.448529
0.000010 0.000010 0.198190 0.000010 0.801770 0.000010
0.000010 0.000010 0.396061 0.147856 0.456053 0.000010
0.000010 0.000010 0.002896 0.328696 0.668377 0.000010
0.000013 0.000010 0.089949 0.280017 0.630002 0.000010
0.000010 0.000010 0.000010 0.108024 0.891936 0.000010
0.000010 0.000010 0.121841 0.140788 0.737341 0.000010
0.000010 0.000010 0.000010 0.000010 0.999950 0.000010
0.999950 0.000010 0.000010 0.000010 0.000010 0.000010
0.047969 0.000010 0.224682 0.000010 0.727320 0.000010
0.000010 0.000010 0.156041 0.094973 0.712217 0.036749
0.000010 0.235098 0.165228 0.231339 0.368315 0.000010
0.000010 0.000010 0.273013 0.051077 0.675880 0.000010
0.000010 0.000010 0.000010 0.000010 0.000010 0.999950
0.000010 0.000010 0.214938 0.000010 0.785022 0.000010
0.000010 0.000010 0.000010 0.999950 0.000010 0.000010
0.000010 0.000010 0.000010 0.999950 0.000010 0.000010
0.999950 0.000010 0.000010 0.000010 0.000010 0.000010
0.786552 0.000010 0.000010 0.022928 0.000010 0.190490
0.120435 0.000010 0.000010 0.000010 0.513552 0.365984
0.000010 0.000010 0.231555 0.158932 0.609483 0.000010
0.999950 0.000010 0.000010 0.000010 0.000010 0.000010
0.000010 0.000010 0.000010 0.208476 0.791484 0.000010
0.000010 0.000010 0.490058 0.000010 0.509902 0.000010
0.063748 0.000010 0.200654 0.373311 0.362267 0.000010
0.000010 0.000010 0.000010 0.000010 0.938661 0.061299
0.000010 0.000010 0.102318 0.118240 0.779412 0.000010
0.000010 0.000010 0.000010 0.342987 0.656973 0.000010
0.999950 0.000010 0.000010 0.000010 0.000010 0.000010
0.000010 0.000010 0.000010 0.144816 0.855144 0.000010
0.000010 0.000010 0.000010 0.121398 0.837733 0.040838
0.710133 0.000010 0.005292 0.000010 0.000010 0.284545
0.000010 0.000010 0.299265 0.077027 0.623679 0.000010
0.000010 0.000010 0.430312 0.162130 0.407528 0.000010
0.000010 0.000010 0.294222 0.077932 0.627816 0.000010
0.703584 0.000010 0.000010 0.000010 0.000010 0.296376
0.766581 0.000010 0.000010 0.000010 0.000010 0.233379
0.000010 0.000010 0.000010 0.030985 0.968975 0.000010
0.813216 0.000010 0.000010 0.000010 0.000010 0.186744
0.999950 0.000010 0.000010 0.000010 0.000010 0.000010
0.000010 0.000010 0.000010 0.000010 0.999950 0.000010
0.000010 0.000010 0.000010 0.000010 0.999950 0.000010
0.999950 0.000010 0.000010 0.000010 0.000010 0.000010
0.735686 0.000010 0.000010 0.000010 0.000010 0.264274
0.521138 0.196058 0.000010 0.000010 0.000010 0.282774
0.937279 0.000010 0.000010 0.000010 0.062681 0.000010
0.000010 0.000010 0.198428 0.000010 0.801532 0.000010
0.667189 0.000010 0.000010 0.000010 0.000010 0.332771
0.083148 0.000010 0.006252 0.163308 0.747272 0.000010
0.000010 0.000010 0.487698 0.000010 0.512262 0.000010
0.000010 0.000010 0.000010 0.251518 0.748442 0.000010
0.999950 0.000010 0.000010 0.000010 0.000010 0.000010
0.000010 0.000010 0.000010 0.000010 0.999950 0.000010
0.680283 0.000010 0.000010 0.000010 0.000010 0.319677
0.000010 0.000010 0.101035 0.129342 0.769593 0.000010
0.000010 0.000010 0.272956 0.005243 0.721771 0.000010
0.000010 0.000010 0.143371 0.000010 0.856589 0.000010
0.000010 0.000010 0.000010 0.106186 0.893774 0.000010
0.001380 0.000010 0.000010 0.215472 0.745652 0.037476
0.999950 0.000010 0.000010 0.000010 0.000010 0.000010
0.000010 0.000010 0.000010 0.000010 0.000010 0.999950
0.000010 0.000010 0.000010 0.999950 0.000010 0.000010
0.000010 0.000010 0.000010 0.225262 0.774698 0.000010
0.928188 0.000010 0.000010 0.000010 0.071772 0.000010
0.000010 0.000010 0.000010 0.189927 0.810033 0.000010
0.000010 0.000010 0.002216 0.029001 0.968753 0.000010
0.810015 0.000010 0.000010 0.037093 0.000010 0.152862
0.000010 0.000010 0.187374 0.246972 0.565623 0.000010
0.950364 0.000010 0.000010 0.049596 0.000010 0.000010
