0.346510 0.045380 0.000010 0.004387 0.603682 0.000010 0.000010 0.000010
0.000010 0.000010 0.000010 0.000010 0.000010 0.999930 0.000010 0.000010
0.403901 0.020297 0.000010 0.172435 0.403328 0.000010 0.000010 0.000010
0.417465 0.213000 0.037322 0.087149 0.245033 0.000010 0.000010 0.000010
0.000010 0.000010 0.000010 0.000010 0.999930 0.000010 0.000010 0.000010
0.876598 0.123342 0.000010 0.000010 0.000010 0.000010 0.000010 0.000010
0.223543 0.000010 0.000010 0.224423 0.551984 0.000010 0.000010 0.000010
0.837672 0.162268 0.000010 0.000010 0.000010 0.000010 0.000010 0.000010
0.742801 0.257139 0.000010 0.000010 0.000010 0.000010 0.000010 0.000010
0.000010 0.000010 0.000010 0.000010 0.000010 0.999930 0.000010 0.000010
0.000010 0.000010 0.000010 0.000010 0.000010 0.999930 0.000010 0.000010
0.242777 0.000010 0.000010 0.000010 0.757163 0.000010 0.000010 0.000010
0.000010 0.000010 0.999930 0.000010 0.000010 0.000010 0.000010 0.000010
0.487050 0.047661 0.000010 0.168348 0.296901 0.000010 0.000010 0.000010
0.000010 0.000010 0.000010 0.000010 0.999930 0.000010 0.000010 0.000010
0.999930 0.000010 0.000010 0.000010 0.000010 0.000010 0.000010 0.000010
0.000010 0.000010 0.000010 0.000010 0.949403 0.000010 0.050537 0.000010
0.163885 0.000010 0.075003 0.000010 0.761063 0.000010 0.000010 0.000010
0.000010 0.000010 0.598678 0.000010 0.000010 0.401262 0.000010 0.000010
0.000010 0.020266 0.151633 0.016103 0.000010 0.545202 0.000010 0.266766
0.000010 0.000010 0.999930 0.000010 0.000010 0.000010 0.000010 0.000010
0.000010 0.000010 0.000010 0.999930 0.000010 0.000010 0.000010 0.000010
0.000010 0.000010 0.000010 0.999930 0.000010 0.000010 0.000010 0.000010
0.000010 0.000010 0.000010 0.999930 0.000010 0.000010 0.000010 0.000010
0.000010 0.000010 0.000010 0.999930 0.000010 0.000010 0.000010 0.000010
0.518502 0.000010 0.026130 0.118097 0.337231 0.000010 0.000010 0.000010
0.000010 0.052673 0.000010 0.309671 0.637606 0.000010 0.000010 0.000010
0.507902 0.237695 0.000010 0.207667 0.046696 0.000010 0.000010 0.000010
0.000010 0.000010 0.000010 0.000010 0.000010 0.000010 0.000010 0.999930
0.999930 0.000010 0.000010 0.000010 0.000010 0.000010 0.000010 0.000010
0.000010 0.000010 0.132947 0.000010 0.000010 0.000010 0.000010 0.866993
0.481144 0.266875 0.000010 0.000010 0.177647 0.074294 0.000010 0.000010
0.000010 0.000010 0.261905 0.000010 0.000010 0.427570 0.000010 0.310475
0.000010 0.000010 0.000010 0.119639 0.880301 0.000010 0.000010 0.000010
0.000010 0.000010 0.000010 0.000010 0.000010 0.000010 0.999930 0.000010
0.000010 0.000010 0.000010 0.000010 0.000010 0.000010 0.000010 0.999930
0.000010 0.000010 0.200810 0.000010 0.000010 0.135154 0.000010 0.663986
0.507226 0.000010 0.000010 0.157195 0.335530 0.000010 0.000010 0.000010
0.000010 0.999930 0.000010 0.000010 0.000010 0.000010 0.000010 0.000010
0.497901 0.000010 0.000010 0.000010 0.502039 0.000010 0.000010 0.000010
0.000010 0.009728 0.000010 0.000010 0.990212 0.000010 0.000010 0.000010
0.953515 0.000010 0.000010 0.046425 0.000010 0.000010 0.000010 0.000010
0.000010 0.066088 0.000010 0.000010 0.000010 0.586145 0.000010 0.347717
0.210087 0.000010 0.000010 0.114843 0.675020 0.000010 0.000010 0.000010
0.600841 0.175981 0.000010 0.076163 0.109780 0.000010 0.000010 0.037205
0.582869 0.374500 0.000010 0.042581 0.000010 0.000010 0.000010 0.000010
0.000010 0.242558 0.000019 0.039373 0.718009 0.000010 0.000010 0.000010
0.450016 0.057881 0.053980 0.021134 0.416960 0.000010 0.000010 0.000010
0.227918 0.103048 0.000010 0.000010 0.668984 0.000010 0.000010 0.000010
0.836585 0.081451 0.000010 0.000010 0.081914 0.000010 0.000010 0.000010
0.000010 0.000010 0.000010 0.000010 0.000010 0.000010 0.000010 0.999930
0.000010 0.000010 0.000010 0.000010 0.999930 0.000010 0.000010 0.000010
0.299131 0.000010 0.000010 0.120524 0.568818 0.011487 0.000010 0.000010
0.000010 0.238074 0.000010 0.000010 0.535046 0.000010 0.226829 0.000010
0.315804 0.000010 0.000010 0.172117 0.512029 0.000010 0.000010 0.000010
0.000010 0.000010 0.000010 0.000010 0.000010 0.999930 0.000010 0.000010
0.425284 0.000010 0.044517 0.176942 0.353217 0.000010 0.000010 0.000010
0.000010 0.999930 0.000010 0.000010 0.000010 0.000010 0.000010 0.000010
0.000010 0.999930 0.000010 0.000010 0.000010 0.000010 0.000010 0.000010
0.000010 0.000010 0.275381 0.000014 0.000010 0.189921 0.000010 0.534643
0.000010 0.000010 0.000010 0.000010 0.000010 0.999930 0.000010 0.000010
0.000010 0.000010 0.295998 0.000010 0.473974 0.229978 0.000010 0.000010
0.344439 0.232623 0.025242 0.172194 0.225472 0.000010 0.000010 0.000010
0.000010 0.000010 0.272374 0.000010 0.000010 0.000010 0.000010 0.727566
0.222618 0.186388 0.000010 0.000010 0.590945 0.000010 0.000010 0.000010
0.661800 0.000010 0.000010 0.338140 0.000010 0.000010 0.000010 0.000010
0.000010 0.404656 0.000010 0.146649 0.385764 0.000010 0.000010 0.062891
0.850780 0.061369 0.052700 0.000010 0.000010 0.035111 0.000010 0.000010
0.901135 0.098805 0.000010 0.000010 0.000010 0.000010 0.000010 0.000010
0.314405 0.312492 0.000010 0.043134 0.329929 0.000010 0.000010 0.000010
0.000010 0.000010 0.000010 0.000010 0.000010 0.600637 0.000010 0.399303
0.712278 0.092855 0.000010 0.000010 0.194818 0.000010 0.000010 0.000010
0.436945 0.266239 0.000010 0.000010 0.296767 0.000010 0.000010 0.000010
0.000010 0.000010 0.000010 0.000010 0.000010 0.657405 0.000010 0.342535
0.773533 0.138787 0.000010 0.087630 0.000010 0.000010 0.000010 0.000010
0.665861 0.159680 0.000010 0.174409 0.000010 0.000010 0.000010 0.000010
0.422819 0.024940 0.000010 0.049328 0.502873 0.000010 0.000010 0.000010
0.000010 0.000010 0.148384 0.000010 0.000010 0.365856 0.000010 0.485711
0.000010 0.000010 0.301784 0.000010 0.000010 0.698156 0.000010 0.000010
0.374717 0.014701 0.000010 0.000010 0.610532 0.000010 0.000010 0.000010
0.000010 0.000010 0.124327 0.000010 0.000010 0.332285 0.000010 0.543337
0.000010 0.000010 0.000010 0.000010 0.000010 0.000010 0.000010 0.999930
0.999930 0.000010 0.000010 0.000010 0.000010 0.000010 0.000010 0.000010
0.999930 0.000010 0.000010 0.000010 0.000010 0.000010 0.000010 0.000010
0.000010 0.000010 0.000010 0.000010 0.000010 0.000010 0.000010 0.999930
0.000010 0.000010 0.000010 0.000010 0.000010 0.000010 0.000010 0.999930
0.000010 0.000010 0.228705 0.000010 0.000010 0.025004 0.193322 0.552929
0.000010 0.000010 0.278475 0.000010 0.047007 0.044030 0.000010 0.630448
0.821990 0.001305 0.000010 0.176655 0.000010 0.000010 0.000010 0.000010
0.000010 0.000010 0.000010 0.000010 0.000010 0.999930 0.000010 0.000010
0.684389 0.172750 0.017425 0.063796 0.000010 0.061609 0.000010 0.000010
0.546982 0.000010 0.000010 0.338272 0.114696 0.000010 0.000010 0.000010
0.639962 0.359978 0.000010 0.000010 0.000010 0.000010 0.000010 0.000010
0.000010 0.000010 0.000010 0.000010 0.000010 0.527753 0.000010 0.472187
0.000010 0.999930 0.000010 0.000010 0.000010 0.000010 0.000010 0.000010
0.000010 0.000010 0.000010 0.000010 0.000010 0.000010 0.000010 0.999930
0.000010 0.000010 0.000010 0.104234 0.895706 0.000010 0.000010 0.000010
0.000010 0.000010 0.000010 0.103999 0.895941 0.000010 0.000010 0.000010
0.933537 0.000010 0.000010 0.066403 0.000010 0.000010 0.000010 0.000010
0.645239 0.086086 0.001275 0.000010 0.267360 0.000010 0.000010 0.000010
0.000010 0.000010 0.000010 0.000010 0.999930 0.000010 0.000010 0.000010
0.000010 0.026913 0.000010 0.000010 0.000010 0.190594 0.000010 0.782443
0.000010 0.000010 0.999930 0.000010 0.000010 0.000010 0.000010 0.000010
0.000010 0.999930 0.000010 0.000010 0.000010 0.000010 0.000010 0.000010
0.000010 0.000010 0.000010 0.000010 0.999930 0.000010 0.000010 0.000010
0.031793 0.000010 0.419372 0.000010 0.000010 0.000010 0.000010 0.548785
0.683738 0.235332 0.000010 0.050533 0.000010 0.030357 0.000010 0.000010
0.677994 0.100058 0.000010 0.018768 0.203141 0.000010 0.000010 0.000010
0.000010 0.013376 0.000010 0.000010 0.000010 0.128111 0.000010 0.858463
0.663271 0.316569 0.000010 0.020110 0.000010 0.000010 0.000010 0.000010
0.000010 0.000010 0.000010 0.000010 0.000010 0.000010 0.000010 0.999930
