0.089316 0.000010 0.095690 0.000010 0.814974
0.000010 0.000010 0.000010 0.999960 0.000010
0.000010 0.000010 0.333301 0.000010 0.666669
0.202256 0.000010 0.234449 0.000010 0.563275
0.201895 0.000010 0.072674 0.000010 0.725411
0.091665 0.000010 0.000010 0.000010 0.908305
0.000010 0.000010 0.357748 0.000010 0.642222
0.146170 0.000010 0.220541 0.000010 0.633268
0.000010 0.000010 0.315994 0.000010 0.683976
0.000010 0.000010 0.000010 0.999960 0.000010
0.000010 0.000010 0.000010 0.999960 0.000010
0.089542 0.000010 0.000010 0.000010 0.910428
0.000010 0.000010 0.056847 0.943123 0.000010
0.019606 0.000010 0.309460 0.000010 0.670914
0.999960 0.000010 0.000010 0.000010 0.000010
0.120058 0.000010 0.000010 0.000010 0.879912
0.999960 0.000010 0.000010 0.000010 0.000010
0.000010 0.000010 0.000010 0.004089 0.995881
0.000010 0.000010 0.008108 0.928691 0.063181
0.000010 0.000010 0.030968 0.969002 0.000010
0.000010 0.000010 0.000010 0.999960 0.000010
0.000010 0.000010 0.999960 0.000010 0.000010
0.000010 0.000010 0.999960 0.000010 0.000010
0.000010 0.000010 0.999960 0.000010 0.000010
0.000010 0.000010 0.999960 0.000010 0.000010
0.000010 0.000010 0.164696 0.018629 0.816656
0.130691 0.000010 0.380741 0.000010 0.488548
0.141410 0.000010 0.285181 0.000010 0.573389
0.000010 0.000010 0.000010 0.999960 0.000010
0.008492 0.000010 0.117113 0.000010 0.874375
0.000010 0.000010 0.000010 0.999960 0.000010
0.310060 0.000010 0.001488 0.000010 0.688432
0.000010 0.000010 0.000010 0.999960 0.000010
0.157981 0.000010 0.095962 0.000010 0.746037
0.000010 0.999960 0.000010 0.000010 0.000010
0.000010 0.000010 0.000010 0.999960 0.000010
0.000010 0.000010 0.000010 0.999960 0.000010
0.000010 0.000010 0.371575 0.000010 0.628395
0.000010 0.000010 0.999960 0.000010 0.000010
0.000010 0.000010 0.098578 0.000010 0.901392
0.093954 0.000010 0.217559 0.015974 0.672502
0.000010 0.000010 0.258997 0.000010 0.740973
0.055215 0.000010 0.000010 0.944755 0.000010
0.000010 0.000010 0.146518 0.000010 0.853452
0.116519 0.000010 0.353517 0.000010 0.529945
0.290731 0.000010 0.137522 0.000010 0.571728
0.210466 0.000010 0.138233 0.000010 0.651281
0.055688 0.000010 0.000010 0.000010 0.944282
0.183292 0.000010 0.000010 0.000010 0.816678
0.000010 0.000010 0.157124 0.000010 0.842846
0.000010 0.000010 0.000012 0.999958 0.000010
0.000010 0.000010 0.000010 0.054909 0.945061
0.000010 0.000010 0.172665 0.010132 0.817183
0.200371 0.236348 0.202874 0.000010 0.360396
0.000010 0.000010 0.411223 0.000010 0.588747
0.000010 0.000010 0.000010 0.999960 0.000010
0.000010 0.000010 0.361465 0.000010 0.638505
0.999960 0.000010 0.000010 0.000010 0.000010
0.999960 0.000010 0.000010 0.000010 0.000010
0.000010 0.000010 0.000010 0.999960 0.000010
0.020993 0.000010 0.000010 0.978977 0.000010
0.061863 0.000010 0.000010 0.465707 0.472409
0.149657 0.000010 0.316172 0.000010 0.534150
0.000010 0.000010 0.000010 0.999960 0.000010
0.158918 0.000010 0.060093 0.000010 0.780969
0.000010 0.000010 0.605210 0.000010 0.394760
0.647844 0.000010 0.325026 0.027110 0.000010
0.068767 0.000010 0.147109 0.058168 0.725946
0.090524 0.000010 0.229177 0.000010 0.680279
0.224059 0.000010 0.162461 0.000010 0.613460
0.000010 0.000010 0.000010 0.999960 0.000010
0.000010 0.000010 0.000010 0.000010 0.999960
0.273158 0.000010 0.000010 0.000010 0.726812
0.000010 0.000010 0.000010 0.984137 0.015833
0.045554 0.000010 0.318160 0.000010 0.636266
0.197159 0.000010 0.440945 0.000010 0.361876
0.178081 0.000010 0.161761 0.000010 0.660138
0.000010 0.000010 0.000010 0.999960 0.000010
0.000758 0.000010 0.000010 0.999212 0.000010
0.000010 0.000010 0.024499 0.000010 0.975471
0.000010 0.000010 0.000010 0.999960 0.000010
0.000010 0.000010 0.000010 0.999960 0.000010
0.000010 0.000010 0.000010 0.000010 0.999960
0.000010 0.000010 0.000010 0.000010 0.999960
0.000010 0.000010 0.000010 0.999960 0.000010
0.000010 0.000010 0.000010 0.999960 0.000010
0.000010 0.196736 0.000010 0.803234 0.000010
0.000010 0.000010 0.000010 0.937431 0.062539
0.000010 0.000010 0.386530 0.000010 0.613440
0.000010 0.000010 0.000010 0.999960 0.000010
0.000010 0.000010 0.242049 0.065661 0.692271
0.060792 0.000010 0.497900 0.000010 0.441288
0.166845 0.000010 0.162731 0.000010 0.670404
0.000010 0.000010 0.000010 0.999960 0.000010
0.000010 0.000010 0.999960 0.000010 0.000010
0.000020 0.000010 0.000010 0.999950 0.000010
0.044759 0.000010 0.126658 0.000010 0.828563
0.000010 0.000010 0.170937 0.000010 0.829033
0.000010 0.000010 0.085238 0.000010 0.914732
0.050767 0.000010 0.000010 0.000010 0.949203
0.009135 0.000010 0.000010 0.008920 0.981925
0.000017 0.000010 0.000010 0.999953 0.000010
0.000010 0.000010 0.011914 0.988056 0.000010
0.999960 0.000010 0.000010 0.000010 0.000010
0.120103 0.000010 0.000010 0.000010 0.879867
0.096963 0.000010 0.000010 0.903007 0.000010
0.107286 0.000010 0.245102 0.000010 0.647592
0.032538 0.000010 0.189759 0.000010 0.777684
0.034667 0.000010 0.000010 0.965303 0.000010
0.330931 0.000010 0.272784 0.000010 0.396265
0.066081 0.000010 0.000010 0.933889 0.000010
