0.606524 0.131769 0.000010 0.000010 0.000010 0.000010 0.000010 0.261637 0.000010 0.000010
0.000010 0.000010 0.999910 0.000010 0.000010 0.000010 0.000010 0.000010 0.000010 0.000010
0.000010 0.398831 0.000010 0.154693 0.000010 0.000010 0.446406 0.000010 0.000010 0.000010
0.000010 0.000010 0.000010 0.068669 0.000010 0.000010 0.931251 0.000010 0.000010 0.000010
0.358590 0.335890 0.000010 0.000010 0.000010 0.000010 0.265541 0.000010 0.000010 0.039919
0.000010 0.644568 0.000010 0.000010 0.000010 0.000010 0.000010 0.276966 0.000010 0.078396
0.192754 0.000010 0.000010 0.171216 0.000010 0.000010 0.635961 0.000010 0.000010 0.000010
0.237106 0.230958 0.000010 0.002189 0.000010 0.000010 0.269368 0.222614 0.000010 0.037725
0.149485 0.569364 0.000010 0.054759 0.000010 0.000010 0.175696 0.000010 0.000010 0.050647
0.000010 0.000010 0.000010 0.000010 0.999910 0.000010 0.000010 0.000010 0.000010 0.000010
0.000010 0.000010 0.000010 0.000010 0.999910 0.000010 0.000010 0.000010 0.000010 0.000010
0.231960 0.424863 0.000010 0.000010 0.000010 0.000010 0.027576 0.229563 0.000010 0.085988
0.000010 0.000010 0.505419 0.000010 0.000010 0.467500 0.027012 0.000010 0.000010 0.000010
0.140751 0.412716 0.000010 0.109998 0.000010 0.000010 0.336474 0.000010 0.000010 0.000010
0.999910 0.000010 0.000010 0.000010 0.000010 0.000010 0.000010 0.000010 0.000010 0.000010
0.070741 0.323391 0.000010 0.000010 0.000010 0.000010 0.605798 0.000010 0.000010 0.000010
0.999910 0.000010 0.000010 0.000010 0.000010 0.000010 0.000010 0.000010 0.000010 0.000010
0.000010 0.000010 0.000010 0.000010 0.000010 0.000010 0.999910 0.000010 0.000010 0.000010
0.000010 0.000010 0.000010 0.000010 0.666355 0.291827 0.000010 0.041748 0.000010 0.000010
0.000010 0.000010 0.347869 0.023017 0.621974 0.000010 0.000010 0.000010 0.000010 0.007081
0.000010 0.000010 0.000010 0.000010 0.000010 0.999910 0.000010 0.000010 0.000010 0.000010
0.000010 0.000010 0.000010 0.999910 0.000010 0.000010 0.000010 0.000010 0.000010 0.000010
0.000010 0.000010 0.000010 0.999910 0.000010 0.000010 0.000010 0.000010 0.000010 0.000010
0.000010 0.000010 0.000010 0.999910 0.000010 0.000010 0.000010 0.000010 0.000010 0.000010
0.000010 0.000010 0.000010 0.999910 0.000010 0.000010 0.000010 0.000010 0.000010 0.000010
0.339871 0.407740 0.000010 0.119180 0.000010 0.000010 0.000010 0.133149 0.000010 0.000010
0.151023 0.606761 0.000010 0.238606 0.000010 0.000010 0.000010 0.000010 0.000010 0.003550
0.000010 0.494594 0.000010 0.192488 0.000010 0.015973 0.000010 0.159663 0.000010 0.137232
0.000010 0.000010 0.000010 0.000010 0.999910 0.000010 0.000010 0.000010 0.000010 0.000010
0.304021 0.384197 0.000010 0.035634 0.000010 0.000010 0.000010 0.276087 0.000010 0.000010
0.000010 0.000010 0.999910 0.000010 0.000010 0.000010 0.000010 0.000010 0.000010 0.000010
0.000010 0.831197 0.000010 0.000010 0.000010 0.000010 0.036151 0.000010 0.000010 0.132582
0.000010 0.000010 0.358999 0.000010 0.640921 0.000010 0.000010 0.000010 0.000010 0.000010
0.000010 0.999910 0.000010 0.000010 0.000010 0.000010 0.000010 0.000010 0.000010 0.000010
0.000010 0.000010 0.000010 0.000010 0.000010 0.000010 0.000010 0.000010 0.999910 0.000010
0.000010 0.000010 0.999910 0.000010 0.000010 0.000010 0.000010 0.000010 0.000010 0.000010
0.000010 0.000010 0.084400 0.000010 0.915520 0.000010 0.000010 0.000010 0.000010 0.000010
0.000010 0.251729 0.000010 0.146309 0.000010 0.000010 0.419267 0.182635 0.000010 0.000010
0.000010 0.000010 0.000010 0.000010 0.000010 0.000010 0.999910 0.000010 0.000010 0.000010
0.080474 0.861895 0.000010 0.000010 0.000010 0.000010 0.000010 0.000010 0.000010 0.057561
0.271176 0.000010 0.000010 0.000010 0.000010 0.020112 0.618950 0.000010 0.000010 0.089702
0.000010 0.999910 0.000010 0.000010 0.000010 0.000010 0.000010 0.000010 0.000010 0.000010
0.034561 0.000010 0.317243 0.000010 0.455522 0.179163 0.000010 0.000010 0.000010 0.013461
0.000010 0.891123 0.000010 0.000010 0.000010 0.000010 0.000010 0.108797 0.000010 0.000010
0.454532 0.000010 0.000010 0.149510 0.000010 0.000010 0.389634 0.000010 0.000010 0.006264
0.000010 0.467460 0.000010 0.048747 0.000010 0.000010 0.089373 0.141666 0.000010 0.252705
0.393991 0.000010 0.000010 0.000010 0.000010 0.000010 0.523203 0.000010 0.000010 0.082736
0.012210 0.386668 0.000010 0.014900 0.000010 0.000010 0.330970 0.200728 0.000010 0.054484
0.349682 0.000010 0.000010 0.000010 0.000010 0.000010 0.588277 0.000010 0.000010 0.061971
0.000010 0.650842 0.000010 0.000010 0.000010 0.000010 0.336806 0.012282 0.000010 0.000010
0.000010 0.000010 0.940830 0.000010 0.000010 0.059090 0.000010 0.000010 0.000010 0.000010
0.565214 0.000010 0.000010 0.000010 0.000010 0.000010 0.264053 0.170663 0.000010 0.000010
0.366724 0.274641 0.000010 0.117287 0.000010 0.000010 0.099189 0.113292 0.000010 0.028828
0.280608 0.265047 0.000010 0.025983 0.000010 0.000010 0.097975 0.000010 0.234090 0.096258
0.420031 0.000010 0.000010 0.156260 0.000010 0.000010 0.304049 0.119600 0.000010 0.000010
0.000010 0.000010 0.999910 0.000010 0.000010 0.000010 0.000010 0.000010 0.000010 0.000010
0.000010 0.858296 0.000010 0.141624 0.000010 0.000010 0.000010 0.000010 0.000010 0.000010
0.000010 0.000010 0.000010 0.000010 0.000010 0.000010 0.000010 0.000010 0.000010 0.999910
0.000010 0.000010 0.000010 0.000010 0.000010 0.000010 0.000010 0.000010 0.000010 0.999910
0.000010 0.000010 0.357517 0.000010 0.642403 0.000010 0.000010 0.000010 0.000010 0.000010
0.000010 0.000010 0.000010 0.000010 0.854473 0.145447 0.000010 0.000010 0.000010 0.000010
0.000010 0.560656 0.000010 0.000010 0.439264 0.000010 0.000010 0.000010 0.000010 0.000010
0.171849 0.000010 0.000010 0.172172 0.000010 0.000010 0.534812 0.061956 0.000010 0.059161
0.000010 0.000010 0.279591 0.000010 0.178535 0.541803 0.000010 0.000010 0.000010 0.000010
0.000010 0.779635 0.000010 0.000010 0.000010 0.000010 0.102324 0.000010 0.000010 0.117970
0.125030 0.278731 0.000010 0.375943 0.000010 0.000010 0.000010 0.220236 0.000010 0.000010
0.000010 0.000010 0.022932 0.117301 0.000010 0.039848 0.526091 0.000010 0.000010 0.293778
0.000010 0.000010 0.000010 0.000010 0.000010 0.000010 0.999910 0.000010 0.000010 0.000010
0.057122 0.000010 0.000010 0.063012 0.000010 0.000010 0.547663 0.274056 0.000010 0.058097
0.000010 0.422532 0.000010 0.000010 0.000010 0.000010 0.343190 0.000010 0.000010 0.234208
0.000010 0.000010 0.000010 0.000010 0.999910 0.000010 0.000010 0.000010 0.000010 0.000010
0.000010 0.113493 0.000010 0.000010 0.000010 0.000010 0.647899 0.238539 0.000010 0.000010
0.078312 0.000010 0.000010 0.000010 0.000010 0.000010 0.921608 0.000010 0.000010 0.000010
0.020994 0.000010 0.000010 0.000010 0.618126 0.360810 0.000010 0.000010 0.000010 0.000010
0.299834 0.000010 0.000010 0.116829 0.000010 0.000010 0.443203 0.140074 0.000010 0.000010
0.236396 0.353832 0.000010 0.173856 0.000010 0.000010 0.103932 0.054917 0.000010 0.077026
0.346153 0.382857 0.000010 0.047836 0.000010 0.000010 0.083131 0.139972 0.000010 0.000010
0.000010 0.000010 0.549363 0.000010 0.230917 0.219649 0.000010 0.000010 0.000010 0.000010
0.000010 0.000010 0.000010 0.050727 0.158898 0.790305 0.000010 0.000010 0.000010 0.000010
0.193814 0.000010 0.000010 0.000010 0.000010 0.000010 0.502834 0.294080 0.000010 0.009212
0.000010 0.000010 0.348288 0.000010 0.452719 0.198923 0.000010 0.000010 0.000010 0.000010
0.000010 0.000010 0.000010 0.000010 0.000010 0.999910 0.000010 0.000010 0.000010 0.000010
0.000010 0.000010 0.000010 0.000010 0.000010 0.000010 0.000010 0.999910 0.000010 0.000010
0.000010 0.000010 0.000010 0.000010 0.000010 0.000010 0.000010 0.999910 0.000010 0.000010
0.000010 0.000010 0.000010 0.000010 0.000010 0.999910 0.000010 0.000010 0.000010 0.000010
0.000010 0.000010 0.606872 0.000010 0.393048 0.000010 0.000010 0.000010 0.000010 0.000010
0.000010 0.000010 0.185130 0.000010 0.383141 0.232289 0.000010 0.000010 0.199380 0.000010
0.000010 0.084441 0.572116 0.000010 0.163541 0.179842 0.000010 0.000010 0.000010 0.000010
0.000010 0.279479 0.000010 0.153637 0.000010 0.000010 0.417402 0.149422 0.000010 0.000010
0.000010 0.000010 0.000010 0.000010 0.558965 0.440955 0.000010 0.000010 0.000010 0.000010
0.000010 0.439948 0.000010 0.038429 0.086304 0.000010 0.432536 0.000010 0.000010 0.002733
0.084830 0.589788 0.000010 0.325312 0.000010 0.000010 0.000010 0.000010 0.000010 0.000010
0.000010 0.000010 0.000010 0.000010 0.000010 0.000010 0.756086 0.097668 0.000010 0.146176
0.000010 0.000010 0.000010 0.000010 0.753423 0.246497 0.000010 0.000010 0.000010 0.000010
0.000010 0.000010 0.000010 0.000010 0.000010 0.000010 0.999910 0.000010 0.000010 0.000010
0.000010 0.000010 0.821125 0.000010 0.000010 0.178795 0.000010 0.000010 0.000010 0.000010
0.368261 0.000010 0.000010 0.112053 0.000010 0.000010 0.246465 0.273161 0.000010 0.000010
0.000010 0.961587 0.000010 0.038333 0.000010 0.000010 0.000010 0.000010 0.000010 0.000010
0.157295 0.312952 0.000010 0.047987 0.000010 0.000010 0.265571 0.216145 0.000010 0.000010
0.000010 0.000010 0.000010 0.000010 0.000010 0.000010 0.813529 0.186391 0.000010 0.000010
0.496863 0.238921 0.000010 0.019161 0.003413 0.000010 0.112858 0.128745 0.000010 0.000010
0.000010 0.000010 0.758688 0.000010 0.215923 0.025319 0.000010 0.000010 0.000010 0.000010
0.000010 0.000010 0.000010 0.000010 0.000010 0.999910 0.000010 0.000010 0.000010 0.000010
0.000010 0.000010 0.000010 0.000010 0.000010 0.000010 0.000010 0.000010 0.000010 0.999910
0.000010 0.533975 0.000010 0.000010 0.000010 0.000010 0.305781 0.000010 0.000010 0.160174
0.091299 0.000010 0.476988 0.000010 0.000010 0.431643 0.000010 0.000010 0.000010 0.000010
0.000010 0.881112 0.000010 0.000010 0.000010 0.000010 0.000010 0.007645 0.000010 0.111172
0.000010 0.415137 0.000010 0.026345 0.000010 0.000010 0.347735 0.179968 0.000010 0.030765
0.000010 0.000010 0.303198 0.000010 0.328453 0.343307 0.000010 0.000010 0.000010 0.024982
0.429817 0.137159 0.000010 0.019490 0.000010 0.000010 0.317639 0.000010 0.000010 0.095845
0.057041 0.004657 0.246515 0.000010 0.496841 0.191586 0.000010 0.000010 0.000010 0.003320
