0.000010 0.000010 0.000010 0.000010 0.000010 0.591528 0.000010 0.347175 0.061236
0.000010 0.999920 0.000010 0.000010 0.000010 0.000010 0.000010 0.000010 0.000010
0.000010 0.000010 0.168042 0.000010 0.609520 0.000010 0.000010 0.222378 0.000010
0.000010 0.000010 0.000010 0.000010 0.999920 0.000010 0.000010 0.000010 0.000010
0.000010 0.000010 0.000010 0.000010 0.000010 0.864453 0.000010 0.000010 0.135477
0.000010 0.000010 0.000010 0.000010 0.255582 0.000010 0.000010 0.651715 0.092643
0.000010 0.000010 0.205646 0.000010 0.351882 0.442411 0.000010 0.000010 0.000010
0.000010 0.000010 0.000010 0.000010 0.321475 0.000010 0.000010 0.553497 0.124968
0.000010 0.000010 0.000780 0.000010 0.459007 0.075030 0.000010 0.376983 0.088161
0.999920 0.000010 0.000010 0.000010 0.000010 0.000010 0.000010 0.000010 0.000010
0.999920 0.000010 0.000010 0.000010 0.000010 0.000010 0.000010 0.000010 0.000010
0.000010 0.000010 0.000010 0.000010 0.046874 0.682096 0.000010 0.242691 0.028289
0.813149 0.186781 0.000010 0.000010 0.000010 0.000010 0.000010 0.000010 0.000010
0.000010 0.000010 0.137266 0.000010 0.438271 0.339620 0.000010 0.084794 0.000010
0.000010 0.000010 0.000010 0.000010 0.000010 0.999920 0.000010 0.000010 0.000010
0.000010 0.028851 0.000010 0.000010 0.517310 0.000010 0.000010 0.393605 0.060184
0.000010 0.000010 0.000010 0.054357 0.000010 0.945573 0.000010 0.000010 0.000010
0.000010 0.000010 0.000010 0.000010 0.657546 0.342384 0.000010 0.000010 0.000010
0.999920 0.000010 0.000010 0.000010 0.000010 0.000010 0.000010 0.000010 0.000010
0.580340 0.385203 0.000010 0.000010 0.000010 0.000010 0.000010 0.000010 0.034398
0.999920 0.000010 0.000010 0.000010 0.000010 0.000010 0.000010 0.000010 0.000010
0.000010 0.000010 0.999920 0.000010 0.000010 0.000010 0.000010 0.000010 0.000010
0.000010 0.000010 0.999920 0.000010 0.000010 0.000010 0.000010 0.000010 0.000010
0.000010 0.000010 0.999920 0.000010 0.000010 0.000010 0.000010 0.000010 0.000010
0.000010 0.000010 0.999920 0.000010 0.000010 0.000010 0.000010 0.000010 0.000010
0.000010 0.024643 0.009061 0.000010 0.336114 0.283942 0.000010 0.346201 0.000010
0.000010 0.000010 0.314341 0.000010 0.099755 0.585844 0.000010 0.000010 0.000010
0.000010 0.000010 0.219458 0.000010 0.200408 0.023302 0.000010 0.411767 0.145024
0.000010 0.636031 0.000010 0.000010 0.000010 0.000010 0.363899 0.000010 0.000010
0.000010 0.000010 0.000010 0.000010 0.000010 0.000010 0.000010 0.999920 0.000010
0.000010 0.999920 0.000010 0.000010 0.000010 0.000010 0.000010 0.000010 0.000010
0.067560 0.000010 0.000010 0.000010 0.705209 0.120421 0.000010 0.000010 0.106760
0.566685 0.433245 0.000010 0.000010 0.000010 0.000010 0.000010 0.000010 0.000010
0.000010 0.000010 0.083652 0.000010 0.315724 0.343961 0.000010 0.203252 0.053370
0.000010 0.000010 0.000010 0.999920 0.000010 0.000010 0.000010 0.000010 0.000010
0.000010 0.999920 0.000010 0.000010 0.000010 0.000010 0.000010 0.000010 0.000010
0.376275 0.346617 0.000010 0.000010 0.000010 0.000010 0.277048 0.000010 0.000010
0.000010 0.000010 0.222238 0.000010 0.256844 0.253670 0.000010 0.267199 0.000010
0.000010 0.000010 0.000010 0.000010 0.999920 0.000010 0.000010 0.000010 0.000010
0.000010 0.000010 0.000010 0.000010 0.210498 0.141273 0.000010 0.563982 0.084196
0.000010 0.000010 0.000010 0.000010 0.377011 0.559595 0.000010 0.000010 0.063334
0.000010 0.000010 0.064816 0.000010 0.208812 0.000010 0.000010 0.726312 0.000010
0.488382 0.473164 0.000010 0.000010 0.000010 0.000010 0.000010 0.000010 0.038394
0.000010 0.000010 0.092048 0.000010 0.000010 0.354217 0.000010 0.553676 0.000010
0.000010 0.014684 0.011680 0.000010 0.430675 0.083661 0.000010 0.322893 0.136376
0.000010 0.000010 0.060313 0.000010 0.097120 0.000010 0.000010 0.562972 0.279545
0.000010 0.000010 0.026732 0.000010 0.206703 0.421880 0.000010 0.158943 0.185702
0.000010 0.000010 0.015680 0.000010 0.189412 0.466399 0.000010 0.264391 0.064079
0.000010 0.000010 0.000010 0.000010 0.000010 0.999920 0.000010 0.000010 0.000010
0.000010 0.000010 0.000010 0.000010 0.300189 0.058666 0.000010 0.641084 0.000010
0.000010 0.999920 0.000010 0.000010 0.000010 0.000010 0.000010 0.000010 0.000010
0.000010 0.000010 0.000010 0.000010 0.000010 0.805433 0.000010 0.194497 0.000010
0.000010 0.000010 0.091138 0.000010 0.296123 0.612679 0.000010 0.000010 0.000010
0.000010 0.000010 0.091435 0.259182 0.007627 0.456083 0.000010 0.017861 0.167782
0.000010 0.000010 0.211166 0.000010 0.000010 0.505009 0.000010 0.283765 0.000010
0.000010 0.999920 0.000010 0.000010 0.000010 0.000010 0.000010 0.000010 0.000010
0.000010 0.020068 0.156771 0.000010 0.042477 0.237869 0.000010 0.542775 0.000010
0.000010 0.000010 0.000010 0.000010 0.000010 0.000010 0.000010 0.000010 0.999920
0.000010 0.000010 0.000010 0.000010 0.000010 0.000010 0.000010 0.000010 0.999920
0.000010 0.406640 0.000010 0.000010 0.000010 0.000010 0.593290 0.000010 0.000010
0.999920 0.000010 0.000010 0.000010 0.000010 0.000010 0.000010 0.000010 0.000010
0.307661 0.159776 0.000010 0.000010 0.000010 0.532503 0.000010 0.000010 0.000010
0.000010 0.000010 0.177533 0.000010 0.476856 0.241817 0.000010 0.000010 0.103744
0.253757 0.597526 0.000010 0.000010 0.000010 0.000010 0.148657 0.000010 0.000010
0.000010 0.000010 0.000010 0.000010 0.308476 0.412287 0.000010 0.196894 0.082293
0.000010 0.000010 0.271501 0.000010 0.000010 0.000010 0.000010 0.728429 0.000010
0.000010 0.090324 0.002662 0.000010 0.655932 0.067220 0.000010 0.000010 0.183822
0.064843 0.000010 0.000010 0.000010 0.935087 0.000010 0.000010 0.000010 0.000010
0.000010 0.000010 0.000010 0.000010 0.619074 0.000010 0.000010 0.380856 0.000010
0.000010 0.000010 0.000010 0.000010 0.357948 0.187996 0.000010 0.208249 0.245758
0.581830 0.316639 0.000010 0.000010 0.000010 0.000010 0.101471 0.000010 0.000010
0.000010 0.000010 0.000010 0.000010 0.310797 0.000010 0.000010 0.525971 0.163172
0.000010 0.000010 0.000010 0.000010 0.845079 0.154851 0.000010 0.000010 0.000010
0.707947 0.270098 0.000010 0.000010 0.000010 0.000010 0.000010 0.000010 0.021895
0.000010 0.000010 0.074867 0.000010 0.177524 0.236713 0.000010 0.473178 0.037678
0.000010 0.000010 0.139473 0.000010 0.111790 0.000010 0.000010 0.539356 0.209330
0.000010 0.000010 0.061892 0.000010 0.191790 0.546419 0.000010 0.199849 0.000010
0.345811 0.654119 0.000010 0.000010 0.000010 0.000010 0.000010 0.000010 0.000010
0.473444 0.526486 0.000010 0.000010 0.000010 0.000010 0.000010 0.000010 0.000010
0.000010 0.000010 0.000010 0.000010 0.317152 0.682778 0.000010 0.000010 0.000010
0.499719 0.399204 0.000010 0.000010 0.000010 0.000010 0.101017 0.000010 0.000010
0.000010 0.000010 0.000010 0.000010 0.000010 0.000010 0.999920 0.000010 0.000010
0.000010 0.000010 0.000010 0.000010 0.000010 0.000010 0.000010 0.999920 0.000010
0.000010 0.000010 0.000010 0.000010 0.000010 0.000010 0.000010 0.999920 0.000010
0.000010 0.000010 0.000010 0.000010 0.000010 0.000010 0.999920 0.000010 0.000010
0.000010 0.999920 0.000010 0.000010 0.000010 0.000010 0.000010 0.000010 0.000010
0.000010 0.000010 0.000010 0.000010 0.000010 0.000010 0.999920 0.000010 0.000010
0.000010 0.606169 0.000010 0.000010 0.000010 0.037058 0.308779 0.047945 0.000010
0.000010 0.000010 0.153517 0.000010 0.472400 0.000010 0.000010 0.374023 0.000010
0.647968 0.351962 0.000010 0.000010 0.000010 0.000010 0.000010 0.000010 0.000010
0.090170 0.000010 0.057953 0.000010 0.383629 0.000010 0.000010 0.339143 0.129064
0.000010 0.000010 0.339296 0.000010 0.101350 0.052303 0.000010 0.477365 0.029646
0.000010 0.000010 0.000010 0.000010 0.560229 0.008460 0.000010 0.242210 0.189051
0.713426 0.276423 0.000010 0.000010 0.000010 0.000010 0.000010 0.000010 0.010091
0.000010 0.000010 0.000010 0.000010 0.999920 0.000010 0.000010 0.000010 0.000010
0.000010 0.999920 0.000010 0.000010 0.000010 0.000010 0.000010 0.000010 0.000010
0.000010 0.000010 0.100426 0.000010 0.000010 0.557084 0.000010 0.300725 0.041716
0.000010 0.000010 0.075516 0.000010 0.000010 0.601375 0.000010 0.323049 0.000010
0.000010 0.000010 0.067104 0.000010 0.272090 0.000010 0.000010 0.660746 0.000010
0.000010 0.000010 0.000010 0.000010 0.352439 0.320091 0.000010 0.277872 0.049548
0.000010 0.000010 0.000010 0.000010 0.000010 0.999920 0.000010 0.000010 0.000010
0.000010 0.965226 0.000010 0.000010 0.000010 0.000010 0.034704 0.000010 0.000010
0.999920 0.000010 0.000010 0.000010 0.000010 0.000010 0.000010 0.000010 0.000010
0.000010 0.000010 0.000010 0.000010 0.000010 0.000010 0.000010 0.000010 0.999920
0.000010 0.000010 0.000010 0.000010 0.173188 0.515641 0.000010 0.213144 0.097976
0.000010 0.752844 0.000010 0.000010 0.000010 0.000010 0.160921 0.086176 0.000010
0.004334 0.000010 0.000010 0.000010 0.302833 0.000010 0.000010 0.544773 0.148010
0.000010 0.000010 0.000010 0.000010 0.368079 0.000010 0.000010 0.602357 0.029504
0.143786 0.604045 0.000010 0.000010 0.000010 0.000010 0.219133 0.000010 0.032985
0.000010 0.000010 0.000010 0.000010 0.530888 0.000010 0.000010 0.332804 0.136249
0.000010 0.999920 0.000010 0.000010 0.000010 0.000010 0.000010 0.000010 0.000010
