0.000010 0.000010 0.999940 0.000010 0.000010 0.000010 0.000010
0.000010 0.000010 0.000010 0.000010 0.000010 0.000010 0.999940
0.368797 0.152240 0.036803 0.442130 0.000010 0.000010 0.000010
0.925546 0.074404 0.000010 0.000010 0.000010 0.000010 0.000010
0.000010 0.000010 0.239516 0.612656 0.147788 0.000010 0.000010
0.000010 0.000010 0.422221 0.543017 0.034722 0.000010 0.000010
0.381702 0.187745 0.430513 0.000010 0.000010 0.000010 0.000010
0.000010 0.000010 0.586446 0.241356 0.172158 0.000010 0.000010
0.226119 0.055096 0.246726 0.472030 0.000010 0.000010 0.000010
0.000010 0.000010 0.000010 0.000010 0.000010 0.000010 0.999940
0.000010 0.000010 0.000010 0.000010 0.000010 0.000010 0.999940
0.000010 0.000010 0.441414 0.494912 0.063634 0.000010 0.000010
0.000010 0.029558 0.000010 0.000010 0.017766 0.000010 0.952635
0.048554 0.106833 0.105989 0.738594 0.000010 0.000010 0.000010
0.070105 0.000010 0.000010 0.000010 0.929845 0.000010 0.000010
0.347520 0.000010 0.184447 0.467993 0.000010 0.000010 0.000010
0.025437 0.000010 0.000010 0.000010 0.974513 0.000010 0.000010
0.999940 0.000010 0.000010 0.000010 0.000010 0.000010 0.000010
0.059952 0.000010 0.000010 0.000010 0.020549 0.000010 0.919458
0.000010 0.037128 0.000010 0.000010 0.000010 0.000010 0.962822
0.000010 0.000010 0.000010 0.000010 0.000010 0.000010 0.999940
0.000010 0.999940 0.000010 0.000010 0.000010 0.000010 0.000010
0.000010 0.999940 0.000010 0.000010 0.000010 0.000010 0.000010
0.000010 0.999940 0.000010 0.000010 0.000010 0.000010 0.000010
0.000010 0.999940 0.000010 0.000010 0.000010 0.000010 0.000010
0.000010 0.139438 0.745048 0.115474 0.000010 0.000010 0.000010
0.000010 0.261660 0.000010 0.613134 0.125167 0.000010 0.000010
0.000010 0.198887 0.381066 0.383520 0.036496 0.000010 0.000010
0.000010 0.000010 0.000010 0.000010 0.000010 0.000010 0.999940
0.000010 0.000010 0.999940 0.000010 0.000010 0.000010 0.000010
0.000010 0.039558 0.000010 0.000010 0.000010 0.000010 0.960392
0.000010 0.000010 0.000010 0.961033 0.038917 0.000010 0.000010
0.000010 0.000010 0.000010 0.000010 0.000010 0.000010 0.999940
0.000010 0.000010 0.000010 0.999940 0.000010 0.000010 0.000010
0.000010 0.000010 0.000010 0.000010 0.000010 0.999940 0.000010
0.000010 0.000010 0.000010 0.000010 0.000010 0.000010 0.999940
0.000010 0.000010 0.000010 0.000010 0.000010 0.000010 0.999940
0.468711 0.130518 0.223510 0.177231 0.000010 0.000010 0.000010
0.999936 0.000010 0.000010 0.000010 0.000014 0.000010 0.000010
0.275684 0.000010 0.203976 0.520299 0.000010 0.000010 0.000010
0.674111 0.000010 0.236907 0.000010 0.088942 0.000010 0.000010
0.000010 0.000010 0.000010 0.999940 0.000010 0.000010 0.000010
0.000010 0.000010 0.000010 0.000010 0.088733 0.000010 0.911217
0.000010 0.049686 0.000010 0.950264 0.000010 0.000010 0.000010
0.523273 0.108237 0.282836 0.000010 0.085624 0.000010 0.000010
0.000010 0.084622 0.241264 0.427147 0.246937 0.000010 0.000010
0.474296 0.000010 0.329869 0.000010 0.195795 0.000010 0.000010
0.473343 0.018070 0.145618 0.334486 0.028463 0.000010 0.000010
0.422808 0.000010 0.498727 0.000010 0.078425 0.000010 0.000010
0.000010 0.000010 0.000010 0.999940 0.000010 0.000010 0.000010
0.000010 0.000010 0.000010 0.000010 0.000010 0.000010 0.999940
0.000010 0.000010 0.999940 0.000010 0.000010 0.000010 0.000010
0.243776 0.110123 0.646061 0.000010 0.000010 0.000010 0.000010
0.000010 0.040540 0.065859 0.395009 0.257465 0.241107 0.000010
0.000010 0.195742 0.804208 0.000010 0.000010 0.000010 0.000010
0.000010 0.007677 0.000010 0.000010 0.000010 0.000010 0.992273
0.000010 0.131732 0.000010 0.868218 0.000010 0.000010 0.000010
0.000010 0.000010 0.000010 0.000010 0.999940 0.000010 0.000010
0.000010 0.000010 0.000010 0.000010 0.999940 0.000010 0.000010
0.000010 0.000010 0.000010 0.000010 0.000010 0.000010 0.999940
0.000010 0.000010 0.000010 0.000010 0.024123 0.000010 0.975827
0.000010 0.000010 0.000010 0.583813 0.000010 0.000010 0.416137
0.491044 0.187932 0.234820 0.000010 0.086174 0.000010 0.000010
0.000010 0.000010 0.000010 0.000010 0.000010 0.000010 0.999940
0.000010 0.000010 0.000010 0.906207 0.093743 0.000010 0.000010
0.000010 0.367772 0.632178 0.000010 0.000010 0.000010 0.000010
0.625977 0.157306 0.000010 0.000010 0.202847 0.000010 0.013841
0.999940 0.000010 0.000010 0.000010 0.000010 0.000010 0.000010
0.646047 0.012784 0.341129 0.000010 0.000010 0.000010 0.000010
0.402855 0.018309 0.000010 0.462129 0.116678 0.000010 0.000010
0.000010 0.000013 0.000010 0.000020 0.000019 0.000010 0.999918
0.663740 0.000010 0.336210 0.000010 0.000010 0.000010 0.000010
0.999940 0.000010 0.000010 0.000010 0.000010 0.000010 0.000010
0.000010 0.000010 0.028352 0.000010 0.000010 0.000010 0.971598
0.233954 0.092477 0.613749 0.000010 0.059790 0.000010 0.000010
0.001108 0.240501 0.263447 0.325350 0.169574 0.000010 0.000010
0.000010 0.047069 0.419322 0.392660 0.140919 0.000010 0.000010
0.000010 0.000010 0.000010 0.000012 0.000010 0.000010 0.999938
0.000010 0.000010 0.000010 0.059641 0.000010 0.000010 0.940309
0.389752 0.000010 0.610198 0.000010 0.000010 0.000010 0.000010
0.000010 0.000010 0.000017 0.000010 0.000010 0.000010 0.999933
0.000010 0.000010 0.000010 0.000010 0.000015 0.000010 0.999935
0.000010 0.000010 0.999940 0.000010 0.000010 0.000010 0.000010
0.000010 0.000010 0.999940 0.000010 0.000010 0.000010 0.000010
0.000010 0.000010 0.000010 0.000010 0.000010 0.000010 0.999940
0.000010 0.000010 0.000010 0.000010 0.000010 0.000010 0.999940
0.000010 0.000010 0.000010 0.000010 0.000010 0.195711 0.804239
0.000010 0.000010 0.000010 0.100851 0.021102 0.000010 0.878006
0.317206 0.147559 0.335906 0.199300 0.000010 0.000010 0.000010
0.000010 0.000010 0.000010 0.000010 0.000010 0.000010 0.999940
0.368941 0.066229 0.000010 0.519319 0.000010 0.000010 0.045480
0.000010 0.323104 0.000010 0.585335 0.091521 0.000010 0.000010
0.867150 0.000010 0.000010 0.000010 0.132800 0.000010 0.000010
0.000010 0.000010 0.000010 0.000010 0.000010 0.000010 0.999940
0.999936 0.000010 0.000010 0.000010 0.000013 0.000010 0.000010
0.000010 0.000010 0.000010 0.000010 0.000010 0.000010 0.999940
0.000010 0.145060 0.854890 0.000010 0.000010 0.000010 0.000010
0.000010 0.074847 0.000010 0.925103 0.000010 0.000010 0.000010
0.356196 0.058499 0.585266 0.000010 0.000010 0.000010 0.000010
0.610892 0.000010 0.389058 0.000010 0.000010 0.000010 0.000010
0.000010 0.040884 0.848613 0.000010 0.110463 0.000010 0.000010
0.000010 0.000010 0.000010 0.000010 0.019947 0.000010 0.980003
0.000010 0.000010 0.000010 0.000010 0.000010 0.000010 0.999940
0.000010 0.000010 0.000010 0.000010 0.999940 0.000010 0.000010
0.252387 0.000010 0.000010 0.679198 0.068375 0.000010 0.000010
0.000010 0.000010 0.000010 0.129184 0.000010 0.000010 0.870766
0.000010 0.051733 0.000010 0.866190 0.082038 0.000010 0.000010
0.354811 0.032973 0.159983 0.452203 0.000010 0.000010 0.000010
0.000010 0.000010 0.000010 0.000010 0.043243 0.000010 0.956707
0.159687 0.000010 0.336447 0.174354 0.329482 0.000010 0.000010
0.000012 0.000010 0.000010 0.000010 0.065606 0.000010 0.934342
