0.000010 0.000010 0.738982 0.124770 0.000010 0.090233 0.031151 0.014815 0.000010 0.000010
0.000010 0.044234 0.524580 0.213822 0.091086 0.000010 0.000010 0.000010 0.000010 0.126228
0.000010 0.000010 0.903926 0.000010 0.000010 0.001528 0.000010 0.094476 0.000010 0.000010
0.000010 0.000010 0.999910 0.000010 0.000010 0.000010 0.000010 0.000010 0.000010 0.000010
0.000010 0.000010 0.469185 0.440183 0.000010 0.000010 0.007376 0.000010 0.000010 0.083197
0.000010 0.000010 0.915961 0.000010 0.000010 0.000010 0.000010 0.000010 0.000010 0.083959
0.000010 0.000010 0.850945 0.000010 0.000010 0.000010 0.000010 0.000010 0.000010 0.148975
0.000010 0.092890 0.495516 0.277258 0.044910 0.000010 0.000010 0.033190 0.000010 0.056195
0.000010 0.000010 0.820095 0.000010 0.000010 0.000010 0.000010 0.000010 0.147840 0.031995
0.000010 0.999910 0.000010 0.000010 0.000010 0.000010 0.000010 0.000010 0.000010 0.000010
0.000010 0.999910 0.000010 0.000010 0.000010 0.000010 0.000010 0.000010 0.000010 0.000010
0.000010 0.040766 0.833226 0.000010 0.105091 0.000010 0.000010 0.000010 0.020857 0.000010
0.000010 0.000010 0.882910 0.000010 0.000010 0.088940 0.000010 0.028080 0.000010 0.000010
0.000010 0.000010 0.521324 0.448604 0.030002 0.000010 0.000010 0.000010 0.000010 0.000010
0.000010 0.000010 0.933198 0.039382 0.000010 0.000010 0.000010 0.027350 0.000010 0.000010
0.000010 0.000010 0.780125 0.072891 0.058664 0.000010 0.000010 0.000010 0.000010 0.088260
0.000010 0.000010 0.855502 0.144418 0.000010 0.000010 0.000010 0.000010 0.000010 0.000010
0.000010 0.000010 0.844724 0.000010 0.000010 0.000010 0.000010 0.155196 0.000010 0.000010
0.000010 0.023508 0.734180 0.084493 0.044510 0.000010 0.000010 0.000010 0.083104 0.030165
0.024646 0.000010 0.855685 0.119599 0.000010 0.000010 0.000010 0.000010 0.000010 0.000010
0.003999 0.000010 0.812145 0.179745 0.000010 0.000010 0.000010 0.000010 0.000010 0.004050
0.015376 0.000010 0.664856 0.280499 0.039210 0.000010 0.000010 0.000010 0.000010 0.000010
0.000010 0.095485 0.604305 0.300140 0.000010 0.000010 0.000010 0.000010 0.000010 0.000010
0.000010 0.000010 0.597189 0.282985 0.014651 0.000010 0.008722 0.000010 0.000010 0.096403
0.000010 0.000010 0.989412 0.000010 0.000010 0.000010 0.000010 0.000010 0.010508 0.000010
0.000010 0.000010 0.880670 0.066438 0.000010 0.000010 0.000010 0.000010 0.000010 0.052822
0.000010 0.028993 0.791591 0.000010 0.091486 0.000010 0.000010 0.000010 0.087870 0.000010
0.000010 0.000010 0.000010 0.067034 0.165789 0.000010 0.000010 0.466835 0.000010 0.300282
0.000010 0.000010 0.113739 0.886181 0.000010 0.000010 0.000010 0.000010 0.000010 0.000010
0.000010 0.000010 0.349836 0.602351 0.000010 0.000010 0.000010 0.035301 0.000010 0.012452
0.000010 0.000010 0.000010 0.000010 0.000010 0.000010 0.000010 0.000010 0.999910 0.000010
0.000010 0.000010 0.000010 0.999910 0.000010 0.000010 0.000010 0.000010 0.000010 0.000010
0.000010 0.000010 0.000010 0.999910 0.000010 0.000010 0.000010 0.000010 0.000010 0.000010
0.000010 0.000010 0.000010 0.370758 0.000010 0.000010 0.000010 0.000010 0.629162 0.000010
0.000010 0.000010 0.000010 0.000010 0.000010 0.000010 0.000010 0.000010 0.999910 0.000010
0.000010 0.000010 0.000010 0.000010 0.000010 0.000010 0.000010 0.000010 0.999910 0.000010
0.000010 0.000010 0.000010 0.999910 0.000010 0.000010 0.000010 0.000010 0.000010 0.000010
0.000010 0.000010 0.000010 0.000010 0.000010 0.000010 0.000010 0.000010 0.999910 0.000010
0.000010 0.000010 0.411610 0.484975 0.000010 0.000010 0.000010 0.000010 0.000010 0.103345
0.000010 0.000010 0.000010 0.982079 0.000010 0.000010 0.000010 0.017841 0.000010 0.000010
0.000010 0.000010 0.190287 0.809633 0.000010 0.000010 0.000010 0.000010 0.000010 0.000010
0.000010 0.000010 0.000010 0.999910 0.000010 0.000010 0.000010 0.000010 0.000010 0.000010
0.000010 0.000010 0.000010 0.999910 0.000010 0.000010 0.000010 0.000010 0.000010 0.000010
0.000010 0.000010 0.000010 0.999910 0.000010 0.000010 0.000010 0.000010 0.000010 0.000010
0.999910 0.000010 0.000010 0.000010 0.000010 0.000010 0.000010 0.000010 0.000010 0.000010
0.005682 0.000010 0.077537 0.769869 0.000010 0.000010 0.000010 0.146852 0.000010 0.000010
0.000010 0.000010 0.000010 0.957251 0.042669 0.000010 0.000010 0.000010 0.000010 0.000010
0.000010 0.108436 0.000010 0.672279 0.112514 0.000010 0.000010 0.106711 0.000010 0.000010
0.000010 0.000010 0.000010 0.869252 0.000010 0.000010 0.000010 0.000010 0.130668 0.000010
0.999910 0.000010 0.000010 0.000010 0.000010 0.000010 0.000010 0.000010 0.000010 0.000010
0.000010 0.158284 0.000010 0.736877 0.049440 0.000010 0.000010 0.055339 0.000010 0.000010
0.000010 0.000010 0.000010 0.685993 0.209380 0.000010 0.000010 0.000010 0.000010 0.104558
0.999910 0.000010 0.000010 0.000010 0.000010 0.000010 0.000010 0.000010 0.000010 0.000010
0.000010 0.000010 0.000010 0.999910 0.000010 0.000010 0.000010 0.000010 0.000010 0.000010
0.999910 0.000010 0.000010 0.000010 0.000010 0.000010 0.000010 0.000010 0.000010 0.000010
0.999910 0.000010 0.000010 0.000010 0.000010 0.000010 0.000010 0.000010 0.000010 0.000010
0.000010 0.000010 0.315770 0.576880 0.107280 0.000010 0.000010 0.000010 0.000010 0.000010
0.999910 0.000010 0.000010 0.000010 0.000010 0.000010 0.000010 0.000010 0.000010 0.000010
0.000010 0.999910 0.000010 0.000010 0.000010 0.000010 0.000010 0.000010 0.000010 0.000010
0.999910 0.000010 0.000010 0.000010 0.000010 0.000010 0.000010 0.000010 0.000010 0.000010
0.000010 0.999910 0.000010 0.000010 0.000010 0.000010 0.000010 0.000010 0.000010 0.000010
0.000010 0.134471 0.000010 0.685322 0.000010 0.000010 0.000010 0.000010 0.000010 0.180138
0.000010 0.000010 0.206694 0.793226 0.000010 0.000010 0.000010 0.000010 0.000010 0.000010
0.000010 0.000010 0.211166 0.667110 0.000010 0.066395 0.000010 0.000010 0.000010 0.055269
0.000010 0.000010 0.000010 0.852354 0.147566 0.000010 0.000010 0.000010 0.000010 0.000010
0.000010 0.000010 0.000010 0.000010 0.000010 0.000010 0.000010 0.673539 0.000010 0.326381
0.000010 0.000010 0.000010 0.000010 0.000010 0.651092 0.000010 0.000010 0.000010 0.348828
0.000010 0.000010 0.000010 0.000010 0.000010 0.328212 0.000010 0.337639 0.000010 0.334079
0.000010 0.000010 0.135337 0.000010 0.006423 0.804644 0.000010 0.053537 0.000010 0.000010
0.018010 0.000010 0.000010 0.000010 0.000010 0.331321 0.000010 0.324466 0.000010 0.326142
0.000010 0.000010 0.000010 0.000010 0.000010 0.453257 0.001289 0.106674 0.000010 0.438720
0.000010 0.000010 0.000010 0.000010 0.000010 0.423589 0.000010 0.576331 0.000010 0.000010
0.000010 0.000010 0.054483 0.000010 0.000010 0.615123 0.000010 0.000010 0.000010 0.330324
0.248997 0.000010 0.000010 0.000010 0.000010 0.000010 0.750923 0.000010 0.000010 0.000010
0.000010 0.000010 0.040397 0.000010 0.053886 0.720715 0.000010 0.000010 0.000010 0.184942
0.000010 0.000010 0.000010 0.260144 0.099549 0.630767 0.009480 0.000010 0.000010 0.000010
0.000010 0.000010 0.000010 0.113670 0.000010 0.634913 0.000010 0.251347 0.000010 0.000010
0.000010 0.000010 0.000010 0.056355 0.000010 0.822502 0.000010 0.121073 0.000010 0.000010
0.000010 0.000010 0.000010 0.000010 0.068998 0.221873 0.000010 0.437827 0.000010 0.271241
0.000010 0.000010 0.000010 0.000010 0.000010 0.419494 0.000010 0.369265 0.000010 0.211171
0.000010 0.000010 0.000010 0.000010 0.000010 0.769367 0.000010 0.230553 0.000010 0.000010
0.000010 0.000010 0.896238 0.000010 0.000010 0.000010 0.000010 0.103682 0.000010 0.000010
0.000010 0.000010 0.203838 0.056637 0.000010 0.320567 0.000010 0.000010 0.000010 0.418898
0.000010 0.000010 0.000010 0.000010 0.000010 0.000010 0.999910 0.000010 0.000010 0.000010
0.000010 0.000010 0.000010 0.000010 0.000010 0.000010 0.000010 0.633989 0.000010 0.365931
0.000010 0.000010 0.000010 0.000010 0.000010 0.000010 0.000010 0.465644 0.000010 0.534276
0.000010 0.000010 0.000010 0.000010 0.000010 0.781087 0.000010 0.218833 0.000010 0.000010
0.000010 0.000010 0.000010 0.000010 0.000010 0.750449 0.000010 0.149869 0.000010 0.099613
0.000010 0.000010 0.000010 0.000010 0.073322 0.592208 0.000010 0.000010 0.000010 0.334400
0.000010 0.000010 0.000010 0.000010 0.000010 0.000010 0.999910 0.000010 0.000010 0.000010
0.000010 0.000010 0.000010 0.000010 0.000010 0.488696 0.000010 0.295545 0.000010 0.215689
0.000010 0.000010 0.000010 0.000010 0.000010 0.720074 0.000010 0.279846 0.000010 0.000010
0.000010 0.000010 0.000010 0.000010 0.000010 0.000010 0.999907 0.000010 0.000013 0.000010
0.000010 0.000010 0.000010 0.000010 0.000010 0.482698 0.000010 0.517222 0.000010 0.000010
0.000010 0.000010 0.000010 0.000010 0.000010 0.000010 0.999910 0.000010 0.000010 0.000010
0.000010 0.000010 0.000010 0.000010 0.000010 0.000010 0.999910 0.000010 0.000010 0.000010
0.134261 0.000010 0.000010 0.000010 0.000010 0.000010 0.865659 0.000010 0.000010 0.000010
0.000010 0.000010 0.000010 0.000010 0.000010 0.000010 0.000010 0.174234 0.000010 0.825686
0.000010 0.000010 0.000010 0.000010 0.118260 0.709328 0.000010 0.047441 0.000010 0.124912
0.000010 0.000010 0.000010 0.211397 0.788517 0.000016 0.000010 0.000010 0.000010 0.000010
0.000010 0.000010 0.000010 0.109814 0.692577 0.000010 0.000010 0.000010 0.000010 0.197539
0.000010 0.000010 0.182709 0.000010 0.576364 0.000010 0.000010 0.240857 0.000010 0.000010
0.000010 0.000010 0.000010 0.090908 0.896535 0.012486 0.000010 0.000010 0.000010 0.000010
0.000010 0.000010 0.000010 0.000010 0.643247 0.106016 0.000010 0.000010 0.250667 0.000010
0.000010 0.000010 0.000010 0.000010 0.999910 0.000010 0.000010 0.000010 0.000010 0.000010
0.000010 0.000010 0.000010 0.000010 0.000010 0.890826 0.000010 0.000010 0.000010 0.109094
0.000010 0.000010 0.000010 0.000010 0.000010 0.000010 0.999910 0.000010 0.000010 0.000010
0.000010 0.000010 0.000010 0.000010 0.027907 0.277757 0.000010 0.295941 0.000010 0.398336
0.000010 0.000010 0.000010 0.000010 0.000010 0.709402 0.000010 0.290518 0.000010 0.000010
0.000010 0.000010 0.000010 0.013429 0.000010 0.000010 0.000010 0.000010 0.000010 0.986491
0.000010 0.000010 0.000010 0.000010 0.000010 0.000010 0.999910 0.000010 0.000010 0.000010
0.000010 0.000010 0.000010 0.000010 0.000010 0.880763 0.000010 0.079145 0.000010 0.040021
0.000010 0.000010 0.000010 0.000010 0.000010 0.999910 0.000010 0.000010 0.000010 0.000010
0.000010 0.000010 0.000010 0.000010 0.000010 0.000010 0.000010 0.142479 0.000010 0.857441
0.000010 0.000010 0.000010 0.000010 0.000010 0.979403 0.000010 0.020517 0.000010 0.000010
0.000010 0.000010 0.098231 0.000010 0.000010 0.000010 0.000010 0.000010 0.000010 0.901689
0.000010 0.000010 0.000010 0.000010 0.000010 0.848734 0.000010 0.093960 0.000010 0.057236
0.000010 0.000010 0.000010 0.000010 0.000010 0.458119 0.000010 0.360542 0.000010 0.181269
0.000010 0.000010 0.000010 0.082796 0.000010 0.000010 0.000010 0.233285 0.000010 0.683850
0.000010 0.000010 0.000010 0.152889 0.000010 0.599935 0.000010 0.161927 0.000010 0.085189
0.080574 0.000010 0.000010 0.000010 0.000010 0.000010 0.919346 0.000010 0.000010 0.000010
0.000010 0.000010 0.000010 0.000010 0.000010 0.000010 0.000010 0.999910 0.000010 0.000010
0.000011 0.000010 0.050973 0.000010 0.000010 0.652777 0.000010 0.296179 0.000010 0.000010
0.000010 0.000010 0.000010 0.000010 0.000010 0.120762 0.000010 0.185454 0.000010 0.693714
0.000010 0.000010 0.000010 0.000010 0.000010 0.000010 0.000010 0.999910 0.000010 0.000010
0.000010 0.000010 0.000010 0.000010 0.000010 0.000010 0.000010 0.000010 0.000010 0.999910
0.000010 0.000010 0.000010 0.035332 0.000010 0.689330 0.000010 0.000010 0.000010 0.275269
0.000010 0.000010 0.000010 0.000010 0.000010 0.000010 0.000010 0.000010 0.000010 0.999910
0.000010 0.000010 0.000010 0.000010 0.000010 0.305609 0.000010 0.339936 0.000010 0.354385
0.000010 0.000010 0.000010 0.000010 0.000010 0.206637 0.000010 0.432353 0.000010 0.360940
0.000010 0.000010 0.000010 0.000010 0.000010 0.000010 0.000010 0.000010 0.000010 0.999910
0.000010 0.000010 0.000010 0.022852 0.000010 0.126889 0.000010 0.190471 0.000010 0.659728
0.000010 0.000010 0.000010 0.000010 0.000010 0.350715 0.000010 0.649205 0.000010 0.000010
0.000010 0.000010 0.000010 0.000010 0.000010 0.000010 0.000010 0.999910 0.000010 0.000010
0.000010 0.000010 0.000010 0.000010 0.000010 0.583095 0.000010 0.000010 0.000010 0.416825
0.017471 0.000010 0.000010 0.079961 0.006118 0.501363 0.000010 0.247011 0.000010 0.148036
0.000010 0.000010 0.000010 0.000010 0.000010 0.987215 0.012705 0.000010 0.000010 0.000010
0.000010 0.000010 0.000010 0.000010 0.000010 0.000010 0.000010 0.999910 0.000010 0.000010
0.000010 0.000010 0.000010 0.000010 0.000010 0.643675 0.000010 0.307292 0.048962 0.000010
0.000010 0.000010 0.000010 0.000010 0.000010 0.331905 0.000010 0.668015 0.000010 0.000010
0.000010 0.000010 0.000010 0.000010 0.047384 0.784792 0.000010 0.167754 0.000010 0.000010
0.000010 0.000010 0.000010 0.000010 0.000010 0.000010 0.999910 0.000010 0.000010 0.000010
0.000010 0.000010 0.000010 0.000010 0.000010 0.000010 0.999910 0.000010 0.000010 0.000010
0.000010 0.000010 0.000010 0.000010 0.000010 0.114792 0.000010 0.580300 0.000010 0.304837
0.000010 0.000010 0.000010 0.000010 0.000010 0.000010 0.999910 0.000010 0.000010 0.000010
0.000010 0.000010 0.000010 0.000010 0.000010 0.000010 0.000010 0.000010 0.000010 0.999910
0.000010 0.000010 0.000010 0.000010 0.000010 0.363234 0.000010 0.067104 0.000010 0.569591
0.000010 0.000010 0.000010 0.000010 0.000010 0.000010 0.999910 0.000010 0.000010 0.000010
0.000010 0.000010 0.000010 0.000010 0.000010 0.000010 0.999910 0.000010 0.000010 0.000010
0.000010 0.000010 0.000010 0.000010 0.000010 0.365094 0.000010 0.210600 0.000010 0.424236
0.000010 0.000010 0.000010 0.000010 0.000010 0.000010 0.999910 0.000010 0.000010 0.000010
0.000010 0.000010 0.000010 0.000010 0.000010 0.000010 0.999910 0.000010 0.000010 0.000010
0.000010 0.000010 0.000010 0.000010 0.000010 0.000010 0.999910 0.000010 0.000010 0.000010
0.000010 0.042726 0.724899 0.000010 0.129703 0.000010 0.024463 0.078160 0.000010 0.000010
0.000010 0.049442 0.547796 0.142853 0.238499 0.000010 0.000010 0.000010 0.000010 0.021360
0.000010 0.000010 0.840109 0.000010 0.000010 0.000010 0.000010 0.097006 0.062815 0.000010
0.000010 0.000010 0.873579 0.000010 0.000010 0.069463 0.000010 0.056888 0.000010 0.000010
0.999910 0.000010 0.000010 0.000010 0.000010 0.000010 0.000010 0.000010 0.000010 0.000010
0.000010 0.000010 0.000010 0.000010 0.000010 0.441653 0.014741 0.303317 0.000010 0.240229
0.000010 0.016423 0.723105 0.260403 0.000010 0.000010 0.000010 0.000010 0.000010 0.000010
0.000010 0.000010 0.999910 0.000010 0.000010 0.000010 0.000010 0.000010 0.000010 0.000010
0.000010 0.000010 0.457299 0.446900 0.000010 0.000010 0.014619 0.081123 0.000010 0.000010
0.000010 0.000010 0.888010 0.089776 0.000010 0.000010 0.013291 0.008863 0.000010 0.000010
0.037387 0.000010 0.515606 0.337501 0.000010 0.000010 0.000010 0.066026 0.000010 0.043430
0.000010 0.000010 0.999910 0.000010 0.000010 0.000010 0.000010 0.000010 0.000010 0.000010
0.000010 0.000010 0.635411 0.364509 0.000010 0.000010 0.000010 0.000010 0.000010 0.000010
0.000010 0.000010 0.469540 0.530380 0.000010 0.000010 0.000010 0.000010 0.000010 0.000010
0.000010 0.000010 0.867931 0.000010 0.000010 0.000010 0.000010 0.131989 0.000010 0.000010
0.000010 0.000010 0.999910 0.000010 0.000010 0.000010 0.000010 0.000010 0.000010 0.000010
0.000010 0.000010 0.819765 0.148339 0.000010 0.000010 0.000010 0.000010 0.000010 0.031825
0.000010 0.034245 0.442089 0.232773 0.196139 0.000010 0.000010 0.094705 0.000010 0.000010
0.000010 0.000010 0.502733 0.380529 0.000010 0.000010 0.000010 0.116668 0.000010 0.000010
0.000010 0.000010 0.684384 0.315536 0.000010 0.000010 0.000010 0.000010 0.000010 0.000010
0.000010 0.000010 0.983021 0.000010 0.000010 0.000010 0.000010 0.016899 0.000010 0.000010
0.000010 0.000010 0.712320 0.000010 0.000010 0.000010 0.000010 0.066970 0.000010 0.220639
0.000010 0.000010 0.667212 0.218059 0.000010 0.049927 0.000010 0.000010 0.064741 0.000010
0.000010 0.000010 0.915032 0.000010 0.000010 0.000010 0.000010 0.000010 0.000010 0.084888
0.000010 0.000010 0.739863 0.249347 0.000010 0.000010 0.000010 0.010720 0.000010 0.000010
0.022656 0.000010 0.622278 0.343613 0.000010 0.011394 0.000010 0.000010 0.000010 0.000010
0.000010 0.000010 0.554998 0.444922 0.000010 0.000010 0.000010 0.000010 0.000010 0.000010
0.973192 0.000010 0.000010 0.000010 0.000010 0.000010 0.026728 0.000010 0.000010 0.000010
0.020168 0.000010 0.894140 0.049507 0.000010 0.000010 0.000010 0.036125 0.000010 0.000010
0.000010 0.000010 0.598249 0.307534 0.067180 0.000010 0.000010 0.000010 0.000010 0.026978
0.000010 0.000010 0.999910 0.000010 0.000010 0.000010 0.000010 0.000010 0.000010 0.000010
0.999910 0.000010 0.000010 0.000010 0.000010 0.000010 0.000010 0.000010 0.000010 0.000010
0.000010 0.000010 0.988382 0.000010 0.000010 0.011538 0.000010 0.000010 0.000010 0.000010
0.999910 0.000010 0.000010 0.000010 0.000010 0.000010 0.000010 0.000010 0.000010 0.000010
0.000010 0.000010 0.999910 0.000010 0.000010 0.000010 0.000010 0.000010 0.000010 0.000010
0.000010 0.000010 0.953099 0.014320 0.000010 0.000010 0.000010 0.032511 0.000010 0.000010
0.000010 0.000010 0.811651 0.188269 0.000010 0.000010 0.000010 0.000010 0.000010 0.000010
0.000010 0.000010 0.716811 0.234406 0.000010 0.048713 0.000010 0.000010 0.000010 0.000010
0.000010 0.090494 0.747166 0.000010 0.000010 0.000010 0.000010 0.162270 0.000010 0.000010
0.000010 0.000010 0.764236 0.146360 0.046113 0.000010 0.000010 0.000010 0.000010 0.043232
0.000010 0.000010 0.999910 0.000010 0.000010 0.000010 0.000010 0.000010 0.000010 0.000010
0.000010 0.000010 0.561137 0.236437 0.064624 0.000010 0.000010 0.000010 0.000010 0.137743
0.000010 0.000010 0.999910 0.000010 0.000010 0.000010 0.000010 0.000010 0.000010 0.000010
0.000010 0.000010 0.635794 0.217270 0.000010 0.000010 0.000010 0.117087 0.000010 0.029788
0.000010 0.000010 0.854907 0.042456 0.020460 0.000010 0.000010 0.000010 0.082116 0.000010
0.000010 0.000010 0.413348 0.320620 0.121397 0.000010 0.008626 0.135958 0.000010 0.000010
0.012356 0.057862 0.242308 0.462691 0.144608 0.000010 0.000010 0.080134 0.000010 0.000010
0.000010 0.000010 0.000010 0.000010 0.000010 0.379235 0.000010 0.559857 0.000010 0.060838
0.000010 0.000010 0.045914 0.000010 0.000010 0.498894 0.000010 0.098602 0.000010 0.356531
0.000010 0.000010 0.000010 0.000010 0.000010 0.175255 0.000010 0.394450 0.000010 0.430225
0.000010 0.000010 0.000010 0.137927 0.000010 0.751419 0.000010 0.010572 0.000010 0.100022
0.000010 0.000010 0.000010 0.000010 0.000010 0.823190 0.000010 0.000010 0.000010 0.176730
0.000010 0.000010 0.000010 0.083965 0.000010 0.651024 0.000010 0.000010 0.000010 0.264941
0.000010 0.000010 0.000010 0.000010 0.039316 0.960604 0.000010 0.000010 0.000010 0.000010
0.000010 0.040895 0.000010 0.006337 0.000010 0.772520 0.000010 0.180188 0.000010 0.000010
0.000010 0.000010 0.062724 0.000010 0.083482 0.494281 0.000010 0.007596 0.000010 0.351867
0.000010 0.000010 0.000010 0.000010 0.088290 0.886092 0.000010 0.000010 0.025547 0.000010
0.000010 0.000010 0.042556 0.000010 0.000010 0.347750 0.000010 0.102132 0.000010 0.507502
0.000010 0.083896 0.000010 0.000010 0.000010 0.462278 0.000010 0.204564 0.000010 0.249202
0.999910 0.000010 0.000010 0.000010 0.000010 0.000010 0.000010 0.000010 0.000010 0.000010
0.000010 0.000010 0.000010 0.074234 0.000010 0.337475 0.000010 0.251165 0.000010 0.337066
0.000010 0.000010 0.000010 0.059748 0.000010 0.392292 0.000010 0.149868 0.000010 0.398032
0.000010 0.000010 0.000010 0.000010 0.000010 0.268236 0.031907 0.203898 0.000010 0.495899
0.000010 0.000010 0.000010 0.022160 0.022193 0.745131 0.000010 0.210457 0.000010 0.000010
0.000010 0.000010 0.000010 0.000010 0.000010 0.794241 0.000010 0.205679 0.000010 0.000010
0.000010 0.000010 0.000010 0.000010 0.000010 0.349632 0.000010 0.221349 0.000010 0.428948
0.000010 0.000010 0.000010 0.000010 0.000010 0.839887 0.000010 0.160033 0.000010 0.000010
0.000010 0.000010 0.000010 0.000010 0.000010 0.717089 0.000010 0.000010 0.000010 0.282831
0.000010 0.004689 0.036397 0.000010 0.000010 0.505170 0.000010 0.000010 0.000010 0.453684
0.000010 0.000010 0.000010 0.000010 0.000010 0.999910 0.000010 0.000010 0.000010 0.000010
0.000010 0.000010 0.000010 0.000010 0.000010 0.999910 0.000010 0.000010 0.000010 0.000010
0.000010 0.000010 0.000010 0.000010 0.000010 0.999910 0.000010 0.000010 0.000010 0.000010
0.000010 0.000010 0.000010 0.000010 0.000010 0.768938 0.000010 0.230982 0.000010 0.000010
0.000010 0.000010 0.000010 0.000010 0.000010 0.999910 0.000010 0.000010 0.000010 0.000010
0.000010 0.000010 0.000010 0.000010 0.000010 0.429651 0.000010 0.000010 0.000010 0.570269
0.000010 0.000010 0.000010 0.000010 0.000010 0.000010 0.000010 0.098040 0.000010 0.901880
0.000010 0.000010 0.000010 0.075865 0.000010 0.008999 0.000010 0.148212 0.000010 0.766863
0.000010 0.000010 0.206614 0.000010 0.000010 0.333766 0.000010 0.309021 0.000010 0.150538
0.000010 0.000010 0.000010 0.000010 0.000010 0.695082 0.000010 0.149709 0.000010 0.155139
0.000010 0.000010 0.000010 0.000010 0.000010 0.733408 0.000010 0.254197 0.000010 0.012325
0.000010 0.000010 0.701818 0.000010 0.229421 0.048406 0.020295 0.000010 0.000010 0.000010
0.000010 0.000010 0.000010 0.000010 0.000010 0.796187 0.000010 0.203733 0.000010 0.000010
0.000010 0.000010 0.000010 0.000010 0.000010 0.631641 0.000010 0.368279 0.000010 0.000010
0.000010 0.000010 0.000010 0.000010 0.000010 0.878630 0.000010 0.121290 0.000010 0.000010
0.000010 0.000010 0.000010 0.000010 0.003739 0.435377 0.000010 0.000010 0.000010 0.560815
0.000010 0.000010 0.000010 0.000010 0.000010 0.317712 0.000010 0.161482 0.000010 0.520736
0.000010 0.000010 0.000010 0.000010 0.000010 0.692682 0.000010 0.006228 0.000010 0.301020
0.000010 0.000010 0.000010 0.111079 0.000010 0.541245 0.000010 0.014167 0.000010 0.333449
0.000010 0.036424 0.000010 0.000010 0.291557 0.382642 0.000010 0.252681 0.000010 0.036646
0.000010 0.000010 0.000010 0.000010 0.000010 0.459966 0.000010 0.064902 0.000010 0.475062
0.000010 0.000010 0.000010 0.000010 0.000010 0.813885 0.000010 0.130526 0.000010 0.055519
0.000010 0.000010 0.000010 0.080017 0.111710 0.307104 0.000010 0.000010 0.008859 0.492260
0.000010 0.000010 0.000010 0.000010 0.000010 0.456024 0.000010 0.198979 0.000010 0.344928
0.000010 0.000010 0.000010 0.000010 0.000010 0.491778 0.000010 0.178375 0.023861 0.305927
0.000010 0.000010 0.000010 0.000010 0.000010 0.303432 0.000010 0.000010 0.000010 0.696488
0.000010 0.000010 0.000010 0.124944 0.000010 0.395071 0.000010 0.251065 0.000010 0.228860
0.000010 0.000010 0.000010 0.000010 0.000010 0.433985 0.000010 0.383482 0.000010 0.182463
0.000010 0.000010 0.000010 0.000010 0.000010 0.000010 0.000010 0.000010 0.000010 0.999910
0.000010 0.000010 0.083072 0.000010 0.000010 0.305712 0.000010 0.303503 0.000010 0.307653
0.000010 0.000010 0.000010 0.000010 0.000010 0.158570 0.000010 0.141740 0.000010 0.699620
0.000010 0.000010 0.000010 0.000010 0.190481 0.578510 0.000010 0.230939 0.000010 0.000010
0.000010 0.000010 0.000010 0.000010 0.000010 0.000010 0.000010 0.000010 0.000010 0.999910
0.000010 0.000010 0.000010 0.000010 0.000010 0.414154 0.000010 0.163282 0.050099 0.372405
0.000010 0.000010 0.000010 0.000010 0.000010 0.513730 0.000010 0.388568 0.000010 0.097632
0.000010 0.000010 0.000010 0.000010 0.026681 0.698073 0.000010 0.210328 0.000010 0.064858
0.000010 0.000010 0.000010 0.000010 0.000010 0.424158 0.000010 0.000010 0.000010 0.575762
0.000010 0.000010 0.000010 0.000010 0.000010 0.000010 0.000010 0.000010 0.000010 0.999910
0.000010 0.000010 0.000010 0.000010 0.000010 0.301913 0.000010 0.133922 0.000010 0.564095
0.000010 0.000010 0.000010 0.000010 0.000010 0.000010 0.000010 0.000010 0.000010 0.999910
0.000010 0.000010 0.000010 0.000010 0.078234 0.633881 0.000010 0.287815 0.000010 0.000010
0.000010 0.000010 0.000010 0.000010 0.000010 0.000010 0.000010 0.095981 0.000010 0.903939
0.000010 0.000010 0.000010 0.000010 0.000010 0.833827 0.000010 0.130486 0.000010 0.035617
0.000010 0.020448 0.000010 0.000010 0.000010 0.000010 0.000010 0.205317 0.000010 0.774164
0.000010 0.000010 0.000010 0.000010 0.000010 0.000010 0.999910 0.000010 0.000010 0.000010
0.000010 0.000010 0.000010 0.000010 0.000010 0.461048 0.000010 0.000010 0.000010 0.538872
0.000010 0.000010 0.000010 0.000010 0.000010 0.585889 0.000010 0.000010 0.000010 0.414031
0.005603 0.000010 0.000010 0.000010 0.000010 0.693765 0.000010 0.125612 0.000010 0.174960
0.000010 0.000010 0.000010 0.000010 0.003370 0.486127 0.000010 0.255479 0.000010 0.254964
0.000010 0.000010 0.056251 0.000010 0.021915 0.350358 0.000010 0.341818 0.000010 0.229608
0.000010 0.000010 0.000010 0.000010 0.000010 0.370119 0.000010 0.000010 0.000010 0.629801
0.009047 0.000010 0.000010 0.013186 0.000010 0.786329 0.000010 0.169607 0.000010 0.021781
0.000010 0.000010 0.000010 0.000010 0.000010 0.000010 0.000010 0.999910 0.000010 0.000010
0.000010 0.000010 0.000010 0.000010 0.000010 0.000010 0.000010 0.999910 0.000010 0.000010
0.000010 0.000010 0.017727 0.000010 0.000010 0.607354 0.000010 0.000010 0.000010 0.374849
0.000010 0.000010 0.000010 0.253589 0.000010 0.518473 0.000010 0.000010 0.000010 0.227868
0.015236 0.000010 0.000010 0.128211 0.000010 0.367221 0.000010 0.225879 0.000010 0.263404
0.000010 0.000010 0.000010 0.000010 0.000010 0.590430 0.000010 0.317781 0.000010 0.091719
0.000010 0.000010 0.000010 0.000010 0.000010 0.444292 0.000010 0.399751 0.000010 0.155888
0.000010 0.000010 0.000010 0.000010 0.000010 0.670302 0.000010 0.289271 0.000010 0.040357
0.001160 0.000010 0.000010 0.000010 0.946549 0.052221 0.000010 0.000010 0.000010 0.000010
0.000010 0.071688 0.000010 0.000010 0.872597 0.000010 0.000010 0.055645 0.000010 0.000010
0.000010 0.014933 0.088280 0.000010 0.845789 0.000010 0.000010 0.000010 0.000010 0.050937
0.000010 0.000010 0.000010 0.250996 0.647042 0.077058 0.000010 0.024844 0.000010 0.000010
0.000010 0.000010 0.000010 0.000010 0.999910 0.000010 0.000010 0.000010 0.000010 0.000010
0.000010 0.000010 0.000010 0.000010 0.999910 0.000010 0.000010 0.000010 0.000010 0.000010
0.000010 0.000010 0.000010 0.179281 0.820639 0.000010 0.000010 0.000010 0.000010 0.000010
0.000010 0.000010 0.000010 0.000010 0.872808 0.127112 0.000010 0.000010 0.000010 0.000010
0.000010 0.000010 0.000010 0.350850 0.649070 0.000010 0.000010 0.000010 0.000010 0.000010
0.000010 0.000010 0.103808 0.027031 0.851054 0.000010 0.018047 0.000010 0.000010 0.000010
0.000010 0.000010 0.000010 0.021992 0.892986 0.000010 0.000010 0.084952 0.000010 0.000010
0.000010 0.000010 0.000010 0.171720 0.713723 0.000010 0.000010 0.114487 0.000010 0.000010
0.000010 0.000010 0.212571 0.010711 0.653848 0.122810 0.000010 0.000010 0.000010 0.000010
0.000010 0.000010 0.000010 0.000010 0.999910 0.000010 0.000010 0.000010 0.000010 0.000010
0.000010 0.000010 0.000010 0.000010 0.959208 0.000010 0.000010 0.040712 0.000010 0.000010
0.839098 0.000010 0.000010 0.000010 0.000010 0.000010 0.160822 0.000010 0.000010 0.000010
0.000010 0.000010 0.000010 0.000010 0.959385 0.000010 0.000010 0.000010 0.000010 0.040535
0.000010 0.000010 0.000010 0.000010 0.814647 0.185273 0.000010 0.000010 0.000010 0.000010
0.000010 0.000010 0.077296 0.000010 0.738123 0.000010 0.000010 0.000010 0.000010 0.184511
0.000010 0.000010 0.050790 0.143746 0.805394 0.000010 0.000010 0.000010 0.000010 0.000010
0.000010 0.000010 0.587062 0.033282 0.379585 0.000010 0.000010 0.000010 0.000010 0.000010
0.000010 0.000010 0.000010 0.000010 0.999910 0.000010 0.000010 0.000010 0.000010 0.000010
0.000010 0.000010 0.000010 0.000010 0.752883 0.000010 0.000010 0.247037 0.000010 0.000010
0.000010 0.000010 0.000010 0.000010 0.878401 0.000010 0.000010 0.120604 0.000010 0.000926
0.000010 0.000010 0.000010 0.115380 0.884540 0.000010 0.000010 0.000010 0.000010 0.000010
0.000010 0.000010 0.000010 0.000010 0.848815 0.000010 0.000010 0.151105 0.000010 0.000010
0.000010 0.000010 0.000010 0.175800 0.824120 0.000010 0.000010 0.000010 0.000010 0.000010
0.022359 0.000010 0.127246 0.000010 0.850324 0.000010 0.000010 0.000010 0.000010 0.000010
0.000010 0.000010 0.000010 0.000010 0.999910 0.000010 0.000010 0.000010 0.000010 0.000010
0.000010 0.000010 0.130994 0.000010 0.854961 0.000010 0.013975 0.000010 0.000010 0.000010
0.000010 0.000010 0.000010 0.000010 0.999910 0.000010 0.000010 0.000010 0.000010 0.000010
0.000010 0.000010 0.041174 0.000010 0.846972 0.111784 0.000010 0.000010 0.000010 0.000010
0.000010 0.000010 0.000010 0.000010 0.908132 0.000010 0.000010 0.091788 0.000010 0.000010
0.000010 0.000010 0.039691 0.000010 0.789215 0.171024 0.000010 0.000010 0.000010 0.000010
0.000010 0.000010 0.000010 0.000010 0.999910 0.000010 0.000010 0.000010 0.000010 0.000010
0.700824 0.000010 0.000010 0.000010 0.000010 0.000010 0.299096 0.000010 0.000010 0.000010
0.000010 0.000010 0.000010 0.000010 0.888002 0.111918 0.000010 0.000010 0.000010 0.000010
0.000010 0.000010 0.000010 0.052371 0.884699 0.000010 0.000010 0.010076 0.000010 0.052795
0.968048 0.000010 0.000010 0.000020 0.000010 0.000010 0.031861 0.000010 0.000010 0.000010
0.000010 0.000010 0.000010 0.000010 0.958392 0.000010 0.000010 0.000010 0.014482 0.027055
0.000010 0.000010 0.000010 0.098534 0.683262 0.161914 0.000010 0.000010 0.000010 0.056230
0.000010 0.000010 0.000010 0.000010 0.987486 0.000010 0.000010 0.000010 0.000010 0.012434
0.000010 0.000010 0.000010 0.000010 0.941634 0.000012 0.000010 0.058285 0.000010 0.000010
0.000010 0.000010 0.000010 0.052879 0.831593 0.000010 0.000010 0.080206 0.000010 0.035262
0.000010 0.000010 0.045310 0.000010 0.848172 0.000010 0.000010 0.106448 0.000010 0.000010
0.000010 0.000010 0.000010 0.253498 0.606963 0.000010 0.000010 0.000010 0.000010 0.139469
0.667253 0.000010 0.000010 0.000010 0.000010 0.000010 0.332667 0.000010 0.000010 0.000010
0.000010 0.000010 0.000010 0.067225 0.898460 0.000010 0.000010 0.000010 0.000010 0.034246
0.022950 0.000010 0.092593 0.000010 0.878809 0.000010 0.000010 0.005588 0.000010 0.000010
0.000010 0.000010 0.000010 0.000010 0.984257 0.000010 0.000010 0.000010 0.000010 0.015663
0.000010 0.000010 0.000010 0.077585 0.908646 0.000010 0.000010 0.000010 0.000010 0.013700
0.000010 0.000010 0.000010 0.000010 0.999910 0.000010 0.000010 0.000010 0.000010 0.000010
0.000010 0.000010 0.012239 0.007878 0.000010 0.979813 0.000010 0.000010 0.000010 0.000010
