0.249307 0.000010 0.710076 0.027647 0.012949 0.000010
0.148505 0.000010 0.851455 0.000010 0.000010 0.000010
0.000010 0.000010 0.999950 0.000010 0.000010 0.000010
0.110421 0.000010 0.877752 0.000010 0.000010 0.011797
0.000010 0.000010 0.873065 0.000010 0.000010 0.126895
0.000010 0.000010 0.873808 0.000010 0.000010 0.126152
0.000010 0.000010 0.921711 0.000010 0.000010 0.078249
0.018388 0.000010 0.856185 0.000010 0.026413 0.098994
0.000010 0.000010 0.975911 0.000010 0.000010 0.024049
0.000010 0.999950 0.000010 0.000010 0.000010 0.000010
0.000010 0.999950 0.000010 0.000010 0.000010 0.000010
0.153971 0.000010 0.845989 0.000010 0.000010 0.000010
0.247297 0.000010 0.714352 0.000010 0.000010 0.038320
0.135713 0.000010 0.856822 0.007435 0.000010 0.000010
0.000010 0.000010 0.999950 0.000010 0.000010 0.000010
0.000010 0.000010 0.825617 0.000010 0.012628 0.161725
0.086057 0.000010 0.913903 0.000010 0.000010 0.000010
0.154904 0.000020 0.820256 0.000010 0.000010 0.024800
0.157668 0.000010 0.758069 0.061643 0.000010 0.022600
0.000010 0.000010 0.995915 0.000010 0.004045 0.000010
0.000010 0.000010 0.942779 0.000010 0.000010 0.057181
0.000010 0.000010 0.999950 0.000010 0.000010 0.000010
0.000010 0.000010 0.979408 0.000010 0.020552 0.000010
0.107733 0.000010 0.861780 0.000010 0.000010 0.030457
0.000010 0.000010 0.986631 0.000010 0.013329 0.000010
0.000010 0.000010 0.940335 0.000010 0.000010 0.059625
0.000010 0.000010 0.983965 0.000010 0.000010 0.015995
0.100196 0.000010 0.000010 0.436875 0.000010 0.462899
0.000010 0.000010 0.993296 0.006664 0.000010 0.000010
0.036383 0.000010 0.882948 0.080639 0.000010 0.000010
0.000010 0.000010 0.838300 0.161660 0.000010 0.000010
0.000010 0.091345 0.762103 0.146522 0.000010 0.000010
0.169287 0.112950 0.682483 0.000010 0.000010 0.035259
0.103115 0.000010 0.896845 0.000010 0.000010 0.000010
0.000010 0.999950 0.000010 0.000010 0.000010 0.000010
0.000010 0.999950 0.000010 0.000010 0.000010 0.000010
0.007150 0.098460 0.760917 0.000010 0.000010 0.133453
0.000010 0.000010 0.840519 0.159441 0.000010 0.000010
0.000010 0.176779 0.560248 0.000010 0.000010 0.262943
0.155558 0.000010 0.650165 0.194248 0.000010 0.000010
0.000010 0.128304 0.703840 0.167826 0.000010 0.000010
0.000010 0.139962 0.651625 0.021025 0.011646 0.175731
0.063508 0.151505 0.595175 0.000010 0.000010 0.189792
0.183657 0.282376 0.494317 0.039629 0.000010 0.000010
0.000010 0.000010 0.000010 0.000010 0.999950 0.000010
0.000010 0.170818 0.614156 0.214996 0.000010 0.000010
0.051089 0.000010 0.948871 0.000010 0.000010 0.000010
0.147807 0.105226 0.672432 0.000010 0.000010 0.074515
0.158860 0.123602 0.614804 0.000010 0.000010 0.102714
0.000010 0.000010 0.000010 0.000010 0.999950 0.000010
0.000010 0.173149 0.642773 0.184048 0.000010 0.000010
0.000010 0.000010 0.835281 0.049394 0.000010 0.115295
0.000010 0.000010 0.000010 0.000010 0.999950 0.000010
0.000010 0.016815 0.907363 0.075792 0.000010 0.000010
0.000010 0.000010 0.000010 0.000010 0.999950 0.000010
0.000010 0.000010 0.000010 0.000010 0.999950 0.000010
0.111293 0.092840 0.736010 0.059837 0.000010 0.000010
0.000010 0.000010 0.000010 0.000010 0.999950 0.000010
0.000010 0.999950 0.000010 0.000010 0.000010 0.000010
0.000010 0.000010 0.000010 0.000010 0.999950 0.000010
0.000010 0.999950 0.000010 0.000010 0.000010 0.000010
0.042843 0.304476 0.380548 0.000010 0.000010 0.272114
0.158763 0.120262 0.720945 0.000010 0.000010 0.000010
0.000010 0.000010 0.709277 0.000010 0.000010 0.290683
0.183523 0.203971 0.525784 0.086702 0.000010 0.000010
0.000010 0.000010 0.000010 0.519297 0.000010 0.480663
0.000010 0.000010 0.000010 0.140458 0.000010 0.859502
0.000010 0.000010 0.000010 0.404508 0.000010 0.595452
0.192152 0.000010 0.000010 0.303800 0.000010 0.504018
0.000014 0.000011 0.000010 0.416332 0.000010 0.583623
0.092220 0.000010 0.000010 0.467677 0.000010 0.440073
0.000010 0.000010 0.000010 0.493031 0.014389 0.492550
0.000010 0.000010 0.000010 0.485311 0.000010 0.514649
0.000010 0.000010 0.000010 0.000010 0.999950 0.000010
0.000010 0.000010 0.000010 0.205573 0.000010 0.794387
0.089225 0.000010 0.046605 0.451268 0.000010 0.412883
0.000010 0.000010 0.000010 0.370830 0.000010 0.629130
0.037968 0.000010 0.000010 0.000010 0.000010 0.961992
0.119035 0.000010 0.000010 0.560973 0.000010 0.319962
0.000010 0.000010 0.000014 0.609937 0.000010 0.390019
0.013322 0.000010 0.000010 0.000010 0.000010 0.986638
0.055733 0.000010 0.944227 0.000010 0.000010 0.000010
0.000010 0.000010 0.348349 0.175033 0.000010 0.476588
0.000010 0.000010 0.000010 0.000010 0.999950 0.000010
0.000010 0.000010 0.000010 0.334764 0.000010 0.665196
0.025006 0.000010 0.000010 0.260092 0.007751 0.707130
0.000010 0.000010 0.000010 0.435106 0.000010 0.564854
0.000010 0.000010 0.000010 0.309720 0.002149 0.688101
0.000010 0.000010 0.053563 0.227470 0.012251 0.706697
0.000010 0.000010 0.000010 0.000010 0.999950 0.000010
0.027512 0.000010 0.000010 0.526732 0.000010 0.445725
0.090220 0.000010 0.000010 0.000010 0.000010 0.909740
0.000010 0.000010 0.000010 0.000012 0.999948 0.000010
0.000010 0.000010 0.000010 0.784747 0.000010 0.215213
0.000010 0.000010 0.000010 0.000010 0.999950 0.000010
0.000010 0.000010 0.000010 0.000010 0.999950 0.000010
0.000010 0.000010 0.000010 0.000010 0.999950 0.000010
0.016997 0.000010 0.000010 0.403069 0.000010 0.579904
0.000010 0.000010 0.059037 0.367941 0.000010 0.572992
0.890759 0.000010 0.000010 0.033232 0.000010 0.075979
0.900961 0.000010 0.078539 0.000010 0.000010 0.020470
0.919015 0.000010 0.036018 0.044937 0.000010 0.000010
0.830808 0.000010 0.120410 0.000010 0.000010 0.048752
0.619276 0.000010 0.042540 0.111027 0.035592 0.191555
0.807004 0.000010 0.107249 0.085717 0.000010 0.000010
0.000010 0.000010 0.000010 0.243382 0.000010 0.756578
0.000010 0.000010 0.000016 0.000010 0.999944 0.000010
0.000010 0.000010 0.000010 0.146364 0.000010 0.853596
0.000010 0.000010 0.000010 0.467815 0.013831 0.518324
0.000010 0.000010 0.000010 0.223779 0.000010 0.776181
0.000010 0.000010 0.000010 0.000010 0.999950 0.000010
0.000010 0.000010 0.000010 0.564965 0.000010 0.434995
0.000010 0.000010 0.000010 0.282784 0.000010 0.717176
0.000010 0.000010 0.000010 0.053127 0.000010 0.946833
0.000010 0.000010 0.000010 0.282463 0.000010 0.717497
0.078270 0.000010 0.000010 0.323236 0.000010 0.598464
0.000010 0.000010 0.000010 0.509417 0.000010 0.490543
0.071335 0.000010 0.000010 0.325938 0.000010 0.602697
0.000010 0.000010 0.000010 0.569287 0.000010 0.430673
0.000010 0.000010 0.084908 0.277339 0.000010 0.637723
0.000010 0.000010 0.000010 0.000010 0.999950 0.000010
0.000010 0.000010 0.000010 0.999950 0.000010 0.000010
0.000010 0.000010 0.000010 0.588679 0.000010 0.411281
0.000010 0.000010 0.000010 0.482367 0.000010 0.517593
0.000010 0.000010 0.000010 0.999950 0.000010 0.000010
0.000010 0.000010 0.000010 0.000010 0.000010 0.999950
0.000010 0.000010 0.007287 0.000010 0.000010 0.992673
0.000010 0.000010 0.000010 0.000010 0.000010 0.999950
0.000010 0.000010 0.000010 0.531990 0.000010 0.467970
0.000010 0.000010 0.000010 0.250145 0.000010 0.749815
0.000010 0.000014 0.000010 0.000010 0.000010 0.999946
0.000010 0.000010 0.000010 0.362449 0.000010 0.637511
0.000010 0.000010 0.000010 0.999950 0.000010 0.000010
0.000010 0.000010 0.000010 0.999950 0.000010 0.000010
0.000010 0.000010 0.000010 0.000010 0.000010 0.999950
0.000010 0.000010 0.099269 0.042149 0.000010 0.858552
0.000010 0.000010 0.000010 0.404576 0.000010 0.595384
0.000010 0.000010 0.000010 0.829435 0.000010 0.170525
0.112779 0.000010 0.000012 0.432219 0.000010 0.454970
0.000010 0.000010 0.000010 0.999950 0.000010 0.000010
0.019872 0.000010 0.015519 0.221972 0.000010 0.742616
0.000010 0.000010 0.000010 0.000010 0.999950 0.000010
0.000010 0.000010 0.000010 0.000010 0.999950 0.000010
0.000010 0.000010 0.050335 0.431424 0.000010 0.518211
0.000010 0.000010 0.000010 0.000010 0.999950 0.000010
0.000010 0.000010 0.000010 0.178402 0.000010 0.821558
0.000010 0.000010 0.000010 0.000010 0.000010 0.999950
0.000010 0.000010 0.000010 0.000010 0.999950 0.000010
0.000010 0.000010 0.000010 0.000010 0.999950 0.000010
0.000010 0.000010 0.000010 0.156853 0.000010 0.843107
0.000010 0.000010 0.000010 0.000010 0.999950 0.000010
0.000010 0.000010 0.000010 0.000010 0.999950 0.000010
0.000010 0.000010 0.000010 0.000010 0.999950 0.000010
0.076398 0.000010 0.780248 0.000010 0.000010 0.143323
0.144295 0.000010 0.826852 0.000010 0.000010 0.028823
0.000010 0.000010 0.999950 0.000010 0.000010 0.000010
0.000010 0.000010 0.999950 0.000010 0.000010 0.000010
0.000010 0.000010 0.000010 0.000010 0.999950 0.000010
0.000010 0.000010 0.000010 0.446194 0.000010 0.553766
0.000010 0.000010 0.880345 0.000010 0.000010 0.119615
0.102950 0.000010 0.858780 0.038240 0.000010 0.000010
0.031690 0.000010 0.710323 0.027492 0.009330 0.221156
0.000010 0.000010 0.892716 0.000010 0.055898 0.051356
0.136401 0.000010 0.686858 0.000010 0.019799 0.156922
0.000010 0.000010 0.999950 0.000010 0.000010 0.000010
0.000010 0.000010 0.805809 0.194151 0.000010 0.000010
0.119012 0.127953 0.753004 0.000010 0.000010 0.000010
0.000010 0.000010 0.847052 0.152908 0.000010 0.000010
0.030465 0.000010 0.923579 0.045926 0.000010 0.000010
0.208866 0.000010 0.791094 0.000010 0.000010 0.000010
0.032116 0.048329 0.919525 0.000010 0.000010 0.000010
0.139812 0.000010 0.720874 0.139285 0.000010 0.000010
0.000010 0.000010 0.999950 0.000010 0.000010 0.000010
0.000010 0.000010 0.999950 0.000010 0.000010 0.000010
0.000010 0.000010 0.889474 0.000010 0.000010 0.110486
0.000010 0.000010 0.890240 0.000010 0.000010 0.109720
0.145108 0.000010 0.706329 0.050832 0.000010 0.097711
0.111768 0.000010 0.743031 0.000010 0.000010 0.145172
0.000010 0.000010 0.982800 0.000010 0.017160 0.000010
0.021285 0.000010 0.931009 0.039085 0.008601 0.000010
0.000010 0.000010 0.000010 0.000010 0.999950 0.000010
0.000010 0.000010 0.999950 0.000010 0.000010 0.000010
0.210061 0.000010 0.741993 0.034289 0.013638 0.000010
0.000010 0.000010 0.999950 0.000010 0.000010 0.000010
0.000010 0.000010 0.000010 0.000010 0.999950 0.000010
0.000010 0.000010 0.999950 0.000010 0.000010 0.000010
0.000010 0.000010 0.000010 0.000010 0.974445 0.025515
0.000010 0.000010 0.952643 0.047317 0.000010 0.000010
0.000010 0.000010 0.999950 0.000010 0.000010 0.000010
0.000010 0.000010 0.935639 0.064321 0.000010 0.000010
0.000010 0.000010 0.868752 0.131208 0.000010 0.000010
0.087382 0.000010 0.827129 0.085459 0.000010 0.000010
0.000010 0.000010 0.717198 0.174941 0.000010 0.107831
0.000010 0.000010 0.957299 0.000010 0.018373 0.024298
0.000010 0.000010 0.981305 0.000010 0.000010 0.018655
0.000010 0.000010 0.929214 0.070746 0.000010 0.000010
0.129952 0.000010 0.674671 0.000010 0.000010 0.195347
0.000010 0.000010 0.999950 0.000010 0.000010 0.000010
0.009590 0.000010 0.809852 0.180528 0.000010 0.000010
0.030079 0.000010 0.871286 0.000010 0.000010 0.098605
0.000010 0.000010 0.000010 0.722911 0.000010 0.277049
0.087351 0.000010 0.000010 0.520737 0.000010 0.391883
0.000010 0.000010 0.000010 0.498912 0.000010 0.501048
0.000010 0.000010 0.000010 0.283669 0.000010 0.716291
0.000010 0.000010 0.022402 0.000010 0.000010 0.977558
0.000010 0.000010 0.000010 0.042605 0.000010 0.957355
0.071585 0.000010 0.000010 0.442592 0.011388 0.474415
0.000010 0.000010 0.009315 0.315013 0.000010 0.675642
0.000010 0.000010 0.000010 0.523799 0.000010 0.476161
0.099043 0.000010 0.000010 0.070597 0.000010 0.830331
0.000010 0.000010 0.000010 0.390958 0.000010 0.609002
0.000010 0.000010 0.000010 0.490013 0.000010 0.509947
0.000010 0.000010 0.000010 0.000010 0.999950 0.000010
0.000010 0.000010 0.000010 0.490896 0.000010 0.509064
0.000010 0.000010 0.064210 0.461102 0.000010 0.474659
0.059733 0.000010 0.000011 0.228430 0.000010 0.711807
0.071340 0.000010 0.000010 0.423993 0.003861 0.500786
0.156586 0.000010 0.000010 0.843374 0.000010 0.000010
0.000010 0.000010 0.000010 0.250993 0.000010 0.748967
0.000010 0.000010 0.000010 0.598273 0.000010 0.401687
0.000010 0.000010 0.105452 0.249496 0.000010 0.645022
0.000010 0.000010 0.000010 0.000010 0.000010 0.999950
0.000010 0.000010 0.013420 0.986540 0.000010 0.000010
0.000010 0.000010 0.000010 0.000010 0.000010 0.999950
0.000010 0.000010 0.000010 0.368800 0.000010 0.631160
0.000010 0.000010 0.000010 0.309496 0.000010 0.690464
0.000010 0.000010 0.000010 0.999950 0.000010 0.000010
0.000010 0.000010 0.039078 0.469554 0.000010 0.491338
0.000010 0.000010 0.000010 0.000010 0.000010 0.999950
0.081493 0.000010 0.000010 0.000010 0.000010 0.918467
0.076755 0.000010 0.077465 0.290388 0.000010 0.555372
0.231959 0.000010 0.000010 0.462783 0.000010 0.305228
0.000010 0.000010 0.000010 0.309938 0.000010 0.690022
0.108750 0.000010 0.866704 0.021033 0.003493 0.000010
0.018635 0.000010 0.000010 0.253582 0.000010 0.727753
0.000010 0.000010 0.015868 0.481296 0.000010 0.502805
0.239001 0.000010 0.000010 0.160656 0.000010 0.600313
0.081098 0.000010 0.000010 0.271627 0.000010 0.647244
0.000010 0.000010 0.000010 0.000010 0.000010 0.999950
0.000010 0.000010 0.000010 0.376374 0.000010 0.623586
0.000010 0.000010 0.000010 0.164758 0.000010 0.835202
0.070928 0.000010 0.000010 0.406766 0.000010 0.522276
0.000010 0.000010 0.000010 0.075271 0.000010 0.924689
0.001208 0.024601 0.000010 0.400017 0.000010 0.574154
0.000010 0.000010 0.064871 0.000010 0.000010 0.935089
0.000010 0.000010 0.000010 0.577960 0.000010 0.422000
0.000010 0.000010 0.039625 0.454682 0.000010 0.505663
0.000010 0.000010 0.000010 0.023673 0.000010 0.976287
0.000010 0.000010 0.000010 0.167174 0.000010 0.832786
0.000010 0.000010 0.000010 0.314920 0.000010 0.685040
0.000010 0.000010 0.000010 0.000010 0.000010 0.999950
0.130705 0.000010 0.000010 0.362842 0.000010 0.506423
0.000010 0.000010 0.000010 0.330263 0.000010 0.669697
0.000010 0.000010 0.205086 0.095666 0.000010 0.699218
0.000010 0.000010 0.000010 0.580540 0.000010 0.419420
0.000010 0.000010 0.000010 0.307188 0.000010 0.692772
0.000010 0.000010 0.000010 0.487255 0.000010 0.512705
0.064916 0.000010 0.000010 0.367957 0.000010 0.567097
0.000010 0.000010 0.000010 0.368701 0.000010 0.631259
0.000010 0.000010 0.000010 0.900506 0.000010 0.099454
0.015720 0.000010 0.000010 0.000010 0.000010 0.984240
0.000010 0.000010 0.000010 0.818792 0.000010 0.181168
0.063580 0.000010 0.000010 0.497867 0.000010 0.438523
0.000010 0.000010 0.000010 0.000010 0.000010 0.999950
0.000010 0.000010 0.046991 0.392790 0.000010 0.560189
0.000010 0.000010 0.000010 0.258411 0.000010 0.741549
0.000010 0.000010 0.000011 0.000010 0.999949 0.000010
0.000010 0.000010 0.007225 0.223137 0.000010 0.769608
0.000010 0.000010 0.000010 0.177106 0.000010 0.822854
0.000010 0.000010 0.000010 0.379392 0.000010 0.620568
0.002255 0.000010 0.000010 0.737460 0.000010 0.260254
0.000010 0.000010 0.000010 0.610556 0.000010 0.389404
0.000010 0.000010 0.000010 0.213245 0.000010 0.786715
0.000010 0.000010 0.000010 0.705441 0.000010 0.294519
0.000010 0.000010 0.000010 0.999950 0.000010 0.000010
0.000010 0.000010 0.000010 0.999950 0.000010 0.000010
0.000010 0.000010 0.025256 0.000010 0.022739 0.951975
0.000010 0.000010 0.000010 0.214549 0.000010 0.785411
0.000010 0.000010 0.012169 0.465918 0.000010 0.521883
0.136656 0.000010 0.000010 0.519035 0.000010 0.344279
0.000010 0.000010 0.009035 0.306475 0.000010 0.684460
0.000010 0.000010 0.000010 0.370926 0.000010 0.629034
0.999950 0.000010 0.000010 0.000010 0.000010 0.000010
0.999950 0.000010 0.000010 0.000010 0.000010 0.000010
0.999950 0.000010 0.000010 0.000010 0.000010 0.000010
0.771702 0.000010 0.181421 0.046846 0.000010 0.000010
0.999950 0.000010 0.000010 0.000010 0.000010 0.000010
0.999950 0.000010 0.000010 0.000010 0.000010 0.000010
0.986163 0.000010 0.000010 0.000010 0.013797 0.000010
0.879316 0.000010 0.000010 0.000010 0.000010 0.120644
0.793719 0.000010 0.206241 0.000010 0.000010 0.000010
0.900508 0.000010 0.000010 0.000010 0.000010 0.099452
0.999950 0.000010 0.000010 0.000010 0.000010 0.000010
0.838773 0.000010 0.160111 0.000010 0.000010 0.001085
0.978212 0.000010 0.021748 0.000010 0.000010 0.000010
0.999950 0.000010 0.000010 0.000010 0.000010 0.000010
0.942698 0.000010 0.000010 0.057262 0.000010 0.000010
0.000010 0.000010 0.000010 0.000010 0.999950 0.000010
0.855785 0.000010 0.000010 0.000010 0.000010 0.144175
0.867060 0.000010 0.000010 0.000010 0.000010 0.132900
0.859112 0.021485 0.000010 0.000010 0.000010 0.119373
0.999950 0.000010 0.000010 0.000010 0.000010 0.000010
0.572508 0.000010 0.295672 0.058696 0.000010 0.073103
0.999950 0.000010 0.000010 0.000010 0.000010 0.000010
0.981805 0.000010 0.000010 0.018155 0.000010 0.000010
0.855717 0.000010 0.000010 0.000010 0.000010 0.144243
0.999950 0.000010 0.000010 0.000010 0.000010 0.000010
0.951499 0.000010 0.020145 0.000014 0.000010 0.028322
0.992773 0.000010 0.000010 0.007187 0.000010 0.000010
0.828677 0.000010 0.140498 0.000010 0.009705 0.021100
0.844576 0.000010 0.155384 0.000010 0.000010 0.000010
0.986262 0.000010 0.000010 0.013698 0.000010 0.000010
0.824533 0.000010 0.175427 0.000010 0.000010 0.000010
0.923134 0.000010 0.000010 0.000010 0.022526 0.054311
0.899102 0.000010 0.000010 0.000010 0.000010 0.100858
0.938698 0.000010 0.061262 0.000010 0.000010 0.000010
0.679266 0.000010 0.081281 0.034252 0.000010 0.205182
0.000010 0.000010 0.000010 0.000010 0.999950 0.000010
0.877613 0.000010 0.000010 0.000010 0.000010 0.122347
0.943634 0.000010 0.000010 0.056326 0.000010 0.000010
0.000010 0.000010 0.000010 0.000010 0.999950 0.000010
0.999950 0.000010 0.000010 0.000010 0.000010 0.000010
0.765601 0.024388 0.000010 0.209980 0.000010 0.000010
0.815480 0.000010 0.000010 0.000010 0.000010 0.184480
0.990291 0.000010 0.000010 0.009669 0.000010 0.000010
0.999950 0.000010 0.000010 0.000010 0.000010 0.000010
0.966748 0.000010 0.033212 0.000010 0.000010 0.000010
0.898941 0.000010 0.074877 0.018066 0.000010 0.008096
0.000010 0.000010 0.000010 0.000010 0.999950 0.000010
0.952737 0.000010 0.000010 0.000010 0.000010 0.047223
0.875191 0.000010 0.059090 0.065456 0.000243 0.000010
0.999950 0.000010 0.000010 0.000010 0.000010 0.000010
0.969559 0.000010 0.000010 0.000010 0.000010 0.030401
0.999949 0.000010 0.000011 0.000010 0.000010 0.000010
0.000010 0.000010 0.000010 0.000014 0.000010 0.999946
