0.000010 0.342251 0.000010 0.444157 0.132185 0.039086 0.014467 0.000010 0.000010 0.027813
0.000010 0.000010 0.000010 0.789679 0.116381 0.000010 0.000010 0.000010 0.072178 0.021702
0.000010 0.000010 0.000010 0.971066 0.000010 0.000010 0.013340 0.015524 0.000010 0.000010
0.000010 0.000010 0.000010 0.905181 0.094739 0.000010 0.000010 0.000010 0.000010 0.000010
0.000010 0.098136 0.459681 0.318294 0.000010 0.000010 0.000010 0.061666 0.000010 0.062172
0.000010 0.000010 0.164759 0.749466 0.000010 0.000010 0.000010 0.000010 0.000010 0.085705
0.000010 0.000010 0.000010 0.896087 0.000010 0.000010 0.000010 0.000010 0.000010 0.103833
0.000010 0.000010 0.390504 0.489544 0.000010 0.000010 0.020526 0.000010 0.000010 0.099366
0.000010 0.000010 0.053719 0.866682 0.000010 0.000010 0.000010 0.000010 0.000010 0.079529
0.000010 0.000010 0.000010 0.000010 0.000010 0.000010 0.000010 0.000010 0.999910 0.000010
0.000010 0.000010 0.000010 0.000010 0.000010 0.000010 0.000010 0.000010 0.999910 0.000010
0.000010 0.000010 0.186467 0.651281 0.114219 0.013772 0.000010 0.000010 0.034211 0.000010
0.000010 0.204566 0.211661 0.327615 0.195494 0.000010 0.000010 0.000010 0.000010 0.060614
0.000010 0.000010 0.365768 0.419140 0.079614 0.000010 0.000010 0.135417 0.000010 0.000010
0.000010 0.000010 0.000010 0.999198 0.000010 0.000013 0.000010 0.000719 0.000010 0.000010
0.000010 0.000010 0.212833 0.686354 0.000010 0.000010 0.000010 0.034028 0.000010 0.066725
0.000010 0.000010 0.000010 0.910616 0.089304 0.000010 0.000010 0.000010 0.000010 0.000010
0.000010 0.000010 0.083417 0.789285 0.127228 0.000010 0.000010 0.000010 0.000010 0.000010
0.000010 0.000010 0.069619 0.728279 0.021459 0.180583 0.000010 0.000010 0.000010 0.000010
0.000770 0.000010 0.251187 0.747974 0.000010 0.000010 0.000010 0.000010 0.000010 0.000010
0.000010 0.000010 0.201430 0.746353 0.000010 0.000010 0.000010 0.052147 0.000010 0.000010
0.000010 0.035669 0.225467 0.738340 0.000010 0.000010 0.000465 0.000010 0.000010 0.000010
0.008811 0.000010 0.446276 0.544843 0.000010 0.000010 0.000010 0.000010 0.000010 0.000010
0.000010 0.000010 0.089167 0.700760 0.011602 0.198411 0.000010 0.000010 0.000010 0.000010
0.000010 0.000010 0.000010 0.999910 0.000010 0.000010 0.000010 0.000010 0.000010 0.000010
0.000010 0.000010 0.000010 0.936681 0.000010 0.000010 0.000010 0.063239 0.000010 0.000010
0.000010 0.000010 0.204350 0.735235 0.000010 0.000010 0.000010 0.000010 0.000010 0.060344
0.000010 0.050114 0.120536 0.000010 0.022902 0.147294 0.000010 0.214543 0.000010 0.444570
0.000010 0.413956 0.328389 0.257585 0.000010 0.000010 0.000010 0.000010 0.000010 0.000010
0.000010 0.516245 0.166749 0.210076 0.002403 0.104477 0.000010 0.000010 0.000010 0.000010
0.000010 0.000010 0.000010 0.000010 0.000010 0.000010 0.000010 0.000010 0.999910 0.000010
0.000010 0.498707 0.363063 0.000010 0.000010 0.000010 0.000010 0.138160 0.000010 0.000010
0.000010 0.525080 0.406312 0.000010 0.068538 0.000010 0.000010 0.000010 0.000010 0.000010
0.000010 0.293300 0.000010 0.000010 0.000010 0.022340 0.000010 0.000010 0.684290 0.000010
0.000010 0.000010 0.000010 0.000010 0.000010 0.000010 0.000010 0.000010 0.999910 0.000010
0.000010 0.000010 0.000010 0.000010 0.000010 0.000010 0.000010 0.000010 0.999910 0.000010
0.000010 0.999910 0.000010 0.000010 0.000010 0.000010 0.000010 0.000010 0.000010 0.000010
0.000010 0.000010 0.000010 0.000010 0.000010 0.000010 0.000010 0.000010 0.999910 0.000010
0.000010 0.575021 0.200154 0.000010 0.000010 0.000010 0.000010 0.000010 0.000010 0.224754
0.000010 0.531441 0.322806 0.000010 0.000010 0.000010 0.000010 0.000010 0.000010 0.145683
0.000010 0.171167 0.657022 0.000010 0.000010 0.000010 0.015056 0.156696 0.000010 0.000010
0.000010 0.726049 0.094942 0.000010 0.000010 0.000010 0.000010 0.000010 0.000010 0.178940
0.000010 0.880523 0.000010 0.000010 0.000010 0.119397 0.000010 0.000010 0.000010 0.000010
0.000010 0.624377 0.375543 0.000010 0.000010 0.000010 0.000010 0.000010 0.000010 0.000010
0.999910 0.000010 0.000010 0.000010 0.000010 0.000010 0.000010 0.000010 0.000010 0.000010
0.000010 0.360198 0.485397 0.000010 0.000010 0.154335 0.000010 0.000010 0.000010 0.000010
0.000010 0.274248 0.461962 0.177015 0.042550 0.044176 0.000010 0.000010 0.000010 0.000010
0.000010 0.525754 0.239457 0.041183 0.056016 0.000010 0.000010 0.074932 0.000010 0.062617
0.000010 0.317500 0.175705 0.000010 0.098174 0.000010 0.000010 0.000010 0.250107 0.158464
0.999910 0.000010 0.000010 0.000010 0.000010 0.000010 0.000010 0.000010 0.000010 0.000010
0.000010 0.679538 0.196381 0.000010 0.000010 0.000010 0.000010 0.124011 0.000010 0.000010
0.000010 0.396145 0.384554 0.000010 0.000010 0.000010 0.000010 0.183801 0.000010 0.035440
0.999910 0.000010 0.000010 0.000010 0.000010 0.000010 0.000010 0.000010 0.000010 0.000010
0.000010 0.738547 0.140117 0.121266 0.000010 0.000010 0.000010 0.000010 0.000010 0.000010
0.999910 0.000010 0.000010 0.000010 0.000010 0.000010 0.000010 0.000010 0.000010 0.000010
0.999910 0.000010 0.000010 0.000010 0.000010 0.000010 0.000010 0.000010 0.000010 0.000010
0.000010 0.575470 0.000010 0.315747 0.000010 0.000010 0.000010 0.108713 0.000010 0.000010
0.999910 0.000010 0.000010 0.000010 0.000010 0.000010 0.000010 0.000010 0.000010 0.000010
0.000010 0.999910 0.000010 0.000010 0.000010 0.000010 0.000010 0.000010 0.000010 0.000010
0.999910 0.000010 0.000010 0.000010 0.000010 0.000010 0.000010 0.000010 0.000010 0.000010
0.000010 0.999910 0.000010 0.000010 0.000010 0.000010 0.000010 0.000010 0.000010 0.000010
0.000010 0.759510 0.166257 0.000010 0.000010 0.000010 0.000010 0.000010 0.000010 0.074163
0.000010 0.640000 0.359920 0.000010 0.000010 0.000010 0.000010 0.000010 0.000010 0.000010
0.000010 0.311736 0.254077 0.233637 0.000010 0.000010 0.000010 0.006996 0.000010 0.193505
0.000010 0.731711 0.132930 0.000010 0.018780 0.000010 0.000010 0.116518 0.000010 0.000010
0.000010 0.000010 0.000010 0.000010 0.000010 0.000010 0.000010 0.517750 0.000010 0.482170
0.000010 0.000010 0.000010 0.000010 0.000010 0.062032 0.000010 0.387940 0.000010 0.549958
0.000010 0.000010 0.000010 0.000010 0.000010 0.213764 0.000010 0.196988 0.000010 0.589178
0.000010 0.000010 0.089766 0.000010 0.134934 0.775230 0.000010 0.000010 0.000010 0.000010
0.000010 0.000010 0.000010 0.000010 0.000010 0.598124 0.000010 0.000010 0.000010 0.401796
0.001723 0.000010 0.000010 0.000010 0.071400 0.560836 0.000010 0.029024 0.000010 0.336967
0.001016 0.000010 0.000010 0.000010 0.000010 0.000010 0.000010 0.327626 0.000010 0.671288
0.000010 0.000010 0.000010 0.000010 0.000010 0.374327 0.000010 0.582675 0.000010 0.042927
0.191594 0.000010 0.000010 0.000010 0.000010 0.000010 0.808326 0.000010 0.000010 0.000010
0.000010 0.041582 0.000010 0.000010 0.000010 0.152008 0.000010 0.243840 0.000010 0.562509
0.000010 0.000010 0.233397 0.000010 0.000010 0.766523 0.000010 0.000010 0.000010 0.000010
0.000010 0.000010 0.065056 0.000010 0.000010 0.311808 0.000010 0.263070 0.000010 0.360005
0.015266 0.000010 0.000010 0.000010 0.000010 0.000010 0.000010 0.447635 0.000010 0.537029
0.000010 0.000010 0.153067 0.000010 0.000010 0.431576 0.000010 0.157521 0.000010 0.257777
0.000010 0.000010 0.000010 0.000010 0.000010 0.367996 0.000010 0.444713 0.000010 0.187221
0.000010 0.000010 0.000010 0.000010 0.015217 0.042132 0.000010 0.000010 0.000010 0.942581
0.000010 0.000010 0.192457 0.679739 0.052105 0.000010 0.000010 0.075639 0.000010 0.000010
0.000010 0.102688 0.000010 0.269614 0.000010 0.208042 0.000010 0.000010 0.000010 0.419596
0.000010 0.000010 0.000010 0.000010 0.000010 0.000010 0.999910 0.000010 0.000010 0.000010
0.000010 0.000010 0.000010 0.000010 0.000010 0.140312 0.000010 0.000010 0.000010 0.859608
0.000010 0.000010 0.024673 0.000010 0.000010 0.000010 0.000010 0.000010 0.000010 0.975247
0.000010 0.000010 0.052490 0.000010 0.000010 0.396204 0.000010 0.000010 0.000010 0.551237
0.000010 0.000010 0.000010 0.000010 0.000010 0.000010 0.000010 0.539831 0.000010 0.460089
0.004414 0.000010 0.000010 0.147117 0.000010 0.000010 0.000010 0.386611 0.000010 0.461799
0.000010 0.000010 0.000010 0.000010 0.000010 0.000010 0.999910 0.000010 0.000010 0.000010
0.000010 0.019198 0.000010 0.000010 0.000010 0.365144 0.000010 0.000010 0.000010 0.615589
0.000010 0.036994 0.000010 0.000010 0.002595 0.321066 0.004882 0.000010 0.000010 0.634413
0.000010 0.000010 0.000010 0.000010 0.000010 0.000010 0.999910 0.000010 0.000010 0.000010
0.000010 0.000010 0.036579 0.000010 0.000010 0.433672 0.000010 0.529679 0.000010 0.000010
0.000010 0.000010 0.000010 0.000010 0.000010 0.000010 0.999910 0.000010 0.000010 0.000010
0.000010 0.000010 0.000010 0.000010 0.000010 0.000010 0.999910 0.000010 0.000010 0.000010
0.136941 0.000010 0.000010 0.000010 0.000010 0.000010 0.862979 0.000010 0.000010 0.000010
0.000010 0.000010 0.078655 0.000010 0.000010 0.386007 0.000010 0.222880 0.000010 0.312398
0.000010 0.000010 0.092630 0.000010 0.000010 0.000010 0.000010 0.475115 0.000010 0.432185
0.000010 0.000010 0.030470 0.000010 0.773947 0.195513 0.000010 0.000010 0.000010 0.000010
0.000010 0.000010 0.208112 0.000010 0.732719 0.000010 0.000010 0.000010 0.000010 0.059099
0.000010 0.000010 0.000010 0.186035 0.812098 0.000010 0.000010 0.001797 0.000010 0.000010
0.000010 0.068583 0.179029 0.000010 0.664668 0.000010 0.000010 0.000010 0.000010 0.087660
0.039355 0.000010 0.000010 0.103861 0.492420 0.175854 0.000010 0.000010 0.000010 0.188460
0.000010 0.000010 0.259969 0.000010 0.688274 0.000010 0.000010 0.051688 0.000010 0.000010
0.000010 0.000010 0.000010 0.000010 0.000010 0.312542 0.000010 0.121512 0.000010 0.565876
0.000010 0.000010 0.000010 0.000010 0.000010 0.000010 0.999910 0.000010 0.000010 0.000010
0.000010 0.000010 0.000010 0.000010 0.000010 0.103493 0.000010 0.000010 0.000010 0.896427
0.000790 0.000010 0.000010 0.000010 0.000010 0.000010 0.000010 0.778862 0.000010 0.220278
0.000010 0.000010 0.029815 0.000010 0.000010 0.310350 0.000010 0.000010 0.000010 0.659765
0.000010 0.000010 0.000010 0.000010 0.000010 0.000010 0.999910 0.000010 0.000010 0.000010
0.000010 0.000010 0.000010 0.000010 0.000010 0.000010 0.000010 0.854584 0.000010 0.145336
0.000010 0.000010 0.000010 0.000010 0.000010 0.000010 0.000010 0.000010 0.000010 0.999910
0.000010 0.000010 0.000010 0.000010 0.000010 0.341281 0.000010 0.000010 0.000010 0.658639
0.000010 0.021746 0.000010 0.000010 0.000010 0.231358 0.000010 0.000010 0.000010 0.746826
0.000010 0.000010 0.021073 0.000010 0.072382 0.319774 0.000010 0.198326 0.000010 0.388394
0.000010 0.000010 0.000010 0.000010 0.000010 0.031788 0.000010 0.463530 0.000010 0.504612
0.000010 0.012354 0.003862 0.000010 0.060262 0.025766 0.000010 0.341695 0.000010 0.556021
0.000010 0.000010 0.000010 0.000010 0.000010 0.081766 0.000010 0.637630 0.000010 0.280534
0.000010 0.000010 0.000010 0.112906 0.000010 0.374729 0.000010 0.099831 0.000010 0.412474
0.000010 0.000010 0.000010 0.000010 0.000010 0.000010 0.999910 0.000010 0.000010 0.000010
0.000010 0.000010 0.000010 0.000010 0.000010 0.999910 0.000010 0.000010 0.000010 0.000010
0.000010 0.000010 0.000010 0.000010 0.000010 0.000010 0.000010 0.999910 0.000010 0.000010
0.000010 0.000010 0.000010 0.000010 0.000010 0.000010 0.000010 0.696066 0.000010 0.303854
0.000010 0.000010 0.000010 0.000010 0.000010 0.999910 0.000010 0.000010 0.000010 0.000010
0.000010 0.000010 0.000010 0.000010 0.000010 0.064013 0.000010 0.000010 0.000010 0.935907
0.000010 0.113661 0.000010 0.000010 0.000010 0.000010 0.000010 0.000010 0.000010 0.886259
0.000010 0.000010 0.000010 0.000010 0.000010 0.000010 0.000010 0.000010 0.000010 0.999910
0.000010 0.000010 0.000010 0.000010 0.000010 0.302432 0.000010 0.404851 0.000010 0.292647
0.000010 0.000010 0.006020 0.000010 0.000010 0.000010 0.000010 0.340832 0.028185 0.624902
0.000010 0.000010 0.000010 0.000010 0.000010 0.027844 0.000010 0.000010 0.000010 0.972076
0.000010 0.075987 0.000010 0.000010 0.000010 0.000010 0.000010 0.391499 0.000010 0.532445
0.000010 0.000010 0.000010 0.000010 0.000010 0.363942 0.000010 0.635978 0.000010 0.000010
0.000010 0.000010 0.000010 0.000010 0.000010 0.999910 0.000010 0.000010 0.000010 0.000010
0.000010 0.000010 0.000010 0.000010 0.000010 0.000010 0.000010 0.000010 0.000010 0.999910
0.000010 0.088392 0.029486 0.000010 0.000010 0.076415 0.000010 0.151912 0.000010 0.653745
0.000010 0.000010 0.000010 0.000010 0.000010 0.112905 0.000010 0.887015 0.000010 0.000010
0.000010 0.000010 0.000010 0.000010 0.000010 0.734074 0.000010 0.000010 0.000010 0.265846
0.000010 0.000010 0.000010 0.000010 0.000010 0.999910 0.000010 0.000010 0.000010 0.000010
0.000010 0.000010 0.000010 0.000010 0.000010 0.239149 0.000010 0.760771 0.000010 0.000010
0.000010 0.000010 0.067309 0.000010 0.013611 0.097310 0.000010 0.000010 0.000010 0.821710
0.000010 0.000010 0.000010 0.000010 0.000010 0.000010 0.999910 0.000010 0.000010 0.000010
0.000010 0.000010 0.000010 0.000010 0.000010 0.000010 0.999910 0.000010 0.000010 0.000010
0.000010 0.000010 0.082169 0.000010 0.000010 0.000010 0.000010 0.596260 0.000010 0.321501
0.000010 0.000010 0.000010 0.000010 0.000010 0.000010 0.999910 0.000010 0.000010 0.000010
0.000010 0.000010 0.000010 0.000010 0.000010 0.194070 0.000010 0.136646 0.000010 0.669215
0.000010 0.000010 0.000010 0.000010 0.000010 0.064302 0.000010 0.000010 0.000010 0.935618
0.000010 0.000010 0.000010 0.000010 0.000010 0.000010 0.999910 0.000010 0.000010 0.000010
0.000010 0.000010 0.000010 0.000010 0.000010 0.000010 0.999910 0.000010 0.000010 0.000010
0.000010 0.000010 0.000011 0.000010 0.000010 0.296949 0.000010 0.403326 0.000010 0.299654
0.000010 0.000010 0.000010 0.000010 0.000010 0.000010 0.999910 0.000010 0.000010 0.000010
0.000010 0.000010 0.000010 0.000010 0.000010 0.000010 0.999910 0.000010 0.000010 0.000010
0.000010 0.000010 0.000010 0.000010 0.000010 0.000010 0.999910 0.000010 0.000010 0.000010
0.000010 0.000010 0.305573 0.504992 0.000010 0.146951 0.000010 0.000010 0.000010 0.042423
0.000010 0.000010 0.509348 0.376055 0.114527 0.000010 0.000010 0.000010 0.000010 0.000010
0.000010 0.000010 0.999910 0.000010 0.000010 0.000010 0.000010 0.000010 0.000010 0.000010
0.000010 0.095801 0.000010 0.904119 0.000010 0.000010 0.000010 0.000010 0.000010 0.000010
0.740701 0.000010 0.000010 0.000010 0.000010 0.000010 0.259219 0.000010 0.000010 0.000010
0.000010 0.000010 0.000010 0.000010 0.000010 0.210878 0.000010 0.366488 0.000010 0.422565
0.000010 0.017014 0.227514 0.647299 0.000010 0.000010 0.000010 0.108113 0.000010 0.000010
0.000010 0.000010 0.105960 0.751566 0.115503 0.000010 0.000010 0.026911 0.000010 0.000010
0.012585 0.000010 0.142852 0.537036 0.000010 0.000010 0.000010 0.000010 0.000010 0.307467
0.055707 0.000010 0.129961 0.734231 0.000010 0.000010 0.000010 0.000010 0.000010 0.080041
0.000010 0.118870 0.073390 0.533216 0.074565 0.000010 0.024742 0.000010 0.000010 0.175177
0.000010 0.000010 0.623219 0.376701 0.000010 0.000010 0.000010 0.000010 0.000010 0.000010
0.000010 0.000010 0.000010 0.885122 0.000010 0.114798 0.000010 0.000010 0.000010 0.000010
0.000010 0.190235 0.411833 0.309249 0.040416 0.000010 0.000010 0.000010 0.048217 0.000010
0.000010 0.000010 0.353947 0.496697 0.000010 0.006022 0.000010 0.143274 0.000010 0.000010
0.000010 0.163325 0.008174 0.713948 0.000010 0.000010 0.000010 0.114492 0.000010 0.000010
0.000010 0.052473 0.199807 0.562634 0.185025 0.000010 0.000010 0.000010 0.000010 0.000010
0.000010 0.123376 0.000010 0.860182 0.009060 0.000010 0.000010 0.007322 0.000010 0.000010
0.000010 0.000010 0.000010 0.800244 0.065908 0.089316 0.000010 0.044472 0.000010 0.000010
0.000010 0.028916 0.180792 0.693039 0.000010 0.000010 0.000010 0.000010 0.097193 0.000010
0.000010 0.000010 0.999910 0.000010 0.000010 0.000010 0.000010 0.000010 0.000010 0.000010
0.000010 0.000010 0.169570 0.723337 0.000010 0.107023 0.000010 0.000010 0.000010 0.000010
0.000010 0.000010 0.000010 0.824888 0.000010 0.000010 0.000010 0.000010 0.060758 0.114283
0.000010 0.000010 0.022528 0.709621 0.085155 0.137207 0.000010 0.000010 0.000010 0.045438
0.000010 0.000010 0.000010 0.722804 0.078124 0.000010 0.000010 0.000010 0.000010 0.199002
0.016893 0.000010 0.121895 0.856242 0.000010 0.000010 0.000010 0.000010 0.000010 0.004911
0.005367 0.094049 0.000010 0.812166 0.000010 0.088359 0.000010 0.000010 0.000010 0.000010
0.819448 0.000010 0.000010 0.000010 0.000010 0.000010 0.180472 0.000010 0.000010 0.000010
0.000010 0.000010 0.346820 0.604982 0.000010 0.000010 0.000010 0.000010 0.000010 0.048128
0.000561 0.016889 0.000010 0.787571 0.194919 0.000010 0.000010 0.000010 0.000010 0.000010
0.000010 0.000010 0.000010 0.999910 0.000010 0.000010 0.000010 0.000010 0.000010 0.000010
0.999910 0.000010 0.000010 0.000010 0.000010 0.000010 0.000010 0.000010 0.000010 0.000010
0.000010 0.000010 0.999910 0.000010 0.000010 0.000010 0.000010 0.000010 0.000010 0.000010
0.999910 0.000010 0.000010 0.000010 0.000010 0.000010 0.000010 0.000010 0.000010 0.000010
0.000010 0.000010 0.110170 0.856063 0.000010 0.033697 0.000010 0.000010 0.000010 0.000010
0.000010 0.000010 0.000010 0.999910 0.000010 0.000010 0.000010 0.000010 0.000010 0.000010
0.000010 0.000010 0.274025 0.670346 0.000010 0.000010 0.000010 0.055559 0.000010 0.000010
0.000010 0.000010 0.279073 0.585476 0.000010 0.047507 0.000010 0.087883 0.000010 0.000010
0.000010 0.000010 0.141844 0.704754 0.136885 0.016458 0.000010 0.000010 0.000010 0.000010
0.000010 0.000010 0.074912 0.534384 0.000010 0.000010 0.000010 0.390634 0.000010 0.000010
0.000010 0.000010 0.000010 0.978790 0.000010 0.000010 0.009911 0.000010 0.000010 0.011230
0.000010 0.000010 0.059470 0.894392 0.000010 0.000010 0.000010 0.031701 0.000010 0.014378
0.000010 0.152991 0.000010 0.811536 0.000010 0.000010 0.000010 0.000010 0.000010 0.035403
0.000010 0.000010 0.403663 0.322643 0.046909 0.000010 0.000010 0.000010 0.000010 0.226725
0.000010 0.000010 0.271649 0.728271 0.000010 0.000010 0.000010 0.000010 0.000010 0.000010
0.000010 0.000010 0.412435 0.437934 0.000010 0.149560 0.000010 0.000010 0.000010 0.000010
0.000010 0.000010 0.214798 0.737463 0.000010 0.047668 0.000010 0.000010 0.000010 0.000010
0.000010 0.000010 0.000010 0.000010 0.000010 0.999910 0.000010 0.000010 0.000010 0.000010
0.000010 0.106254 0.000010 0.000010 0.000010 0.670292 0.000010 0.000010 0.000010 0.223384
0.000010 0.000010 0.000010 0.000010 0.000010 0.999910 0.000010 0.000010 0.000010 0.000010
0.000010 0.000010 0.095733 0.000010 0.000010 0.347477 0.000010 0.183998 0.000010 0.372732
0.000010 0.003047 0.069201 0.000010 0.000010 0.000010 0.000010 0.089168 0.000010 0.838524
0.000010 0.000010 0.000010 0.000010 0.000010 0.050831 0.000010 0.227263 0.000010 0.721836
0.000010 0.000010 0.000010 0.000010 0.068483 0.336111 0.000026 0.489034 0.000010 0.106296
0.000010 0.070951 0.000010 0.000010 0.000010 0.210265 0.000010 0.211148 0.000010 0.507577
0.000010 0.000010 0.000010 0.000010 0.000010 0.368189 0.000010 0.607515 0.000010 0.024226
0.000010 0.000010 0.000010 0.000010 0.076828 0.000010 0.000010 0.290568 0.000010 0.632534
0.000010 0.000010 0.000010 0.000010 0.000010 0.382537 0.000010 0.480311 0.000010 0.137081
0.000010 0.000010 0.000010 0.000010 0.000010 0.360835 0.000010 0.275675 0.000010 0.363420
0.999910 0.000010 0.000010 0.000010 0.000010 0.000010 0.000010 0.000010 0.000010 0.000010
0.000010 0.000010 0.000010 0.000010 0.000010 0.368302 0.000010 0.401458 0.016804 0.213376
0.000010 0.030639 0.000010 0.058109 0.000010 0.266517 0.000010 0.261325 0.000010 0.383360
0.000010 0.000010 0.029056 0.000010 0.059626 0.000010 0.000010 0.413376 0.000010 0.497882
0.017867 0.005386 0.020548 0.000010 0.049632 0.270647 0.000010 0.259267 0.000010 0.376623
0.000010 0.000010 0.094473 0.000010 0.135103 0.243950 0.000010 0.526414 0.000010 0.000010
0.000010 0.000010 0.000010 0.000010 0.000010 0.388257 0.000010 0.003870 0.000010 0.607803
0.000010 0.000010 0.245773 0.000010 0.000010 0.398035 0.000010 0.000010 0.000010 0.356123
0.000010 0.000010 0.059613 0.000010 0.000010 0.404190 0.000010 0.536127 0.000010 0.000010
0.000010 0.000010 0.124352 0.000010 0.000010 0.000010 0.000010 0.000010 0.000010 0.875568
0.000010 0.000010 0.000010 0.000010 0.000010 0.000010 0.000010 0.999910 0.000010 0.000010
0.000010 0.000010 0.000010 0.000010 0.000010 0.000010 0.000010 0.408809 0.000010 0.591111
0.000010 0.000010 0.000010 0.000010 0.017690 0.119621 0.000010 0.307449 0.000010 0.555181
0.000010 0.000010 0.000010 0.000010 0.000010 0.000010 0.000010 0.539174 0.000010 0.460746
0.000010 0.000010 0.000010 0.000010 0.009294 0.249873 0.000010 0.740763 0.000010 0.000010
0.000010 0.000010 0.000010 0.007258 0.000010 0.158592 0.000010 0.834079 0.000010 0.000010
0.000010 0.000010 0.056161 0.000010 0.000010 0.257018 0.000010 0.000010 0.000010 0.686751
0.000010 0.000010 0.037733 0.000010 0.000010 0.307409 0.000010 0.000010 0.000010 0.654789
0.000010 0.000010 0.000010 0.186467 0.000010 0.209679 0.000010 0.142841 0.000010 0.460953
0.000010 0.000010 0.000010 0.000010 0.185447 0.337504 0.000010 0.476979 0.000010 0.000010
0.000010 0.000010 0.000010 0.000010 0.000010 0.000010 0.000010 0.513875 0.000010 0.486045
0.000010 0.000010 0.000010 0.901322 0.093769 0.000010 0.000010 0.004839 0.000010 0.000010
0.000010 0.000010 0.000010 0.000010 0.034457 0.163004 0.000010 0.492632 0.000010 0.309846
0.002881 0.000010 0.091809 0.000010 0.000010 0.296078 0.000010 0.212604 0.000010 0.396578
0.000010 0.000010 0.187208 0.000010 0.015740 0.095241 0.000010 0.701752 0.000010 0.000010
0.000010 0.280586 0.000010 0.000010 0.000010 0.330892 0.000010 0.000010 0.000010 0.388452
0.000010 0.000010 0.000010 0.000010 0.000010 0.000010 0.000010 0.000010 0.000010 0.999910
0.000010 0.114508 0.000010 0.000010 0.000010 0.293888 0.000010 0.163254 0.000010 0.428290
0.000010 0.000010 0.129258 0.000010 0.000010 0.702104 0.000010 0.000010 0.000010 0.168568
0.000010 0.000010 0.000010 0.000010 0.070422 0.196027 0.000010 0.368069 0.038272 0.327160
0.000010 0.000010 0.000010 0.000010 0.000010 0.078844 0.000010 0.260416 0.000010 0.660670
0.000010 0.000010 0.079788 0.000010 0.000010 0.131380 0.000010 0.355481 0.000010 0.433291
0.000010 0.102836 0.000010 0.000010 0.000010 0.000010 0.000010 0.306913 0.000010 0.590181
0.000010 0.000010 0.000010 0.000010 0.000010 0.251897 0.000010 0.597587 0.000010 0.150446
0.000010 0.073924 0.000010 0.000010 0.000010 0.180828 0.000010 0.348094 0.000010 0.397094
0.000010 0.000010 0.000010 0.000010 0.000010 0.362231 0.000010 0.000010 0.000010 0.637689
0.000010 0.000010 0.000010 0.000010 0.000010 0.105889 0.000010 0.156671 0.000010 0.737369
0.000010 0.000010 0.084876 0.000010 0.000010 0.000010 0.000010 0.263453 0.000010 0.651601
0.000010 0.000010 0.000010 0.000010 0.000010 0.445838 0.000010 0.069317 0.000010 0.484775
0.000010 0.000010 0.102694 0.000010 0.047260 0.404360 0.000010 0.000010 0.000010 0.445625
0.000010 0.000010 0.000010 0.000010 0.000010 0.017731 0.000010 0.393536 0.000010 0.588664
0.000010 0.041281 0.000016 0.279638 0.000010 0.180062 0.000010 0.000010 0.000010 0.498954
0.000010 0.000010 0.000010 0.000010 0.000010 0.413572 0.000010 0.303906 0.000010 0.282452
0.000010 0.000010 0.000010 0.000010 0.000010 0.436011 0.000010 0.222167 0.000010 0.341752
0.000010 0.000010 0.000010 0.000010 0.000010 0.438668 0.000010 0.525856 0.000010 0.035406
0.000010 0.000010 0.000010 0.000010 0.059451 0.191352 0.000010 0.338678 0.000010 0.410459
0.000010 0.000010 0.000010 0.000010 0.000010 0.257395 0.000010 0.594342 0.000010 0.148193
0.000010 0.000010 0.000010 0.000010 0.000010 0.999910 0.000010 0.000010 0.000010 0.000010
0.000010 0.000010 0.000010 0.000010 0.000010 0.000010 0.000010 0.000010 0.000010 0.999910
0.000010 0.000010 0.000010 0.000010 0.000010 0.999910 0.000010 0.000010 0.000010 0.000010
0.000010 0.000010 0.000010 0.000793 0.059273 0.289647 0.000010 0.278192 0.000010 0.372045
0.000010 0.000010 0.000010 0.000010 0.000010 0.000010 0.000010 0.000010 0.000010 0.999910
0.004726 0.079501 0.000010 0.000010 0.000010 0.286594 0.000010 0.343363 0.000010 0.285767
0.000010 0.000010 0.000010 0.000010 0.000010 0.537722 0.000010 0.000010 0.000010 0.462198
0.000010 0.000010 0.000010 0.000010 0.000010 0.000010 0.999910 0.000010 0.000010 0.000010
0.000010 0.000010 0.000010 0.040278 0.000010 0.236067 0.000010 0.179393 0.000010 0.544202
0.000010 0.000010 0.000010 0.000010 0.000010 0.375244 0.000010 0.567528 0.000010 0.057157
0.000010 0.000010 0.000010 0.000010 0.000010 0.582378 0.000010 0.058825 0.000010 0.358727
0.000010 0.006854 0.000010 0.000010 0.000010 0.391023 0.000010 0.602053 0.000010 0.000010
0.000010 0.000010 0.000010 0.000010 0.000010 0.197982 0.000010 0.426113 0.000010 0.375835
0.000010 0.000010 0.000010 0.000010 0.000010 0.322971 0.000010 0.394711 0.000010 0.282248
0.000010 0.000010 0.000010 0.000010 0.000010 0.260762 0.000010 0.739158 0.000010 0.000010
0.000010 0.000010 0.000010 0.000010 0.000010 0.000010 0.000010 0.999910 0.000010 0.000010
0.000010 0.000010 0.000010 0.000010 0.000010 0.000010 0.000010 0.999910 0.000010 0.000010
0.000010 0.000010 0.000010 0.000010 0.065261 0.095527 0.000010 0.426739 0.000010 0.412413
0.000010 0.000010 0.000722 0.000010 0.000010 0.000010 0.000010 0.303595 0.000010 0.695613
0.000010 0.000010 0.090340 0.000010 0.000010 0.301867 0.000010 0.270895 0.000010 0.336838
0.000010 0.000010 0.000010 0.000010 0.138051 0.252296 0.000010 0.376159 0.000010 0.233433
0.000010 0.067312 0.000010 0.020672 0.000010 0.295056 0.000010 0.174532 0.000010 0.442378
0.000010 0.000010 0.000010 0.000010 0.000010 0.267032 0.000010 0.449730 0.000010 0.283167
0.000010 0.000010 0.000010 0.025824 0.874603 0.000010 0.000010 0.099503 0.000010 0.000010
0.000010 0.157201 0.000010 0.000010 0.842719 0.000010 0.000010 0.000010 0.000010 0.000010
0.000010 0.000010 0.000010 0.037494 0.962426 0.000010 0.000010 0.000010 0.000010 0.000010
0.000010 0.200442 0.045454 0.000010 0.639434 0.114611 0.000010 0.000010 0.000010 0.000010
0.000010 0.000010 0.120387 0.000010 0.879533 0.000010 0.000010 0.000010 0.000010 0.000010
0.000010 0.000010 0.220737 0.000010 0.779183 0.000010 0.000010 0.000010 0.000010 0.000010
0.014782 0.000010 0.000010 0.000010 0.985138 0.000010 0.000010 0.000010 0.000010 0.000010
0.000010 0.000010 0.000010 0.000010 0.830115 0.018184 0.000010 0.000010 0.000010 0.151632
0.000010 0.248912 0.000010 0.000010 0.751008 0.000010 0.000010 0.000010 0.000010 0.000010
0.000010 0.000010 0.000010 0.000010 0.861517 0.006801 0.000010 0.000010 0.000010 0.131613
0.000010 0.000010 0.073333 0.000010 0.926587 0.000010 0.000010 0.000010 0.000010 0.000010
0.000010 0.001744 0.207201 0.015594 0.702447 0.000010 0.000010 0.000010 0.000010 0.072965
0.000010 0.000010 0.277137 0.000010 0.722783 0.000010 0.000010 0.000010 0.000010 0.000010
0.000010 0.000010 0.000010 0.000010 0.999910 0.000010 0.000010 0.000010 0.000010 0.000010
0.000010 0.000010 0.014680 0.000010 0.914734 0.070517 0.000010 0.000010 0.000010 0.000010
0.856607 0.000010 0.000010 0.000010 0.000010 0.000010 0.143313 0.000010 0.000010 0.000010
0.000010 0.000010 0.000010 0.036577 0.787029 0.000010 0.000010 0.103366 0.000010 0.072969
0.000010 0.000010 0.000010 0.126803 0.741887 0.000010 0.000010 0.000010 0.000010 0.131241
0.000010 0.103568 0.071709 0.000010 0.691240 0.000010 0.000010 0.000010 0.000010 0.133424
0.000010 0.000010 0.000010 0.000010 0.980248 0.000010 0.000010 0.019672 0.000010 0.000010
0.000010 0.175436 0.198167 0.000010 0.454671 0.000010 0.000010 0.171666 0.000010 0.000010
0.000010 0.000010 0.000010 0.008434 0.991486 0.000010 0.000010 0.000010 0.000010 0.000010
0.000010 0.000010 0.037134 0.000010 0.807424 0.155372 0.000010 0.000010 0.000010 0.000010
0.000010 0.100713 0.000010 0.000010 0.713761 0.000010 0.000010 0.000010 0.000010 0.185456
0.000010 0.000010 0.000010 0.000010 0.970961 0.000010 0.000010 0.000010 0.000010 0.028959
0.000010 0.000010 0.000010 0.106353 0.815641 0.005177 0.000010 0.000010 0.000010 0.072769
0.000010 0.229966 0.000010 0.000010 0.769954 0.000010 0.000010 0.000010 0.000010 0.000010
0.001576 0.000010 0.233207 0.020300 0.744857 0.000010 0.000010 0.000010 0.000010 0.000010
0.000010 0.000010 0.234759 0.000010 0.762188 0.000010 0.000010 0.002983 0.000010 0.000010
0.000010 0.000010 0.000010 0.000010 0.907452 0.092468 0.000010 0.000010 0.000010 0.000010
0.000010 0.017163 0.000010 0.220305 0.762462 0.000010 0.000010 0.000010 0.000010 0.000010
0.000010 0.000010 0.004758 0.104067 0.807175 0.000010 0.018182 0.030151 0.000010 0.035627
0.000010 0.000010 0.202015 0.000010 0.763968 0.000010 0.000010 0.000010 0.000010 0.033947
0.000010 0.000010 0.000010 0.245754 0.754079 0.000097 0.000010 0.000010 0.000010 0.000010
0.000010 0.000010 0.224004 0.000010 0.548960 0.180843 0.000010 0.000010 0.000010 0.046133
0.999910 0.000010 0.000010 0.000010 0.000010 0.000010 0.000010 0.000010 0.000010 0.000010
0.000010 0.000010 0.084948 0.000010 0.831752 0.055821 0.000010 0.000010 0.000010 0.027419
0.000010 0.196241 0.000010 0.000010 0.803679 0.000010 0.000010 0.000010 0.000010 0.000010
0.999910 0.000010 0.000010 0.000010 0.000010 0.000010 0.000010 0.000010 0.000010 0.000010
0.000010 0.000010 0.117379 0.000010 0.850297 0.000010 0.000010 0.000010 0.000010 0.032255
0.000010 0.163968 0.000010 0.000010 0.591365 0.244597 0.000010 0.000010 0.000010 0.000010
0.000010 0.000010 0.000010 0.000010 0.813365 0.000010 0.000010 0.000010 0.000010 0.186555
0.000010 0.000010 0.000012 0.124351 0.847771 0.027806 0.000010 0.000010 0.000010 0.000010
0.000010 0.000010 0.072444 0.000010 0.927476 0.000010 0.000010 0.000010 0.000010 0.000010
0.000010 0.000010 0.000010 0.141767 0.793274 0.064889 0.000010 0.000010 0.000010 0.000010
0.000010 0.095900 0.000010 0.108312 0.687855 0.107874 0.000010 0.000010 0.000010 0.000010
0.929548 0.000010 0.000010 0.000010 0.000010 0.000010 0.070372 0.000010 0.000010 0.000010
0.000010 0.000010 0.000010 0.000010 0.894811 0.000010 0.000010 0.000010 0.000010 0.105109
0.000010 0.000010 0.113250 0.071215 0.725325 0.090150 0.000010 0.000010 0.000010 0.000010
0.000010 0.000010 0.000010 0.000010 0.915872 0.000010 0.000010 0.084048 0.000010 0.000010
0.000010 0.022484 0.047718 0.000010 0.773503 0.156235 0.000010 0.000010 0.000010 0.000010
0.000010 0.153056 0.091068 0.000010 0.755806 0.000010 0.000010 0.000010 0.000010 0.000010
0.000010 0.000010 0.056554 0.000010 0.000010 0.000010 0.000010 0.392002 0.000010 0.551374
