0.000329 0.000010 0.906598 0.070966 0.022087 0.000010
0.131848 0.024647 0.751049 0.000010 0.000010 0.092436
0.000010 0.000010 0.929371 0.070589 0.000010 0.000010
0.000010 0.000010 0.999950 0.000010 0.000010 0.000010
0.085140 0.000010 0.756238 0.000010 0.012276 0.146326
0.000010 0.000010 0.938433 0.000010 0.000010 0.061527
0.000010 0.000010 0.949473 0.000010 0.000010 0.050487
0.080219 0.000010 0.914259 0.005491 0.000010 0.000010
0.000010 0.000010 0.999950 0.000010 0.000010 0.000010
0.000010 0.999950 0.000010 0.000010 0.000010 0.000010
0.000010 0.999950 0.000010 0.000010 0.000010 0.000010
0.224810 0.000010 0.775150 0.000010 0.000010 0.000010
0.000010 0.000010 0.889095 0.110865 0.000010 0.000010
0.060161 0.000010 0.939799 0.000010 0.000010 0.000010
0.000010 0.000010 0.995262 0.004698 0.000010 0.000010
0.000010 0.000010 0.898860 0.000010 0.000010 0.101100
0.123122 0.000010 0.876838 0.000010 0.000010 0.000010
0.000010 0.000010 0.853176 0.146784 0.000010 0.000010
0.052646 0.000010 0.947314 0.000010 0.000010 0.000010
0.000010 0.000010 0.984844 0.000010 0.015116 0.000010
0.000010 0.000010 0.999950 0.000010 0.000010 0.000010
0.043988 0.000010 0.942890 0.000010 0.013092 0.000010
0.000010 0.000010 0.999950 0.000010 0.000010 0.000010
0.033730 0.000010 0.945896 0.000010 0.000010 0.020344
0.000010 0.000010 0.999950 0.000010 0.000010 0.000010
0.000010 0.000010 0.999950 0.000010 0.000010 0.000010
0.009982 0.000010 0.989978 0.000010 0.000010 0.000010
0.168732 0.000010 0.000010 0.584019 0.000010 0.247219
0.000010 0.069279 0.834940 0.059185 0.000010 0.036576
0.000010 0.000010 0.839584 0.160376 0.000010 0.000010
0.000010 0.000010 0.917252 0.073432 0.009287 0.000010
0.000010 0.142208 0.787517 0.000010 0.002661 0.067594
0.000010 0.000010 0.999950 0.000010 0.000010 0.000010
0.000010 0.000010 0.999950 0.000010 0.000010 0.000010
0.000010 0.999950 0.000010 0.000010 0.000010 0.000010
0.041657 0.522858 0.349826 0.085638 0.000010 0.000010
0.094823 0.000010 0.905137 0.000010 0.000010 0.000010
0.000010 0.000010 0.916651 0.075126 0.008193 0.000010
0.035843 0.000010 0.863297 0.000010 0.000010 0.100830
0.196820 0.000010 0.803140 0.000010 0.000010 0.000010
0.000010 0.000010 0.942307 0.057653 0.000010 0.000010
0.000010 0.000010 0.999950 0.000010 0.000010 0.000010
0.066703 0.000010 0.798493 0.000010 0.000010 0.134774
0.000010 0.000010 0.879887 0.120073 0.000010 0.000010
0.000010 0.000010 0.000010 0.000010 0.999950 0.000010
0.000010 0.088391 0.661644 0.247272 0.002673 0.000010
0.140439 0.000010 0.736471 0.112030 0.011041 0.000010
0.204280 0.100142 0.548851 0.146707 0.000010 0.000010
0.156175 0.084744 0.678502 0.070727 0.009842 0.000010
0.000010 0.000010 0.000010 0.000010 0.999950 0.000010
0.036326 0.071997 0.769532 0.122125 0.000010 0.000010
0.386341 0.000010 0.472578 0.000010 0.000010 0.141050
0.000010 0.000010 0.000010 0.000010 0.999950 0.000010
0.000010 0.000010 0.999950 0.000010 0.000010 0.000010
0.000010 0.000010 0.000010 0.000010 0.999950 0.000010
0.000010 0.000010 0.000010 0.000010 0.999950 0.000010
0.191963 0.000010 0.807997 0.000010 0.000010 0.000010
0.022098 0.000010 0.000010 0.000010 0.977862 0.000010
0.000010 0.999950 0.000010 0.000010 0.000010 0.000010
0.000010 0.000010 0.000639 0.000010 0.999321 0.000010
0.000010 0.999950 0.000010 0.000010 0.000010 0.000010
0.000010 0.000010 0.739046 0.000010 0.000010 0.260914
0.046511 0.000010 0.953449 0.000010 0.000010 0.000010
0.094830 0.000010 0.725895 0.000010 0.008070 0.171186
0.456954 0.000010 0.543006 0.000010 0.000010 0.000010
0.000010 0.000010 0.000015 0.999945 0.000010 0.000010
0.000010 0.000010 0.000010 0.135255 0.008489 0.856226
0.000010 0.000010 0.000010 0.483893 0.000010 0.516067
0.000010 0.000010 0.134758 0.553361 0.000010 0.311852
0.000010 0.000010 0.000010 0.785983 0.011569 0.202418
0.000010 0.000010 0.000010 0.585652 0.000010 0.414308
0.000010 0.000010 0.000010 0.999950 0.000010 0.000010
0.000010 0.000010 0.000010 0.133613 0.000010 0.866347
0.000010 0.000010 0.000010 0.000010 0.999950 0.000010
0.078300 0.000010 0.000010 0.000010 0.000010 0.921660
0.061027 0.000010 0.253331 0.545815 0.000010 0.139808
0.000010 0.000010 0.039368 0.549844 0.000010 0.410758
0.000010 0.000010 0.099771 0.315204 0.000010 0.584995
0.000010 0.000010 0.000010 0.666499 0.000010 0.333461
0.000010 0.000010 0.000010 0.669326 0.000010 0.330634
0.000010 0.000010 0.000010 0.200568 0.000010 0.799392
0.101491 0.000010 0.758125 0.000010 0.000010 0.140354
0.000010 0.000010 0.269545 0.074447 0.000010 0.655977
0.000010 0.000010 0.000010 0.000010 0.999950 0.000010
0.000010 0.000010 0.000010 0.801692 0.000010 0.198268
0.000010 0.000010 0.000010 0.689457 0.000010 0.310503
0.000010 0.000010 0.000010 0.713738 0.000010 0.286222
0.000010 0.000010 0.000010 0.387311 0.000010 0.612649
0.068418 0.000010 0.000010 0.000010 0.000010 0.931542
0.000010 0.000010 0.000010 0.000010 0.999950 0.000010
0.000010 0.000010 0.000010 0.567183 0.000010 0.432777
0.000010 0.000010 0.000010 0.999950 0.000010 0.000010
0.000017 0.000010 0.000010 0.000010 0.999943 0.000010
0.000010 0.000010 0.000010 0.999950 0.000010 0.000010
0.000013 0.000010 0.000010 0.000010 0.999947 0.000010
0.000010 0.000010 0.000010 0.000010 0.999950 0.000010
0.000010 0.000010 0.000010 0.000010 0.999950 0.000010
0.000010 0.000010 0.000010 0.296653 0.000010 0.703307
0.118917 0.000010 0.000010 0.158858 0.000010 0.722195
0.834071 0.000010 0.103752 0.000010 0.000010 0.062147
0.872139 0.000010 0.000010 0.000010 0.000010 0.127821
0.669613 0.000010 0.116642 0.213715 0.000010 0.000010
0.999950 0.000010 0.000010 0.000010 0.000010 0.000010
0.729331 0.000010 0.161640 0.077106 0.017706 0.014207
0.999950 0.000010 0.000010 0.000010 0.000010 0.000010
0.000010 0.000010 0.000010 0.267530 0.000010 0.732430
0.000010 0.000010 0.000010 0.000010 0.999950 0.000010
0.030255 0.000010 0.000010 0.389952 0.000010 0.579763
0.000010 0.000010 0.000010 0.644188 0.000010 0.355772
0.041783 0.000010 0.000010 0.000010 0.000010 0.958177
0.000010 0.000010 0.000010 0.000010 0.999950 0.000010
0.000010 0.000010 0.000010 0.275921 0.000010 0.724039
0.000010 0.000010 0.000010 0.563859 0.000010 0.436101
0.011751 0.000010 0.037120 0.427344 0.000010 0.523766
0.000010 0.000010 0.000010 0.604278 0.000010 0.395682
0.022125 0.000010 0.069104 0.142275 0.000010 0.766475
0.000010 0.000010 0.000010 0.514188 0.000010 0.485772
0.000010 0.000010 0.000010 0.412675 0.000010 0.587285
0.000010 0.000010 0.000010 0.568285 0.002745 0.428940
0.000010 0.000010 0.125778 0.393236 0.000010 0.480956
0.000010 0.000010 0.000010 0.000010 0.999950 0.000010
0.037330 0.000010 0.046182 0.916458 0.000010 0.000010
0.000010 0.000010 0.000010 0.322517 0.002880 0.674572
0.000010 0.000010 0.000010 0.305551 0.000010 0.694409
0.000010 0.000010 0.000010 0.999950 0.000010 0.000010
0.000010 0.000010 0.000010 0.000010 0.000010 0.999950
0.000010 0.000010 0.000010 0.306916 0.006885 0.686169
0.000010 0.000010 0.000010 0.000010 0.000010 0.999950
0.000010 0.000010 0.000010 0.311887 0.000010 0.688073
0.056022 0.000010 0.000010 0.624883 0.000010 0.319065
0.000010 0.000010 0.000010 0.000010 0.000010 0.999950
0.000010 0.000010 0.000010 0.383636 0.000010 0.616324
0.000010 0.000010 0.000010 0.999950 0.000010 0.000010
0.000010 0.000010 0.000010 0.999950 0.000010 0.000010
0.000010 0.000010 0.003222 0.000010 0.000010 0.996738
0.074929 0.000010 0.006962 0.400932 0.014284 0.502884
0.000010 0.000010 0.000010 0.000010 0.015977 0.983983
0.000010 0.000010 0.000010 0.999950 0.000010 0.000010
0.000010 0.000010 0.000010 0.746811 0.000010 0.253149
0.000010 0.000010 0.000010 0.999950 0.000010 0.000010
0.004635 0.000010 0.000010 0.523562 0.000010 0.471773
0.000010 0.000010 0.000010 0.000010 0.999950 0.000010
0.000010 0.000010 0.000010 0.000010 0.999950 0.000010
0.000010 0.000010 0.000010 0.605246 0.000010 0.394714
0.000010 0.000010 0.000010 0.000010 0.999950 0.000010
0.000010 0.000010 0.000010 0.201814 0.000010 0.798146
0.000010 0.000010 0.000010 0.149091 0.000010 0.850869
0.000010 0.000010 0.000010 0.000010 0.999950 0.000010
0.000010 0.000010 0.000010 0.000010 0.999950 0.000010
0.000010 0.000010 0.000010 0.234351 0.000010 0.765609
0.000010 0.000010 0.000010 0.000010 0.999950 0.000010
0.000010 0.000010 0.000010 0.000010 0.999950 0.000010
0.000010 0.000010 0.000010 0.000010 0.999950 0.000010
0.157261 0.000010 0.796320 0.027980 0.018419 0.000010
0.238249 0.000010 0.747059 0.000010 0.000010 0.014663
0.000010 0.000010 0.942552 0.057408 0.000010 0.000010
0.000010 0.000010 0.863607 0.013770 0.000010 0.122593
0.000010 0.000010 0.000010 0.000010 0.999950 0.000010
0.000010 0.000010 0.000010 0.466836 0.007366 0.525768
0.000010 0.000010 0.982756 0.000010 0.000010 0.017204
0.000010 0.000010 0.994648 0.005312 0.000010 0.000010
0.077630 0.000010 0.865592 0.036765 0.019994 0.000010
0.000010 0.000010 0.994856 0.000010 0.005104 0.000010
0.000010 0.000010 0.828117 0.138340 0.033513 0.000010
0.000010 0.000010 0.999950 0.000010 0.000010 0.000010
0.000010 0.000010 0.965513 0.000010 0.000010 0.034447
0.000010 0.000010 0.955059 0.044901 0.000010 0.000010
0.000010 0.000010 0.964465 0.035495 0.000010 0.000010
0.000010 0.000010 0.999950 0.000010 0.000010 0.000010
0.000010 0.000010 0.934258 0.000010 0.000010 0.065702
0.253739 0.000010 0.746221 0.000010 0.000010 0.000010
0.019110 0.000010 0.853160 0.127700 0.000010 0.000010
0.000010 0.000010 0.999950 0.000010 0.000010 0.000010
0.000010 0.000010 0.941220 0.058740 0.000010 0.000010
0.000010 0.000010 0.759077 0.240883 0.000010 0.000010
0.000010 0.000010 0.999950 0.000010 0.000010 0.000010
0.000010 0.000010 0.916340 0.000010 0.000010 0.083620
0.000010 0.000010 0.999950 0.000010 0.000010 0.000010
0.000010 0.000010 0.948833 0.000010 0.019557 0.031579
0.000010 0.000010 0.999950 0.000010 0.000010 0.000010
0.000010 0.000010 0.000010 0.000010 0.999950 0.000010
0.080305 0.000010 0.872088 0.031263 0.016323 0.000010
0.093145 0.000010 0.906815 0.000010 0.000010 0.000010
0.000010 0.000010 0.991207 0.000010 0.008753 0.000010
0.000010 0.000010 0.000010 0.000010 0.999950 0.000010
0.000010 0.000010 0.999950 0.000010 0.000010 0.000010
0.000010 0.000010 0.000010 0.000010 0.999950 0.000010
0.000010 0.000010 0.999950 0.000010 0.000010 0.000010
0.000010 0.000010 0.999950 0.000010 0.000010 0.000010
0.000010 0.000010 0.999950 0.000010 0.000010 0.000010
0.000010 0.000010 0.968258 0.002926 0.000010 0.028787
0.000010 0.028840 0.792389 0.178741 0.000010 0.000010
0.128576 0.000010 0.871384 0.000010 0.000010 0.000010
0.000010 0.000010 0.999950 0.000010 0.000010 0.000010
0.034989 0.000010 0.815237 0.000010 0.000010 0.149744
0.000010 0.000010 0.999950 0.000010 0.000010 0.000010
0.000010 0.000010 0.845270 0.154690 0.000010 0.000010
0.015416 0.000010 0.984544 0.000010 0.000010 0.000010
0.142941 0.000010 0.678885 0.167936 0.010218 0.000010
0.259230 0.071879 0.639883 0.006395 0.022603 0.000010
0.000010 0.000010 0.000010 0.875031 0.000010 0.124929
0.000010 0.000010 0.042455 0.349619 0.000010 0.607895
0.000010 0.000010 0.000010 0.648833 0.000010 0.351127
0.107119 0.000010 0.000010 0.167036 0.000010 0.725815
0.000010 0.000010 0.000010 0.359623 0.000010 0.640337
0.000010 0.000010 0.018493 0.009194 0.000010 0.972283
0.039734 0.000010 0.000010 0.243465 0.000010 0.716771
0.000010 0.006275 0.022689 0.445083 0.000010 0.525933
0.087258 0.000010 0.000010 0.145676 0.000010 0.767036
0.109811 0.000010 0.057427 0.175403 0.000010 0.657338
0.000010 0.000010 0.000010 0.204154 0.000010 0.795806
0.016982 0.000010 0.000010 0.364058 0.000010 0.618929
0.000010 0.000010 0.000010 0.000010 0.999950 0.000010
0.000010 0.000010 0.061661 0.193974 0.000010 0.744335
0.000010 0.000010 0.000010 0.402969 0.000010 0.596991
0.000010 0.000010 0.000010 0.352458 0.031267 0.616244
0.077205 0.000010 0.017514 0.297768 0.000010 0.607494
0.000010 0.000010 0.000010 0.439045 0.000010 0.560915
0.000010 0.000010 0.000010 0.355427 0.000010 0.644533
0.006494 0.000010 0.000010 0.243344 0.000010 0.750132
0.000010 0.000010 0.000010 0.000010 0.000010 0.999950
0.000010 0.000010 0.000010 0.000010 0.000010 0.999950
0.000010 0.000010 0.000010 0.000010 0.000010 0.999950
0.058234 0.000010 0.000010 0.000010 0.000010 0.941726
0.000010 0.000010 0.000010 0.387844 0.000010 0.612116
0.000010 0.000010 0.000010 0.293122 0.000010 0.706838
0.000010 0.000010 0.000010 0.000010 0.000010 0.999950
0.000010 0.000010 0.000010 0.000010 0.000010 0.999950
0.000010 0.000010 0.000010 0.376372 0.000010 0.623588
0.000010 0.000010 0.000010 0.437864 0.000010 0.562096
0.028696 0.000010 0.180502 0.395918 0.000010 0.394864
0.000010 0.000010 0.000010 0.220811 0.000010 0.779149
0.000010 0.000010 0.000010 0.427448 0.000010 0.572512
0.237530 0.000010 0.762356 0.000010 0.000010 0.000084
0.028034 0.000010 0.000010 0.267482 0.000010 0.704454
0.062655 0.000010 0.000010 0.528967 0.001779 0.406578
0.000010 0.000010 0.000010 0.168474 0.000010 0.831486
0.000010 0.000010 0.000010 0.000010 0.000010 0.999950
0.000010 0.000010 0.000010 0.410652 0.000010 0.589308
0.000010 0.000010 0.000010 0.316728 0.000010 0.683232
0.000013 0.000010 0.027619 0.287233 0.000010 0.685115
0.305080 0.000010 0.000010 0.446367 0.000010 0.248523
0.000010 0.000014 0.000010 0.151016 0.000010 0.848940
0.000010 0.000010 0.000010 0.335971 0.000010 0.663989
0.154686 0.000010 0.045292 0.081218 0.000010 0.718783
0.000010 0.000010 0.000010 0.326183 0.000010 0.673777
0.000010 0.000010 0.000010 0.395516 0.000010 0.604444
0.000010 0.000010 0.000010 0.149210 0.000010 0.850750
0.000010 0.000010 0.113101 0.325817 0.000010 0.561052
0.000010 0.000010 0.000010 0.485335 0.000010 0.514625
0.000010 0.000010 0.038296 0.191725 0.010925 0.759035
0.000010 0.000010 0.045731 0.530224 0.000010 0.424015
0.038628 0.000010 0.000010 0.172457 0.000010 0.788885
0.227121 0.000010 0.000010 0.374882 0.000010 0.397966
0.000010 0.000010 0.000010 0.000010 0.000010 0.999950
0.000010 0.000010 0.000010 0.546467 0.000010 0.453493
0.000010 0.000010 0.000010 0.484565 0.000010 0.515395
0.019804 0.000010 0.000010 0.327147 0.000010 0.653019
0.000010 0.000010 0.000010 0.000010 0.000010 0.999950
0.000010 0.000010 0.000010 0.000010 0.000010 0.999950
0.027298 0.000010 0.000010 0.005243 0.000010 0.967429
0.000010 0.000010 0.000010 0.000010 0.000010 0.999950
0.074485 0.000010 0.000010 0.508058 0.000010 0.417427
0.000010 0.000010 0.116899 0.297677 0.000010 0.585394
0.000010 0.000010 0.000014 0.200622 0.000010 0.799334
0.000010 0.000010 0.000010 0.328634 0.000010 0.671326
0.000010 0.000010 0.000010 0.000010 0.999950 0.000010
0.000010 0.000010 0.000010 0.072227 0.000010 0.927733
0.000010 0.000010 0.000010 0.000010 0.000010 0.999950
0.000010 0.000010 0.000010 0.339494 0.009741 0.650735
0.000010 0.000010 0.000010 0.251058 0.000010 0.748902
0.037549 0.000010 0.003994 0.545956 0.000010 0.412481
0.000010 0.000010 0.000010 0.326126 0.000010 0.673834
0.000010 0.000010 0.026663 0.506097 0.000010 0.467210
0.000010 0.000010 0.000010 0.999950 0.000010 0.000010
0.000010 0.000010 0.000010 0.999950 0.000010 0.000010
0.000010 0.000010 0.010062 0.252580 0.000010 0.737328
0.000010 0.000010 0.127645 0.116982 0.000010 0.755343
0.051326 0.000010 0.000010 0.308661 0.016911 0.623081
0.000010 0.000010 0.000010 0.502813 0.000010 0.497147
0.000010 0.000010 0.026255 0.601844 0.000010 0.371870
0.000010 0.000010 0.000010 0.466893 0.000010 0.533067
0.999950 0.000010 0.000010 0.000010 0.000010 0.000010
0.951778 0.000010 0.000010 0.047801 0.000391 0.000010
0.967064 0.000010 0.032896 0.000010 0.000010 0.000010
0.734905 0.000010 0.146973 0.015445 0.000010 0.102656
0.999950 0.000010 0.000010 0.000010 0.000010 0.000010
0.999950 0.000010 0.000010 0.000010 0.000010 0.000010
0.843642 0.000010 0.156318 0.000010 0.000010 0.000010
0.919342 0.000010 0.000010 0.000018 0.000010 0.080610
0.773722 0.000010 0.226238 0.000010 0.000010 0.000010
0.871269 0.000010 0.126359 0.000010 0.002342 0.000010
0.999950 0.000010 0.000010 0.000010 0.000010 0.000010
0.780259 0.000010 0.108820 0.110891 0.000010 0.000010
0.710141 0.000010 0.198766 0.000010 0.000010 0.091063
0.999950 0.000010 0.000010 0.000010 0.000010 0.000010
0.999950 0.000010 0.000010 0.000010 0.000010 0.000010
0.000010 0.000010 0.000010 0.000010 0.999950 0.000010
0.999950 0.000010 0.000010 0.000010 0.000010 0.000010
0.846973 0.000010 0.000010 0.000010 0.000010 0.152987
0.806663 0.000010 0.071370 0.000010 0.000010 0.121937
0.893593 0.000010 0.106367 0.000010 0.000010 0.000010
0.439807 0.000010 0.560153 0.000010 0.000010 0.000010
0.999950 0.000010 0.000010 0.000010 0.000010 0.000010
0.857519 0.000010 0.000010 0.142441 0.000010 0.000010
0.976387 0.000010 0.000010 0.023573 0.000010 0.000010
0.999950 0.000010 0.000010 0.000010 0.000010 0.000010
0.868020 0.000010 0.000010 0.131940 0.000010 0.000010
0.999950 0.000010 0.000010 0.000010 0.000010 0.000010
0.958993 0.000010 0.033478 0.000010 0.007499 0.000010
0.999950 0.000010 0.000010 0.000010 0.000010 0.000010
0.928657 0.000010 0.054013 0.000010 0.017300 0.000010
0.999950 0.000010 0.000010 0.000010 0.000010 0.000010
0.951417 0.000010 0.000010 0.000010 0.000010 0.048543
0.999950 0.000010 0.000010 0.000010 0.000010 0.000010
0.881780 0.000010 0.000010 0.000010 0.000010 0.118180
0.999950 0.000010 0.000010 0.000010 0.000010 0.000010
0.000010 0.000010 0.000010 0.000010 0.999950 0.000010
0.926863 0.000010 0.000010 0.003845 0.000010 0.069262
0.932637 0.000010 0.000010 0.067323 0.000010 0.000010
0.000010 0.000010 0.000010 0.000010 0.999950 0.000010
0.999950 0.000010 0.000010 0.000010 0.000010 0.000010
0.797255 0.000010 0.000010 0.000010 0.000010 0.202705
0.980291 0.000010 0.000010 0.000010 0.000010 0.019669
0.999947 0.000010 0.000010 0.000013 0.000010 0.000010
0.880569 0.000010 0.000010 0.119391 0.000010 0.000010
0.901522 0.000010 0.000010 0.098438 0.000010 0.000010
0.903024 0.000010 0.019216 0.000010 0.001629 0.076111
0.000010 0.000010 0.000010 0.000010 0.999950 0.000010
0.999950 0.000010 0.000010 0.000010 0.000010 0.000010
0.966233 0.000010 0.008403 0.000010 0.018340 0.007003
0.999950 0.000010 0.000010 0.000010 0.000010 0.000010
0.993379 0.000010 0.000010 0.000010 0.000010 0.006581
0.999950 0.000010 0.000010 0.000010 0.000010 0.000010
0.000010 0.000010 0.014765 0.000010 0.000010 0.985195
