0.000010 0.015159 0.163726 0.581384 0.069099 0.000010 0.012175 0.158437
0.000010 0.043967 0.120449 0.755002 0.000010 0.000010 0.000010 0.080542
0.000010 0.000010 0.000010 0.986843 0.000010 0.000010 0.013097 0.000010
0.000010 0.007877 0.121248 0.847916 0.022919 0.000010 0.000010 0.000010
0.066594 0.087355 0.000010 0.693544 0.000010 0.000010 0.000010 0.152468
0.000010 0.163522 0.000010 0.836418 0.000010 0.000010 0.000010 0.000010
0.000010 0.104183 0.000010 0.819681 0.000010 0.000010 0.000010 0.076085
0.095979 0.032586 0.000010 0.871384 0.000010 0.000010 0.000010 0.000010
0.000010 0.098097 0.000010 0.901843 0.000010 0.000010 0.000010 0.000010
0.000010 0.000010 0.000010 0.000010 0.000010 0.999930 0.000010 0.000010
0.000010 0.000010 0.000010 0.000010 0.000010 0.999930 0.000010 0.000010
0.000010 0.000010 0.107950 0.780741 0.040641 0.000010 0.000010 0.070628
0.000010 0.109926 0.185681 0.537808 0.000010 0.000010 0.000010 0.166545
0.000010 0.000010 0.109896 0.811024 0.079030 0.000010 0.000010 0.000010
0.000010 0.000010 0.000010 0.885466 0.041669 0.000010 0.000010 0.072815
0.092141 0.082281 0.000010 0.825528 0.000010 0.000010 0.000010 0.000010
0.000010 0.016017 0.088330 0.840872 0.000010 0.000010 0.000010 0.054742
0.000010 0.000010 0.165618 0.834322 0.000010 0.000010 0.000010 0.000010
0.000010 0.000010 0.028799 0.768969 0.202182 0.000010 0.000010 0.000010
0.000010 0.000010 0.000010 0.999098 0.000010 0.000010 0.000842 0.000010
0.138433 0.000010 0.000010 0.861507 0.000010 0.000010 0.000010 0.000010
0.000010 0.000010 0.000010 0.995058 0.000010 0.000010 0.004882 0.000010
0.000010 0.000010 0.000010 0.994111 0.000010 0.000010 0.005829 0.000010
0.000010 0.000010 0.045566 0.762574 0.191809 0.000010 0.000010 0.000010
0.000010 0.000010 0.000010 0.999930 0.000010 0.000010 0.000010 0.000010
0.125163 0.000010 0.000010 0.874777 0.000010 0.000010 0.000010 0.000010
0.000010 0.149345 0.000010 0.841216 0.000010 0.000010 0.000010 0.009389
0.260730 0.546181 0.052549 0.000010 0.040465 0.000010 0.000010 0.100045
0.000010 0.000010 0.000010 0.786206 0.000010 0.000010 0.000010 0.213734
0.000010 0.046881 0.057805 0.459798 0.042901 0.000010 0.000010 0.392584
0.000010 0.000010 0.000010 0.000010 0.000010 0.000010 0.000010 0.999930
0.202592 0.000010 0.000010 0.531541 0.000010 0.000010 0.000010 0.265816
0.000010 0.006811 0.123996 0.508220 0.052721 0.000010 0.000010 0.308222
0.000010 0.000010 0.000010 0.000010 0.000010 0.000010 0.000010 0.999930
0.000010 0.000010 0.000010 0.000010 0.000010 0.999930 0.000010 0.000010
0.000010 0.000010 0.000010 0.000010 0.000010 0.999930 0.000010 0.000010
0.000010 0.106786 0.000010 0.352065 0.000010 0.000010 0.000010 0.541099
0.000010 0.000010 0.000010 0.000010 0.000010 0.000010 0.000010 0.999930
0.012926 0.233614 0.000010 0.276625 0.000010 0.072476 0.000010 0.404330
0.000010 0.295431 0.027913 0.364059 0.000010 0.119746 0.000010 0.192822
0.163272 0.000010 0.000010 0.565688 0.000010 0.219677 0.000010 0.051323
0.000010 0.226585 0.000010 0.379010 0.000010 0.000010 0.000010 0.394355
0.196718 0.000010 0.082804 0.263588 0.000010 0.055408 0.000010 0.401452
0.124200 0.000010 0.055208 0.314871 0.000010 0.000010 0.000010 0.505681
0.000010 0.000010 0.000010 0.000010 0.000010 0.000010 0.999930 0.000010
0.045381 0.000010 0.000010 0.384827 0.220144 0.154455 0.000010 0.195163
0.017449 0.000010 0.015144 0.703627 0.000010 0.000010 0.000010 0.263740
0.000010 0.147353 0.109510 0.290946 0.000010 0.000010 0.000010 0.452152
0.000010 0.205260 0.143838 0.020965 0.000010 0.054620 0.000010 0.575287
0.000010 0.000010 0.000010 0.000010 0.000010 0.000010 0.999930 0.000010
0.211346 0.000010 0.000010 0.391881 0.000010 0.000010 0.000010 0.396723
0.122796 0.147284 0.000010 0.411141 0.000010 0.000010 0.000010 0.318739
0.000010 0.000010 0.000010 0.000010 0.000010 0.000010 0.999930 0.000010
0.000010 0.000020 0.000010 0.608339 0.020632 0.000010 0.000010 0.370969
0.000010 0.000010 0.000010 0.000010 0.000010 0.000010 0.999930 0.000010
0.000010 0.000010 0.000010 0.000010 0.000010 0.000010 0.999930 0.000010
0.193385 0.000010 0.037045 0.518658 0.000010 0.116206 0.000010 0.134676
0.000010 0.000010 0.000010 0.000010 0.000010 0.000010 0.999930 0.000010
0.000010 0.000010 0.000010 0.000010 0.000010 0.000010 0.000010 0.999930
0.000010 0.000010 0.000010 0.000010 0.000010 0.000010 0.999930 0.000010
0.000010 0.000010 0.000010 0.000010 0.000010 0.000010 0.000010 0.999930
0.000010 0.223704 0.000010 0.202924 0.000010 0.000010 0.000010 0.573322
0.000010 0.036430 0.043705 0.529862 0.000010 0.000010 0.000010 0.389963
0.048798 0.264318 0.000010 0.504177 0.000010 0.000010 0.000010 0.182667
0.045487 0.049384 0.113046 0.306508 0.000010 0.111598 0.000010 0.373957
0.525545 0.474395 0.000010 0.000010 0.000010 0.000010 0.000010 0.000010
0.596434 0.403506 0.000010 0.000010 0.000010 0.000010 0.000010 0.000010
0.212982 0.554022 0.000010 0.000010 0.232945 0.000010 0.000010 0.000010
0.310520 0.000010 0.179943 0.000010 0.509487 0.000010 0.000010 0.000010
0.299082 0.163607 0.000010 0.000010 0.537260 0.000010 0.000010 0.000010
0.000010 0.352154 0.000010 0.000010 0.647306 0.000010 0.000491 0.000010
0.305200 0.694740 0.000010 0.000010 0.000010 0.000010 0.000010 0.000010
0.622922 0.083438 0.000010 0.000010 0.293590 0.000010 0.000010 0.000010
0.000010 0.000010 0.000010 0.000010 0.000010 0.000010 0.999930 0.000010
0.546218 0.453722 0.000010 0.000010 0.000010 0.000010 0.000010 0.000010
0.543285 0.000010 0.066897 0.000010 0.360668 0.000010 0.000010 0.029110
0.449513 0.232793 0.000010 0.000010 0.284219 0.000010 0.000010 0.033435
0.565931 0.409392 0.022171 0.000010 0.000010 0.000010 0.002465 0.000010
0.162395 0.275089 0.034817 0.000010 0.527659 0.000010 0.000010 0.000010
0.537351 0.066057 0.000010 0.000010 0.396541 0.000010 0.000010 0.000010
0.000010 0.999930 0.000010 0.000010 0.000010 0.000010 0.000010 0.000010
0.067316 0.000010 0.070424 0.862210 0.000010 0.000010 0.000010 0.000010
0.000010 0.449225 0.000010 0.268816 0.228276 0.000010 0.000010 0.053643
0.000010 0.000010 0.000010 0.000010 0.000010 0.000010 0.999930 0.000010
0.000010 0.793609 0.000010 0.000010 0.206331 0.000010 0.000010 0.000010
0.000010 0.999930 0.000010 0.000010 0.000010 0.000010 0.000010 0.000010
0.000010 0.563193 0.000010 0.000010 0.436747 0.000010 0.000010 0.000010
0.630663 0.369277 0.000010 0.000010 0.000010 0.000010 0.000010 0.000010
0.504829 0.411105 0.000010 0.081242 0.000010 0.000010 0.002784 0.000010
0.000010 0.000010 0.000010 0.000010 0.000010 0.000010 0.999930 0.000010
0.000010 0.627221 0.000010 0.000010 0.372719 0.000010 0.000010 0.000010
0.247153 0.463230 0.046039 0.000010 0.243538 0.000010 0.000010 0.000010
0.000010 0.000010 0.000010 0.000010 0.000010 0.000010 0.999930 0.000010
0.532328 0.000010 0.000010 0.037092 0.430530 0.000010 0.000010 0.000010
0.000010 0.000010 0.000010 0.000010 0.000010 0.000010 0.999930 0.000010
0.000010 0.000010 0.000010 0.000010 0.000010 0.000010 0.999930 0.000010
0.000010 0.000010 0.000010 0.000010 0.000010 0.000010 0.999930 0.000010
0.353555 0.272984 0.011442 0.000010 0.342624 0.000010 0.000010 0.019366
0.613186 0.331278 0.000010 0.055487 0.000010 0.000010 0.000010 0.000010
0.060596 0.000010 0.829171 0.000010 0.110183 0.000010 0.000010 0.000010
0.000010 0.083808 0.825131 0.091011 0.000010 0.000010 0.000010 0.000010
0.000020 0.045818 0.832122 0.077036 0.000010 0.000010 0.000010 0.044975
0.000010 0.116383 0.769449 0.068739 0.030095 0.000010 0.000010 0.015303
0.000010 0.189460 0.541192 0.044745 0.193791 0.000010 0.030782 0.000010
0.101950 0.000010 0.798019 0.074345 0.002349 0.000010 0.000010 0.023306
0.436004 0.486909 0.000010 0.000010 0.077037 0.000010 0.000010 0.000010
0.000010 0.000010 0.000010 0.000010 0.000010 0.000010 0.999930 0.000010
0.240225 0.759715 0.000010 0.000010 0.000010 0.000010 0.000010 0.000010
0.999930 0.000010 0.000010 0.000010 0.000010 0.000010 0.000010 0.000010
0.055557 0.549272 0.000010 0.000010 0.395121 0.000010 0.000010 0.000010
0.000010 0.000010 0.000010 0.000010 0.000010 0.000010 0.999930 0.000010
0.786905 0.193943 0.000010 0.000010 0.019102 0.000010 0.000010 0.000010
0.000010 0.999930 0.000010 0.000010 0.000010 0.000010 0.000010 0.000010
0.000010 0.739341 0.000010 0.000010 0.260599 0.000010 0.000010 0.000010
0.000010 0.784876 0.000010 0.000010 0.215064 0.000010 0.000010 0.000010
0.234606 0.335859 0.063232 0.000010 0.366263 0.000010 0.000010 0.000010
0.295453 0.346738 0.000010 0.000010 0.357759 0.000010 0.000010 0.000010
0.349828 0.592841 0.057282 0.000010 0.000010 0.000010 0.000010 0.000010
0.586945 0.359890 0.000010 0.000010 0.028192 0.000010 0.000010 0.024933
0.330032 0.356187 0.000010 0.075004 0.238736 0.000010 0.000010 0.000010
0.000010 0.000010 0.000010 0.000010 0.000010 0.000010 0.999930 0.000010
0.000010 0.000010 0.000010 0.000010 0.999930 0.000010 0.000010 0.000010
0.798469 0.201471 0.000010 0.000010 0.000010 0.000010 0.000010 0.000010
0.508594 0.372239 0.000010 0.000010 0.119117 0.000010 0.000010 0.000010
0.000010 0.000010 0.000010 0.000010 0.999930 0.000010 0.000010 0.000010
0.000010 0.844927 0.000010 0.000010 0.155013 0.000010 0.000010 0.000010
0.179210 0.737656 0.000010 0.000010 0.000010 0.000010 0.000010 0.083084
0.000010 0.999930 0.000010 0.000010 0.000010 0.000010 0.000010 0.000010
0.321328 0.303734 0.000010 0.000010 0.374888 0.000010 0.000010 0.000010
0.524417 0.475523 0.000010 0.000010 0.000010 0.000010 0.000010 0.000010
0.000010 0.999930 0.000010 0.000010 0.000010 0.000010 0.000010 0.000010
0.385734 0.547332 0.000010 0.000010 0.016701 0.000010 0.000010 0.050193
0.726296 0.000010 0.000010 0.000010 0.273644 0.000010 0.000010 0.000010
0.000010 0.000010 0.000010 0.000010 0.999930 0.000010 0.000010 0.000010
0.000010 0.999930 0.000010 0.000010 0.000010 0.000010 0.000010 0.000010
0.321309 0.542435 0.000010 0.063544 0.072672 0.000010 0.000010 0.000010
0.999930 0.000010 0.000010 0.000010 0.000010 0.000010 0.000010 0.000010
0.000010 0.229097 0.000010 0.000010 0.770843 0.000010 0.000010 0.000010
0.000010 0.000010 0.000010 0.000010 0.999930 0.000010 0.000010 0.000010
0.832990 0.000010 0.000010 0.000010 0.166950 0.000010 0.000010 0.000010
0.137520 0.735398 0.000010 0.009753 0.117290 0.000010 0.000010 0.000010
0.000010 0.000015 0.000010 0.000010 0.000010 0.000010 0.999925 0.000010
0.000010 0.000010 0.000010 0.000010 0.000010 0.000010 0.999930 0.000010
0.595188 0.331052 0.000010 0.000010 0.000010 0.000010 0.000010 0.073711
0.000010 0.000010 0.000010 0.000010 0.000010 0.000010 0.999930 0.000010
0.188590 0.624885 0.000010 0.000010 0.186475 0.000010 0.000010 0.000010
0.000010 0.874386 0.000010 0.000010 0.125554 0.000010 0.000010 0.000010
0.000010 0.000010 0.000010 0.000010 0.000010 0.000010 0.999930 0.000010
0.000010 0.000010 0.000010 0.000010 0.000010 0.000010 0.999930 0.000010
0.461906 0.269073 0.000010 0.000010 0.268972 0.000010 0.000010 0.000010
0.000010 0.000010 0.000010 0.000010 0.000010 0.000010 0.999930 0.000010
0.000010 0.000010 0.000010 0.000010 0.000010 0.000010 0.999930 0.000010
0.000010 0.000010 0.000010 0.000010 0.000010 0.000010 0.999930 0.000010
0.000010 0.179202 0.009565 0.773401 0.037793 0.000010 0.000010 0.000010
0.000010 0.013594 0.131857 0.807157 0.047352 0.000010 0.000010 0.000010
0.000010 0.000010 0.000010 0.999930 0.000010 0.000010 0.000010 0.000010
0.019821 0.000010 0.000010 0.952027 0.000010 0.000010 0.000010 0.028103
0.000010 0.000010 0.000010 0.000010 0.000010 0.000010 0.999930 0.000010
0.429643 0.314449 0.000010 0.000010 0.255859 0.000010 0.000010 0.000010
0.082798 0.000010 0.000010 0.917142 0.000010 0.000010 0.000010 0.000010
0.043273 0.000010 0.131766 0.806161 0.000010 0.000010 0.000010 0.018759
0.000010 0.330979 0.000010 0.665718 0.000010 0.000010 0.003253 0.000010
0.000010 0.046984 0.000010 0.887164 0.016426 0.000010 0.049385 0.000010
0.000010 0.238744 0.027698 0.624434 0.000010 0.046992 0.012369 0.049743
0.000010 0.000010 0.000010 0.999930 0.000010 0.000010 0.000010 0.000010
0.095859 0.000010 0.000010 0.773598 0.127740 0.000010 0.000010 0.002764
0.000010 0.000010 0.085990 0.655243 0.005771 0.000010 0.000010 0.252956
0.083250 0.000010 0.000010 0.795330 0.121370 0.000010 0.000010 0.000010
0.086219 0.000010 0.020993 0.780744 0.000010 0.000010 0.000010 0.112003
0.000010 0.000010 0.210151 0.729675 0.000010 0.000010 0.000010 0.060125
0.052506 0.000010 0.041320 0.842158 0.000010 0.000010 0.000010 0.063976
0.000010 0.000010 0.077397 0.737163 0.185390 0.000010 0.000010 0.000010
0.027618 0.000010 0.000010 0.807484 0.000010 0.061010 0.000010 0.103848
0.000010 0.000010 0.000010 0.999930 0.000010 0.000010 0.000010 0.000010
0.000010 0.129305 0.000010 0.870635 0.000010 0.000010 0.000010 0.000010
0.000010 0.175153 0.000010 0.798710 0.000010 0.000010 0.000010 0.026087
0.000010 0.032523 0.087268 0.706332 0.173837 0.000010 0.000010 0.000010
0.000010 0.274185 0.030899 0.694866 0.000010 0.000010 0.000010 0.000010
0.000010 0.009955 0.000010 0.971099 0.000010 0.000010 0.014940 0.003966
0.000010 0.000010 0.000010 0.816242 0.162465 0.000010 0.000474 0.020779
0.000010 0.000010 0.000010 0.000010 0.000010 0.000010 0.999930 0.000010
0.000010 0.085292 0.000010 0.914648 0.000010 0.000010 0.000010 0.000010
0.051372 0.000010 0.198482 0.742763 0.000010 0.000010 0.007343 0.000010
0.000010 0.000010 0.000010 0.999930 0.000010 0.000010 0.000010 0.000010
0.000010 0.000010 0.000010 0.000010 0.000010 0.000010 0.999930 0.000010
0.000010 0.000010 0.000010 0.999930 0.000010 0.000010 0.000010 0.000010
0.000010 0.000010 0.000010 0.000010 0.000010 0.000010 0.971808 0.028132
0.000010 0.000010 0.000010 0.935016 0.064924 0.000010 0.000010 0.000010
0.000010 0.000010 0.000010 0.999930 0.000010 0.000010 0.000010 0.000010
0.108617 0.000010 0.000010 0.891323 0.000010 0.000010 0.000010 0.000010
0.075751 0.000010 0.000010 0.726120 0.125573 0.072516 0.000010 0.000010
0.069856 0.000010 0.144161 0.785933 0.000010 0.000010 0.000010 0.000010
0.350425 0.027936 0.000010 0.621590 0.000010 0.000010 0.000010 0.000010
0.000010 0.072660 0.000010 0.927280 0.000010 0.000010 0.000010 0.000010
0.122249 0.005709 0.000010 0.863410 0.000010 0.000010 0.000010 0.008592
0.000010 0.099388 0.000010 0.791657 0.071420 0.000010 0.000010 0.037495
0.000010 0.253369 0.114189 0.591002 0.000010 0.041400 0.000010 0.000010
0.000010 0.044559 0.000010 0.955381 0.000010 0.000010 0.000010 0.000010
0.000010 0.080517 0.000010 0.691933 0.144244 0.083266 0.000010 0.000010
0.000010 0.000010 0.000010 0.830894 0.169046 0.000010 0.000010 0.000010
0.178110 0.000010 0.000010 0.000010 0.821830 0.000010 0.000010 0.000010
0.189255 0.146800 0.000010 0.000010 0.594468 0.000010 0.000010 0.069437
0.000010 0.137607 0.000010 0.000010 0.862333 0.000010 0.000010 0.000010
0.062675 0.528876 0.000010 0.000010 0.405821 0.000010 0.000010 0.002589
0.492897 0.507043 0.000010 0.000010 0.000010 0.000010 0.000010 0.000010
0.337580 0.605058 0.000010 0.000010 0.057312 0.000010 0.000010 0.000010
0.459533 0.126218 0.065433 0.000010 0.347782 0.000010 0.001004 0.000010
0.376767 0.425141 0.000010 0.000010 0.143328 0.000010 0.000010 0.054724
0.493712 0.096241 0.000010 0.000010 0.409998 0.000010 0.000010 0.000010
0.472172 0.473874 0.019241 0.000010 0.000010 0.000010 0.000010 0.034673
0.394362 0.202999 0.000010 0.000010 0.402589 0.000010 0.000010 0.000010
0.427737 0.385267 0.000010 0.000010 0.186947 0.000010 0.000010 0.000010
0.000010 0.000010 0.000010 0.000010 0.000010 0.000010 0.999930 0.000010
0.180069 0.289918 0.000010 0.000010 0.529963 0.000010 0.000010 0.000010
0.332675 0.244533 0.000010 0.068148 0.354604 0.000010 0.000010 0.000010
0.571623 0.378778 0.049550 0.000010 0.000010 0.000010 0.000010 0.000010
0.323030 0.369459 0.061334 0.000010 0.242224 0.000010 0.003922 0.000010
0.595205 0.000010 0.230965 0.000010 0.173780 0.000010 0.000010 0.000010
0.013671 0.651430 0.000010 0.000010 0.334849 0.000010 0.000010 0.000010
0.000010 0.415757 0.000010 0.014099 0.570094 0.000010 0.000010 0.000010
0.601480 0.000010 0.000010 0.000010 0.366278 0.000010 0.000010 0.032191
0.194076 0.751186 0.000010 0.000010 0.000010 0.000010 0.000010 0.054688
0.256303 0.000010 0.000010 0.000243 0.743404 0.000010 0.000010 0.000010
0.520495 0.479445 0.000010 0.000010 0.000010 0.000010 0.000010 0.000010
0.295621 0.513961 0.000234 0.000010 0.190145 0.000010 0.000010 0.000010
0.569479 0.430461 0.000010 0.000010 0.000010 0.000010 0.000010 0.000010
0.000010 0.000010 0.000010 0.000010 0.999930 0.000010 0.000010 0.000010
0.858541 0.000010 0.000010 0.000010 0.141399 0.000010 0.000010 0.000010
0.000010 0.775442 0.000010 0.000010 0.224498 0.000010 0.000010 0.000010
0.000010 0.707054 0.000010 0.000010 0.292886 0.000010 0.000010 0.000010
0.030234 0.452780 0.000010 0.172361 0.344586 0.000010 0.000010 0.000010
0.385439 0.000010 0.189976 0.000010 0.424535 0.000010 0.000010 0.000010
0.573875 0.426065 0.000010 0.000010 0.000010 0.000010 0.000010 0.000010
0.000010 0.000010 0.087718 0.902815 0.009417 0.000010 0.000010 0.000010
0.701718 0.188641 0.009160 0.000010 0.100440 0.000010 0.000010 0.000010
0.436389 0.191488 0.000010 0.000010 0.372073 0.000010 0.000010 0.000010
0.803757 0.000010 0.196183 0.000010 0.000010 0.000010 0.000010 0.000010
0.000010 0.458855 0.000010 0.000010 0.287449 0.000010 0.000010 0.253646
0.036869 0.963071 0.000010 0.000010 0.000010 0.000010 0.000010 0.000010
0.306183 0.357703 0.000010 0.000010 0.222818 0.000010 0.000010 0.113255
0.479504 0.111548 0.009886 0.000010 0.399022 0.000010 0.000010 0.000010
0.522660 0.278308 0.071462 0.000010 0.127531 0.000010 0.000010 0.000010
0.212402 0.666991 0.000010 0.000010 0.120557 0.000010 0.000010 0.000010
0.443170 0.301159 0.000010 0.000010 0.226148 0.029482 0.000010 0.000010
0.315861 0.621690 0.000010 0.000010 0.000010 0.000010 0.000010 0.062399
0.304245 0.236627 0.000010 0.000010 0.459078 0.000010 0.000010 0.000010
0.418867 0.364424 0.000010 0.000010 0.164371 0.000010 0.000010 0.052299
0.000010 0.672868 0.000010 0.000010 0.327072 0.000010 0.000010 0.000010
0.393255 0.601459 0.000010 0.000010 0.000010 0.005236 0.000010 0.000010
0.464990 0.534950 0.000010 0.000010 0.000010 0.000010 0.000010 0.000010
0.208124 0.417718 0.000010 0.000010 0.374108 0.000010 0.000010 0.000010
0.201252 0.453424 0.126248 0.000010 0.219035 0.000010 0.000010 0.000010
0.197714 0.515601 0.000010 0.000010 0.286635 0.000010 0.000010 0.000010
0.320242 0.321023 0.000010 0.188309 0.137444 0.000010 0.000010 0.032953
0.000010 0.308180 0.000010 0.000010 0.691760 0.000010 0.000010 0.000010
0.217720 0.319635 0.000010 0.000010 0.459932 0.000010 0.000010 0.002674
0.587749 0.026197 0.000010 0.000010 0.386005 0.000010 0.000010 0.000010
0.384166 0.369677 0.060481 0.000010 0.185637 0.000010 0.000010 0.000010
0.342804 0.239778 0.000010 0.000010 0.417369 0.000010 0.000010 0.000010
0.000010 0.000010 0.000010 0.000010 0.999930 0.000010 0.000010 0.000010
0.000010 0.999930 0.000010 0.000010 0.000010 0.000010 0.000010 0.000010
0.000010 0.000010 0.000010 0.000010 0.999930 0.000010 0.000010 0.000010
0.425354 0.268130 0.054841 0.000010 0.251635 0.000010 0.000010 0.000010
0.000010 0.999930 0.000010 0.000010 0.000010 0.000010 0.000010 0.000010
0.348823 0.279708 0.000010 0.011067 0.360362 0.000010 0.000010 0.000010
0.000010 0.497856 0.000010 0.000010 0.502083 0.000010 0.000011 0.000010
0.000010 0.000010 0.000010 0.000010 0.000010 0.000010 0.999930 0.000010
0.000010 0.529273 0.000010 0.037711 0.432965 0.000010 0.000010 0.000010
0.999930 0.000010 0.000010 0.000010 0.000010 0.000010 0.000010 0.000010
0.000010 0.385897 0.000010 0.000010 0.614043 0.000010 0.000010 0.000010
0.498781 0.000010 0.000010 0.000010 0.432425 0.000010 0.000010 0.068744
0.415280 0.390083 0.000010 0.000010 0.194587 0.000010 0.000010 0.000010
0.999930 0.000010 0.000010 0.000010 0.000010 0.000010 0.000010 0.000010
0.764061 0.000010 0.000010 0.000010 0.211625 0.024263 0.000010 0.000010
0.999930 0.000010 0.000010 0.000010 0.000010 0.000010 0.000010 0.000010
0.999930 0.000010 0.000010 0.000010 0.000010 0.000010 0.000010 0.000010
0.745439 0.242932 0.011580 0.000010 0.000010 0.000010 0.000010 0.000010
0.372754 0.627186 0.000010 0.000010 0.000010 0.000010 0.000010 0.000010
0.337973 0.281951 0.000010 0.000010 0.343147 0.000010 0.000010 0.036889
0.463992 0.127663 0.129030 0.000010 0.279275 0.000010 0.000010 0.000010
0.398762 0.391810 0.000010 0.014716 0.194672 0.000010 0.000010 0.000010
0.428466 0.184502 0.000010 0.000010 0.386982 0.000010 0.000010 0.000010
0.018263 0.000010 0.960864 0.000010 0.000010 0.000010 0.000010 0.020823
0.000010 0.000010 0.999930 0.000010 0.000010 0.000010 0.000010 0.000010
0.000010 0.000010 0.999930 0.000010 0.000010 0.000010 0.000010 0.000010
0.013950 0.000010 0.665263 0.090111 0.080632 0.000010 0.000010 0.150014
0.000010 0.000010 0.999930 0.000010 0.000010 0.000010 0.000010 0.000010
0.000010 0.000010 0.999930 0.000010 0.000010 0.000010 0.000010 0.000010
0.000010 0.000010 0.989975 0.000010 0.000010 0.000010 0.009965 0.000010
0.109852 0.018832 0.858713 0.000010 0.012563 0.000010 0.000010 0.000010
0.000010 0.000010 0.771893 0.090880 0.000010 0.000010 0.000010 0.137177
0.134957 0.000010 0.864983 0.000010 0.000010 0.000010 0.000010 0.000010
0.000010 0.000010 0.999930 0.000010 0.000010 0.000010 0.000010 0.000010
0.000010 0.058377 0.740064 0.201509 0.000010 0.000010 0.000010 0.000010
0.000010 0.054684 0.915493 0.000010 0.000010 0.000010 0.000010 0.029773
0.000010 0.000010 0.999930 0.000010 0.000010 0.000010 0.000010 0.000010
0.000010 0.000010 0.937832 0.000010 0.062108 0.000010 0.000010 0.000010
0.000010 0.000010 0.000010 0.000010 0.000010 0.000010 0.999930 0.000010
0.000010 0.154145 0.793655 0.052151 0.000010 0.000010 0.000010 0.000010
0.000010 0.151489 0.846775 0.000010 0.000010 0.000010 0.001686 0.000010
0.000010 0.217157 0.778481 0.000010 0.000010 0.004311 0.000010 0.000010
0.000010 0.000010 0.999930 0.000010 0.000010 0.000010 0.000010 0.000010
0.178335 0.000010 0.552799 0.268817 0.000010 0.000010 0.000010 0.000010
0.000010 0.000010 0.999930 0.000010 0.000010 0.000010 0.000010 0.000010
0.000010 0.000010 0.840919 0.000010 0.056785 0.000010 0.000010 0.102245
0.000010 0.204545 0.795395 0.000010 0.000010 0.000010 0.000010 0.000010
0.000010 0.044526 0.955414 0.000010 0.000010 0.000010 0.000010 0.000010
0.000010 0.016500 0.858720 0.000010 0.000010 0.000010 0.000010 0.124729
0.000010 0.000010 0.810609 0.000010 0.000010 0.000010 0.000010 0.189331
0.009761 0.000010 0.815780 0.163282 0.000010 0.000010 0.011137 0.000010
0.000010 0.000010 0.871833 0.128107 0.000010 0.000010 0.000010 0.000010
0.000010 0.000010 0.837199 0.000010 0.162741 0.000010 0.000010 0.000010
0.000010 0.000010 0.809171 0.190769 0.000010 0.000010 0.000010 0.000010
0.039514 0.027318 0.830557 0.088123 0.000010 0.000010 0.014458 0.000010
0.000010 0.083577 0.916363 0.000010 0.000010 0.000010 0.000010 0.000010
0.000010 0.036408 0.823788 0.139754 0.000010 0.000010 0.000010 0.000010
0.000010 0.064112 0.655277 0.057314 0.223257 0.000010 0.000010 0.000010
0.000010 0.000010 0.000010 0.000010 0.000010 0.000010 0.999930 0.000010
0.000010 0.135770 0.864170 0.000010 0.000010 0.000010 0.000010 0.000010
0.000010 0.000010 0.806831 0.000010 0.024263 0.000010 0.000010 0.168856
0.000017 0.000010 0.000010 0.000010 0.000010 0.000010 0.999923 0.000010
0.000010 0.088444 0.911496 0.000010 0.000010 0.000010 0.000010 0.000010
0.000010 0.000010 0.668026 0.000010 0.250101 0.000010 0.000010 0.081823
0.000010 0.196317 0.803623 0.000010 0.000010 0.000010 0.000010 0.000010
0.000010 0.000010 0.914545 0.085395 0.000010 0.000010 0.000010 0.000010
0.000010 0.000010 0.999930 0.000010 0.000010 0.000010 0.000010 0.000010
0.000010 0.000010 0.846000 0.081782 0.072168 0.000010 0.000010 0.000010
0.000010 0.047171 0.777055 0.158685 0.017048 0.000010 0.000010 0.000010
0.000010 0.000010 0.000010 0.000010 0.000010 0.000010 0.999930 0.000010
0.000010 0.097785 0.902155 0.000010 0.000010 0.000010 0.000010 0.000010
0.000010 0.000010 0.767377 0.077638 0.154935 0.000010 0.000010 0.000010
0.066295 0.000010 0.933645 0.000010 0.000010 0.000010 0.000010 0.000010
0.000010 0.000010 0.845620 0.000010 0.125697 0.000010 0.000010 0.028633
0.022845 0.009598 0.846722 0.000010 0.000010 0.000010 0.000010 0.120795
0.538539 0.461401 0.000010 0.000010 0.000010 0.000010 0.000010 0.000010
