0.000010 0.596928 0.151420 0.007464 0.000010 0.069697 0.174470
0.041349 0.803603 0.151245 0.000010 0.000010 0.003773 0.000010
0.000010 0.999940 0.000010 0.000010 0.000010 0.000010 0.000010
0.000010 0.831436 0.091693 0.000010 0.076831 0.000010 0.000010
0.098754 0.828783 0.000010 0.000010 0.072423 0.000010 0.000010
0.155880 0.844070 0.000010 0.000010 0.000010 0.000010 0.000010
0.110952 0.888998 0.000010 0.000010 0.000010 0.000010 0.000010
0.073600 0.854239 0.022226 0.020558 0.000010 0.000010 0.029357
0.077490 0.922456 0.000010 0.000010 0.000014 0.000010 0.000010
0.000010 0.458024 0.000010 0.000010 0.000010 0.541926 0.000010
0.000010 0.780904 0.000010 0.000010 0.000010 0.219046 0.000010
0.000010 0.809261 0.140727 0.000010 0.000010 0.000010 0.049971
0.057054 0.617188 0.272076 0.000010 0.019849 0.033814 0.000010
0.000010 0.774582 0.086051 0.000010 0.000010 0.000010 0.139326
0.000010 0.921450 0.000010 0.000010 0.000010 0.000010 0.078500
0.162833 0.832780 0.000010 0.004348 0.000010 0.000010 0.000010
0.000010 0.889576 0.110374 0.000010 0.000010 0.000010 0.000010
0.021554 0.795018 0.156656 0.000010 0.000010 0.000010 0.026743
0.000010 0.763023 0.059481 0.000010 0.000010 0.000010 0.177456
0.000010 0.998673 0.000010 0.001277 0.000010 0.000010 0.000010
0.114003 0.885947 0.000010 0.000010 0.000010 0.000010 0.000010
0.000010 0.992842 0.000010 0.007108 0.000010 0.000010 0.000010
0.000010 0.987459 0.000010 0.012491 0.000010 0.000010 0.000010
0.000010 0.750877 0.029257 0.000010 0.000010 0.000010 0.219825
0.000010 0.910911 0.000010 0.010506 0.078543 0.000010 0.000010
0.000010 0.886765 0.000010 0.000010 0.113185 0.000010 0.000010
0.147207 0.852743 0.000010 0.000010 0.000010 0.000010 0.000010
0.514387 0.000010 0.085571 0.000010 0.400002 0.000010 0.000010
0.000010 0.784832 0.000010 0.000010 0.172980 0.042148 0.000010
0.000010 0.531083 0.058037 0.000010 0.000010 0.277540 0.133309
0.000010 0.000010 0.000010 0.000010 0.000010 0.999940 0.000010
0.000010 0.647770 0.000010 0.000010 0.215869 0.136321 0.000010
0.000010 0.528652 0.133755 0.000010 0.139355 0.198208 0.000010
0.000010 0.000010 0.000010 0.000010 0.000010 0.954253 0.045697
0.000010 0.000010 0.000010 0.000010 0.000010 0.999940 0.000010
0.000010 0.211231 0.000010 0.000010 0.000010 0.788719 0.000010
0.126033 0.618269 0.000010 0.000010 0.000010 0.255657 0.000010
0.000010 0.000010 0.000010 0.000010 0.000010 0.999940 0.000010
0.262883 0.450071 0.000010 0.000010 0.002603 0.284413 0.000010
0.000010 0.569598 0.055303 0.000010 0.375058 0.000010 0.000010
0.000010 0.767538 0.000010 0.000010 0.232412 0.000010 0.000010
0.191158 0.506532 0.000010 0.011515 0.000010 0.223134 0.067641
0.000010 0.469598 0.042038 0.000010 0.000010 0.275789 0.212545
0.000010 0.403076 0.083977 0.000010 0.172068 0.340850 0.000010
0.000010 0.000010 0.000010 0.999940 0.000010 0.000010 0.000010
0.000010 0.560217 0.000010 0.000010 0.000010 0.177382 0.262362
0.040690 0.762126 0.091839 0.000010 0.000010 0.100358 0.004967
0.151967 0.463366 0.112904 0.000010 0.001331 0.265119 0.005302
0.182981 0.188798 0.171192 0.000010 0.000010 0.456998 0.000010
0.000010 0.000010 0.000010 0.999940 0.000010 0.000010 0.000010
0.000010 0.483166 0.000010 0.000010 0.273470 0.243324 0.000010
0.053140 0.592900 0.000010 0.000010 0.334782 0.019147 0.000010
0.000010 0.000010 0.000010 0.999940 0.000010 0.000010 0.000010
0.000010 0.768616 0.000010 0.000010 0.000010 0.186812 0.044532
0.000010 0.000010 0.000010 0.999940 0.000010 0.000010 0.000010
0.000010 0.000010 0.000010 0.999940 0.000010 0.000010 0.000010
0.000010 0.757049 0.005617 0.000010 0.237294 0.000010 0.000010
0.000010 0.000010 0.000010 0.999940 0.000010 0.000010 0.000010
0.000010 0.000010 0.000010 0.000010 0.000010 0.999940 0.000010
0.000010 0.000010 0.000010 0.999940 0.000010 0.000010 0.000010
0.000010 0.000010 0.000010 0.000010 0.000010 0.999940 0.000010
0.288686 0.300755 0.027035 0.000010 0.000010 0.383495 0.000010
0.001968 0.634077 0.140763 0.000010 0.031260 0.191911 0.000010
0.296866 0.703084 0.000010 0.000010 0.000010 0.000010 0.000010
0.000010 0.483859 0.143891 0.000010 0.128564 0.243656 0.000010
0.470935 0.000010 0.000010 0.000010 0.529015 0.000010 0.000010
0.632546 0.000010 0.000010 0.000010 0.145221 0.000010 0.222193
0.603885 0.000010 0.000010 0.000010 0.396065 0.000010 0.000010
0.000010 0.000010 0.173780 0.000010 0.084298 0.000010 0.741882
0.157442 0.000010 0.000010 0.000010 0.000010 0.000010 0.842508
0.165349 0.000010 0.000010 0.000010 0.000010 0.000010 0.834601
0.571498 0.000010 0.000010 0.000010 0.428452 0.000010 0.000010
0.468531 0.000010 0.000010 0.000010 0.460614 0.000010 0.070815
0.000010 0.000010 0.000010 0.999940 0.000010 0.000010 0.000010
0.581014 0.000010 0.000010 0.000010 0.197028 0.000010 0.221917
0.000010 0.000010 0.000010 0.000010 0.406078 0.000010 0.593872
0.378185 0.000010 0.000010 0.000010 0.110887 0.000010 0.510888
0.940147 0.000010 0.059803 0.000010 0.000010 0.000010 0.000010
0.270411 0.000010 0.001392 0.000010 0.087562 0.000010 0.640605
0.249041 0.000010 0.000010 0.000010 0.340515 0.000010 0.410404
0.956892 0.000010 0.011371 0.000010 0.000010 0.000010 0.031697
0.036134 0.882238 0.077918 0.003680 0.000010 0.000010 0.000010
0.381183 0.317504 0.000010 0.000010 0.000010 0.000010 0.301273
0.000010 0.000010 0.000010 0.999940 0.000010 0.000010 0.000010
0.804537 0.000010 0.000010 0.000010 0.000010 0.000010 0.195413
0.908493 0.000010 0.047187 0.000010 0.000010 0.000010 0.044280
0.514183 0.000010 0.000010 0.000010 0.201562 0.000010 0.284215
0.713954 0.000010 0.000010 0.000010 0.285996 0.000010 0.000010
0.627239 0.114994 0.019811 0.000010 0.237926 0.000010 0.000010
0.000010 0.000010 0.000010 0.999940 0.000010 0.000010 0.000010
0.413056 0.000010 0.000010 0.000010 0.224561 0.000010 0.362342
0.592772 0.000010 0.029462 0.000010 0.000010 0.000010 0.377726
0.000010 0.000010 0.000010 0.999940 0.000010 0.000010 0.000010
0.037792 0.000010 0.000010 0.000010 0.417009 0.000010 0.545158
0.000010 0.000010 0.000010 0.999940 0.000010 0.000010 0.000010
0.000010 0.000010 0.000010 0.999940 0.000010 0.000010 0.000010
0.000010 0.000010 0.000010 0.999940 0.000010 0.000010 0.000010
0.346862 0.000010 0.000010 0.000010 0.256562 0.000010 0.396536
0.412071 0.044488 0.000010 0.000010 0.060743 0.000010 0.482668
0.033314 0.000010 0.837942 0.000010 0.000010 0.000010 0.128704
0.073394 0.080218 0.846348 0.000010 0.000010 0.000010 0.000010
0.000010 0.011288 0.841097 0.000010 0.147575 0.000010 0.000010
0.048064 0.101513 0.788604 0.000010 0.061789 0.000010 0.000010
0.169687 0.036502 0.564884 0.034350 0.044057 0.000010 0.150509
0.090392 0.102942 0.770465 0.000010 0.036171 0.000010 0.000010
0.541487 0.000010 0.000010 0.000010 0.158451 0.000010 0.300021
0.000010 0.000010 0.000010 0.999940 0.000010 0.000010 0.000010
0.825357 0.000010 0.000010 0.000010 0.174593 0.000010 0.000010
0.293877 0.000010 0.000010 0.004879 0.370861 0.000010 0.330352
0.602758 0.000010 0.000010 0.000010 0.000010 0.000010 0.397192
0.000010 0.000010 0.000010 0.999940 0.000010 0.000010 0.000010
0.291235 0.000010 0.000010 0.000010 0.374634 0.000010 0.334092
0.864575 0.000010 0.000010 0.000010 0.135375 0.000010 0.000010
0.771026 0.000010 0.000010 0.000010 0.025227 0.000010 0.203706
0.668556 0.000010 0.000010 0.000010 0.000010 0.000010 0.331394
0.439066 0.000010 0.057897 0.000010 0.180816 0.000010 0.322190
0.431819 0.000010 0.000010 0.000010 0.107988 0.000010 0.460152
0.554899 0.000010 0.029065 0.000010 0.415996 0.000010 0.000010
0.389071 0.000010 0.000010 0.000010 0.400714 0.000010 0.210175
0.452628 0.070501 0.000010 0.000010 0.225709 0.000010 0.251132
0.000010 0.000010 0.000010 0.999940 0.000010 0.000010 0.000010
0.000010 0.000010 0.000010 0.000010 0.000010 0.000010 0.999940
0.429186 0.000010 0.000010 0.000010 0.570764 0.000010 0.000010
0.589660 0.000010 0.000010 0.000010 0.410290 0.000010 0.000010
0.000010 0.000010 0.000010 0.000010 0.118775 0.000010 0.881175
0.999940 0.000010 0.000010 0.000010 0.000010 0.000010 0.000010
0.976978 0.022972 0.000010 0.000010 0.000010 0.000010 0.000010
0.999940 0.000010 0.000010 0.000010 0.000010 0.000010 0.000010
0.363297 0.000010 0.000010 0.000010 0.201602 0.000010 0.435061
0.729486 0.004441 0.000010 0.000010 0.167464 0.000010 0.098579
0.999940 0.000010 0.000010 0.000010 0.000010 0.000010 0.000010
0.669744 0.000010 0.000010 0.000010 0.330206 0.000010 0.000010
0.000010 0.000010 0.000010 0.000010 0.999940 0.000010 0.000010
0.000010 0.000010 0.000010 0.000010 0.000010 0.000010 0.999940
0.999940 0.000010 0.000010 0.000010 0.000010 0.000010 0.000010
0.803384 0.096770 0.000010 0.000010 0.000588 0.000010 0.099227
0.377351 0.000010 0.000010 0.000010 0.266658 0.000010 0.355951
0.179307 0.000010 0.000010 0.000010 0.088590 0.000010 0.732063
0.000010 0.000010 0.000010 0.000010 0.000010 0.000010 0.999940
0.000010 0.000010 0.000010 0.000010 0.999940 0.000010 0.000010
0.851688 0.004938 0.035155 0.000010 0.000010 0.000010 0.108189
0.000010 0.000010 0.000010 0.999940 0.000010 0.000010 0.000010
0.000010 0.000010 0.000010 0.999940 0.000010 0.000010 0.000010
0.665373 0.082660 0.000010 0.000010 0.251926 0.000010 0.000010
0.000010 0.000010 0.000010 0.999940 0.000010 0.000010 0.000010
0.551202 0.000010 0.000010 0.000010 0.315140 0.000010 0.133618
0.750316 0.000010 0.000010 0.000010 0.103211 0.000010 0.146433
0.000010 0.000010 0.000010 0.999940 0.000010 0.000010 0.000010
0.000010 0.000010 0.000010 0.999940 0.000010 0.000010 0.000010
0.573123 0.000010 0.000010 0.000010 0.000010 0.000010 0.426827
0.000010 0.000010 0.000010 0.999940 0.000010 0.000010 0.000010
0.000010 0.000010 0.000010 0.999940 0.000010 0.000010 0.000010
0.000010 0.000010 0.000010 0.999940 0.000010 0.000010 0.000010
0.083912 0.765183 0.066330 0.000010 0.000010 0.000010 0.084545
0.031263 0.799703 0.168994 0.000010 0.000010 0.000010 0.000010
0.000010 0.999940 0.000010 0.000010 0.000010 0.000010 0.000010
0.056235 0.943715 0.000010 0.000010 0.000010 0.000010 0.000010
0.000010 0.000010 0.000010 0.999940 0.000010 0.000010 0.000010
0.468181 0.000010 0.000010 0.000010 0.083597 0.000010 0.448182
0.130942 0.869008 0.000010 0.000010 0.000010 0.000010 0.000010
0.000010 0.777814 0.103796 0.000010 0.118351 0.000010 0.000010
0.324562 0.652457 0.016936 0.006015 0.000010 0.000010 0.000010
0.105047 0.841715 0.000010 0.053198 0.000010 0.000010 0.000010
0.195111 0.633998 0.119142 0.014072 0.037657 0.000010 0.000010
0.000010 0.999940 0.000010 0.000010 0.000010 0.000010 0.000010
0.000010 0.746894 0.000010 0.000010 0.253056 0.000010 0.000010
0.000010 0.736237 0.109626 0.000010 0.000010 0.122623 0.031484
0.000010 0.775827 0.000010 0.000010 0.000010 0.000010 0.224123
0.000010 0.809892 0.000010 0.000010 0.190058 0.000010 0.000010
0.000010 0.783846 0.216104 0.000010 0.000010 0.000010 0.000010
0.000010 0.844698 0.045475 0.000010 0.063155 0.046643 0.000010
0.000010 0.653126 0.108525 0.000010 0.177938 0.000010 0.060381
0.005244 0.994706 0.000010 0.000010 0.000010 0.000010 0.000010
0.000010 0.999940 0.000010 0.000010 0.000010 0.000010 0.000010
0.000010 0.860808 0.000010 0.000010 0.020633 0.000010 0.118519
0.164189 0.823980 0.000010 0.000010 0.011791 0.000010 0.000010
0.049604 0.680917 0.119060 0.000010 0.000010 0.000010 0.150389
0.234464 0.682695 0.082801 0.000010 0.000010 0.000010 0.000010
0.040562 0.943742 0.000010 0.015656 0.000010 0.000010 0.000010
0.000010 0.858410 0.018879 0.008241 0.000010 0.000010 0.114440
0.000010 0.000010 0.000010 0.999940 0.000010 0.000010 0.000010
0.021779 0.931295 0.000010 0.000010 0.046886 0.000010 0.000010
0.000010 0.662262 0.173797 0.011325 0.152586 0.000010 0.000010
0.000010 0.938039 0.000010 0.000010 0.061911 0.000010 0.000010
0.000010 0.000010 0.000010 0.999940 0.000010 0.000010 0.000010
0.000010 0.999940 0.000010 0.000010 0.000010 0.000010 0.000010
0.026841 0.000010 0.000010 0.973109 0.000010 0.000010 0.000010
0.000010 0.879930 0.000010 0.000010 0.120020 0.000010 0.000010
0.000010 0.999940 0.000010 0.000010 0.000010 0.000010 0.000010
0.000010 0.819728 0.000010 0.000010 0.180222 0.000010 0.000010
0.000010 0.789718 0.000010 0.000010 0.107244 0.000010 0.102998
0.000010 0.791532 0.105211 0.000010 0.097688 0.000010 0.005539
0.052605 0.638763 0.000010 0.000010 0.308592 0.000010 0.000010
0.067498 0.923140 0.000010 0.009322 0.000010 0.000010 0.000010
0.124254 0.875696 0.000010 0.000010 0.000010 0.000010 0.000010
0.000010 0.818558 0.000010 0.000010 0.119616 0.000010 0.061786
0.241054 0.625655 0.133251 0.000010 0.000010 0.000010 0.000010
0.014877 0.985073 0.000010 0.000010 0.000010 0.000010 0.000010
0.000010 0.806003 0.000010 0.000010 0.135318 0.000010 0.058639
0.086617 0.865710 0.047634 0.000010 0.000010 0.000010 0.000010
0.000010 0.000010 0.000010 0.000010 0.000010 0.000010 0.999940
0.156748 0.000010 0.067687 0.000010 0.185318 0.000010 0.590218
0.000010 0.000010 0.000010 0.000010 0.000010 0.000010 0.999940
0.381469 0.000010 0.000010 0.000010 0.000010 0.000010 0.618481
0.900658 0.000206 0.000010 0.000010 0.000010 0.000010 0.099096
0.818568 0.000010 0.000010 0.000010 0.000010 0.000010 0.181382
0.345327 0.000010 0.064729 0.001820 0.140064 0.000010 0.448040
0.481954 0.000010 0.000010 0.000010 0.217729 0.000010 0.300277
0.280018 0.000010 0.000010 0.000010 0.179251 0.000010 0.540692
0.762692 0.000010 0.066044 0.000010 0.171224 0.000010 0.000010
0.423960 0.000010 0.000010 0.000010 0.000010 0.000010 0.575990
0.374423 0.000010 0.000010 0.000010 0.340923 0.000010 0.284614
0.000010 0.000010 0.000010 0.999940 0.000010 0.000010 0.000010
0.509378 0.000010 0.000010 0.000010 0.000010 0.000010 0.490572
0.501552 0.063331 0.000010 0.000010 0.209282 0.000010 0.225806
0.705742 0.000010 0.043030 0.000010 0.251187 0.000010 0.000010
0.283286 0.000010 0.000010 0.000010 0.455424 0.000010 0.261250
0.000010 0.000010 0.028684 0.000010 0.719713 0.000010 0.251563
0.650980 0.000010 0.000010 0.000010 0.000010 0.000010 0.348970
0.297090 0.000010 0.000010 0.000010 0.146232 0.000010 0.556638
0.000010 0.000010 0.000010 0.000010 0.000010 0.000010 0.999940
0.999940 0.000010 0.000010 0.000010 0.000010 0.000010 0.000010
0.000010 0.000010 0.000010 0.000010 0.296128 0.000010 0.703822
0.734676 0.000010 0.000010 0.000010 0.265274 0.000010 0.000010
0.527289 0.000010 0.028246 0.000010 0.280271 0.000010 0.164164
0.621662 0.000010 0.000010 0.000010 0.279462 0.000010 0.098836
0.000010 0.000010 0.000010 0.000010 0.262956 0.000010 0.736994
0.303287 0.031386 0.000010 0.000010 0.168849 0.000010 0.496448
0.778202 0.000010 0.000010 0.000010 0.000010 0.000010 0.221748
0.639729 0.000010 0.041013 0.000010 0.000010 0.000010 0.319218
0.395477 0.100408 0.041896 0.000010 0.113586 0.000010 0.348614
0.000010 0.000010 0.180656 0.000010 0.000010 0.000010 0.819294
0.745932 0.000010 0.000010 0.000010 0.254018 0.000010 0.000010
0.000010 0.831733 0.075083 0.000707 0.092447 0.000010 0.000010
0.609728 0.000010 0.010712 0.000010 0.016242 0.000010 0.363289
0.330030 0.000010 0.000010 0.000010 0.000010 0.000010 0.669920
0.234033 0.000010 0.228795 0.000010 0.000010 0.000010 0.537132
0.457024 0.000010 0.032052 0.000010 0.286606 0.135714 0.088585
0.999940 0.000010 0.000010 0.000010 0.000010 0.000010 0.000010
0.456401 0.000010 0.000010 0.000010 0.122365 0.016549 0.404655
0.000010 0.000010 0.000010 0.000010 0.000010 0.000010 0.999940
0.395074 0.000010 0.051736 0.000010 0.348193 0.000010 0.204967
0.720390 0.000010 0.000010 0.000010 0.000010 0.000010 0.279560
0.489152 0.000010 0.000010 0.000010 0.207624 0.000010 0.303184
0.693798 0.000010 0.000010 0.000010 0.071788 0.034774 0.199611
0.395725 0.000010 0.000010 0.000010 0.177166 0.000010 0.427068
0.581936 0.000010 0.000010 0.000010 0.309493 0.000010 0.108531
0.524572 0.000010 0.000010 0.000010 0.000010 0.000010 0.475378
0.850457 0.000010 0.000010 0.000010 0.000010 0.000010 0.149493
0.702137 0.000010 0.000010 0.000010 0.097961 0.000010 0.199862
0.481349 0.000010 0.000010 0.000010 0.000010 0.000010 0.518601
0.397008 0.000010 0.107609 0.000010 0.301639 0.000010 0.193714
0.660613 0.000010 0.000010 0.000010 0.286511 0.000010 0.052836
0.520829 0.201389 0.000010 0.000010 0.000010 0.000010 0.277742
0.425436 0.000010 0.000010 0.000010 0.328530 0.000010 0.245994
0.228590 0.000010 0.000010 0.000010 0.154219 0.000010 0.617151
0.279078 0.000010 0.000010 0.000010 0.214300 0.000010 0.506581
0.485565 0.000010 0.060425 0.000010 0.211540 0.000010 0.242440
0.449200 0.000010 0.000010 0.000010 0.129671 0.000010 0.421089
0.000010 0.000010 0.000010 0.000010 0.000010 0.000010 0.999940
0.993936 0.000010 0.006014 0.000010 0.000010 0.000010 0.000010
0.000010 0.000010 0.000010 0.000010 0.000010 0.000010 0.999940
0.300144 0.000010 0.051479 0.000010 0.325146 0.000010 0.323201
0.999940 0.000010 0.000010 0.000010 0.000010 0.000010 0.000010
0.411049 0.018592 0.000010 0.000010 0.097240 0.000010 0.473090
0.549194 0.000010 0.000010 0.000010 0.082028 0.000010 0.368738
0.000010 0.000010 0.000010 0.999940 0.000010 0.000010 0.000010
0.600053 0.004743 0.000010 0.000010 0.125486 0.000010 0.269688
0.310430 0.000010 0.000010 0.000010 0.000010 0.000010 0.689520
0.342318 0.000010 0.000010 0.000010 0.066322 0.000010 0.591321
0.000010 0.000010 0.000010 0.000010 0.545097 0.000010 0.454853
0.506867 0.000010 0.000010 0.000010 0.493083 0.000010 0.000010
0.477587 0.000010 0.000010 0.000010 0.027257 0.000010 0.495116
0.000010 0.000010 0.000010 0.000010 0.623595 0.000010 0.376355
0.000010 0.000010 0.000010 0.000010 0.999940 0.000010 0.000010
0.000010 0.000010 0.000010 0.000010 0.999940 0.000010 0.000010
0.475202 0.047270 0.000010 0.000010 0.094574 0.000010 0.382923
0.864007 0.000010 0.000010 0.000010 0.135943 0.000010 0.000010
0.344178 0.025412 0.000010 0.000010 0.100843 0.000010 0.529537
0.028125 0.000010 0.112822 0.000010 0.251945 0.000010 0.607078
0.425639 0.040405 0.000010 0.000010 0.166946 0.000010 0.366980
0.376637 0.000010 0.000010 0.000010 0.000010 0.000010 0.623313
0.000010 0.000010 0.874497 0.000010 0.125453 0.000010 0.000010
0.000010 0.000010 0.999940 0.000010 0.000010 0.000010 0.000010
0.000010 0.000010 0.999940 0.000010 0.000010 0.000010 0.000010
0.000010 0.139159 0.757740 0.000010 0.000010 0.000010 0.103061
0.000010 0.000010 0.999940 0.000010 0.000010 0.000010 0.000010
0.000010 0.000010 0.999940 0.000010 0.000010 0.000010 0.000010
0.000010 0.000010 0.977886 0.011097 0.010976 0.000010 0.000010
0.172524 0.000010 0.827426 0.000010 0.000010 0.000010 0.000010
0.000010 0.187324 0.812626 0.000010 0.000010 0.000010 0.000010
0.105985 0.000010 0.863203 0.000010 0.000010 0.000010 0.030772
0.000010 0.000010 0.930243 0.000010 0.069707 0.000010 0.000010
0.000010 0.128260 0.765560 0.000010 0.106140 0.000010 0.000010
0.000010 0.000010 0.915919 0.000010 0.084031 0.000010 0.000010
0.000010 0.000010 0.959155 0.000010 0.040795 0.000010 0.000010
0.000010 0.000010 0.923174 0.000010 0.000010 0.000010 0.076776
0.000010 0.000010 0.000010 0.999940 0.000010 0.000010 0.000010
0.127995 0.023621 0.819050 0.000010 0.029304 0.000010 0.000010
0.136342 0.000010 0.860420 0.003198 0.000010 0.000010 0.000010
0.000010 0.000010 0.753803 0.000010 0.246147 0.000010 0.000010
0.000010 0.000010 0.999940 0.000010 0.000010 0.000010 0.000010
0.055181 0.281743 0.512979 0.000010 0.093597 0.000010 0.056480
0.000010 0.000010 0.999940 0.000010 0.000010 0.000010 0.000010
0.000010 0.000010 0.883685 0.000010 0.000010 0.000010 0.116265
0.189777 0.000010 0.810173 0.000010 0.000010 0.000010 0.000010
0.000010 0.000010 0.950280 0.000010 0.049670 0.000010 0.000010
0.063480 0.000010 0.897420 0.000010 0.000010 0.039059 0.000010
0.000010 0.000010 0.868984 0.000010 0.130966 0.000010 0.000010
0.022293 0.149679 0.812195 0.015803 0.000010 0.000010 0.000010
0.000010 0.090911 0.783808 0.000010 0.125242 0.000010 0.000010
0.000010 0.000010 0.833850 0.000010 0.000010 0.000010 0.166100
0.000010 0.179046 0.820904 0.000010 0.000010 0.000010 0.000010
0.000010 0.023792 0.832008 0.014177 0.129993 0.000010 0.000010
0.112134 0.000010 0.887816 0.000010 0.000010 0.000010 0.000010
0.000010 0.056328 0.863369 0.000010 0.080263 0.000010 0.000010
0.254046 0.042664 0.694031 0.000010 0.000010 0.000010 0.009229
0.000010 0.000010 0.000010 0.999940 0.000010 0.000010 0.000010
0.139457 0.000010 0.860493 0.000010 0.000010 0.000010 0.000010
0.000010 0.000010 0.887547 0.000010 0.112403 0.000010 0.000010
0.000010 0.000010 0.000010 0.999940 0.000010 0.000010 0.000010
0.032116 0.000010 0.967834 0.000010 0.000010 0.000010 0.000010
0.000010 0.000010 0.703154 0.000010 0.210439 0.000010 0.086367
0.206926 0.000010 0.793024 0.000010 0.000010 0.000010 0.000010
0.000010 0.007656 0.905218 0.000010 0.087085 0.000010 0.000010
0.000010 0.000010 0.999940 0.000010 0.000010 0.000010 0.000010
0.000010 0.047991 0.880972 0.000010 0.000010 0.000010 0.070996
0.001137 0.079393 0.793914 0.000010 0.125526 0.000010 0.000010
0.000010 0.000010 0.000010 0.999940 0.000010 0.000010 0.000010
0.000010 0.000010 0.888970 0.000010 0.110980 0.000010 0.000010
0.000010 0.074596 0.798338 0.000010 0.000010 0.000010 0.127026
0.000010 0.000010 0.881421 0.000010 0.000010 0.000010 0.118529
0.000010 0.000010 0.844532 0.000010 0.000010 0.000010 0.155418
0.000010 0.017429 0.901397 0.000010 0.081134 0.000010 0.000010
0.829088 0.000010 0.000010 0.000010 0.170862 0.000010 0.000010
