0.000010 0.910540 0.000010 0.021215 0.000010 0.000010 0.068205
0.037147 0.835497 0.127316 0.000010 0.000010 0.000010 0.000010
0.000010 0.928100 0.000010 0.000010 0.000010 0.000010 0.071850
0.000010 0.999940 0.000010 0.000010 0.000010 0.000010 0.000010
0.119526 0.771097 0.093556 0.000010 0.015791 0.000010 0.000010
0.031110 0.968840 0.000010 0.000010 0.000010 0.000010 0.000010
0.061488 0.938455 0.000010 0.000010 0.000016 0.000010 0.000010
0.000010 0.921523 0.078424 0.000013 0.000010 0.000010 0.000010
0.000010 0.999940 0.000010 0.000010 0.000010 0.000010 0.000010
0.000010 0.432682 0.000010 0.000010 0.000010 0.567268 0.000010
0.000010 0.702579 0.000010 0.000010 0.000010 0.297371 0.000010
0.000010 0.744956 0.194597 0.000010 0.000010 0.060407 0.000010
0.000010 0.890131 0.000010 0.000010 0.000010 0.000010 0.109819
0.000010 0.909061 0.090889 0.000010 0.000010 0.000010 0.000010
0.000010 0.999940 0.000010 0.000010 0.000010 0.000010 0.000010
0.072110 0.918269 0.009580 0.000010 0.000010 0.000010 0.000010
0.000010 0.879458 0.120492 0.000010 0.000010 0.000010 0.000010
0.000010 0.855111 0.000010 0.000010 0.000010 0.000010 0.144839
0.000010 0.913457 0.068289 0.000010 0.000010 0.018214 0.000010
0.000010 0.983139 0.000010 0.000010 0.016811 0.000010 0.000010
0.000010 0.999940 0.000010 0.000010 0.000010 0.000010 0.000010
0.000010 0.943373 0.042115 0.000010 0.014472 0.000010 0.000010
0.000010 0.999940 0.000010 0.000010 0.000010 0.000010 0.000010
0.017447 0.922803 0.057975 0.001746 0.000010 0.000010 0.000010
0.000010 0.999940 0.000010 0.000010 0.000010 0.000010 0.000010
0.000010 0.999940 0.000010 0.000010 0.000010 0.000010 0.000010
0.000010 0.956894 0.043056 0.000010 0.000010 0.000010 0.000010
0.200623 0.000010 0.179771 0.000010 0.000010 0.000010 0.619566
0.024520 0.731133 0.000010 0.000010 0.000010 0.162486 0.081830
0.000010 0.845087 0.000010 0.000010 0.000010 0.000010 0.154863
0.000010 0.000010 0.000010 0.000010 0.000010 0.999940 0.000010
0.066930 0.601927 0.000010 0.000010 0.000010 0.331103 0.000010
0.000010 0.640641 0.000010 0.000010 0.000010 0.359309 0.000010
0.000010 0.303859 0.000010 0.000010 0.000010 0.696091 0.000010
0.000010 0.000010 0.000010 0.000010 0.000010 0.999940 0.000010
0.000010 0.196744 0.060161 0.000010 0.000010 0.684300 0.058765
0.000010 0.678370 0.125298 0.000010 0.000010 0.196292 0.000010
0.000010 0.000010 0.000010 0.000010 0.000010 0.999940 0.000010
0.120827 0.646934 0.073794 0.000010 0.000014 0.158410 0.000010
0.003099 0.725900 0.231636 0.000010 0.000010 0.039335 0.000010
0.000010 0.898929 0.051859 0.000010 0.000010 0.000010 0.049172
0.000010 0.851713 0.000010 0.004712 0.000010 0.143535 0.000010
0.164236 0.592156 0.080192 0.000010 0.000010 0.163386 0.000010
0.000010 0.581701 0.010640 0.000010 0.000010 0.290596 0.117033
0.000010 0.000010 0.000010 0.000010 0.999940 0.000010 0.000010
0.000010 0.625706 0.000010 0.000010 0.007157 0.143591 0.223516
0.000010 0.728117 0.155129 0.000010 0.017731 0.000010 0.098993
0.000010 0.335141 0.226587 0.000010 0.000010 0.282816 0.155426
0.000010 0.194764 0.316005 0.019125 0.000010 0.434142 0.035944
0.000010 0.000010 0.000010 0.000010 0.999940 0.000010 0.000010
0.000010 0.585545 0.015866 0.000010 0.000010 0.242871 0.155688
0.180246 0.346015 0.375093 0.000010 0.000010 0.098616 0.000010
0.000010 0.000010 0.000010 0.000010 0.999940 0.000010 0.000010
0.000010 0.641270 0.000010 0.000010 0.000010 0.358680 0.000010
0.000010 0.000010 0.000010 0.000010 0.999940 0.000010 0.000010
0.000010 0.000010 0.000010 0.000010 0.999940 0.000010 0.000010
0.000010 0.802815 0.197135 0.000010 0.000010 0.000010 0.000010
0.000010 0.000010 0.000010 0.000010 0.999940 0.000010 0.000010
0.000010 0.000010 0.000010 0.000010 0.000010 0.999940 0.000010
0.000010 0.000010 0.000010 0.000010 0.999940 0.000010 0.000010
0.000010 0.000010 0.000010 0.000010 0.000010 0.999940 0.000010
0.371273 0.333556 0.000010 0.000010 0.000010 0.295130 0.000010
0.000010 0.805915 0.107082 0.000010 0.000010 0.086962 0.000010
0.180388 0.556322 0.139797 0.008417 0.000010 0.115055 0.000010
0.000017 0.218373 0.495513 0.000010 0.000010 0.286067 0.000010
0.000010 0.000010 0.000010 0.000010 0.000010 0.000010 0.999940
0.999940 0.000010 0.000010 0.000010 0.000010 0.000010 0.000010
0.565671 0.000010 0.000010 0.000010 0.000010 0.000010 0.434279
0.078075 0.155711 0.000010 0.000010 0.000010 0.000010 0.766174
0.168062 0.000010 0.000010 0.000010 0.014226 0.000010 0.817672
0.604465 0.000010 0.000010 0.007924 0.000010 0.000010 0.387571
0.000010 0.000010 0.000010 0.000010 0.000010 0.000010 0.999940
0.877028 0.018592 0.000010 0.000010 0.000010 0.000010 0.104341
0.000010 0.000010 0.000010 0.753823 0.246127 0.000010 0.000010
0.919643 0.000010 0.080307 0.000010 0.000010 0.000010 0.000010
0.000010 0.248759 0.078582 0.000010 0.000010 0.000010 0.672620
0.261374 0.076945 0.000010 0.000010 0.000010 0.000010 0.661641
0.501962 0.079645 0.004235 0.000010 0.000010 0.000010 0.414129
0.311710 0.000010 0.032131 0.000010 0.000010 0.000010 0.656119
0.020905 0.000010 0.000010 0.000010 0.000010 0.000010 0.979045
0.815039 0.000010 0.000010 0.000010 0.000010 0.000010 0.184911
0.118143 0.881807 0.000010 0.000010 0.000010 0.000010 0.000010
0.623730 0.271984 0.000010 0.000010 0.000010 0.000010 0.104246
0.000010 0.000010 0.000010 0.999940 0.000010 0.000010 0.000010
0.060014 0.000010 0.000010 0.000010 0.000010 0.000010 0.939936
0.438415 0.000010 0.000010 0.002535 0.000010 0.000010 0.559010
0.321174 0.000010 0.000010 0.000010 0.000010 0.000010 0.678776
0.586476 0.000010 0.000010 0.000010 0.000010 0.000010 0.413474
0.924889 0.000010 0.075061 0.000010 0.000010 0.000010 0.000010
0.000010 0.000010 0.000010 0.999940 0.000010 0.000010 0.000010
0.399155 0.000019 0.000010 0.000010 0.000010 0.000010 0.600787
0.000010 0.000010 0.000010 0.000010 0.000010 0.000010 0.999940
0.000010 0.000010 0.000010 0.999940 0.000010 0.000010 0.000010
0.000010 0.000010 0.000010 0.000010 0.000010 0.000010 0.999940
0.000010 0.000010 0.000010 0.999940 0.000010 0.000010 0.000010
0.000010 0.000010 0.000010 0.999940 0.000010 0.000010 0.000010
0.000010 0.000010 0.000010 0.869471 0.130479 0.000010 0.000010
0.732946 0.000010 0.000010 0.000010 0.000010 0.000010 0.267004
0.574584 0.000010 0.090083 0.000010 0.000010 0.000010 0.335294
0.000010 0.105276 0.836990 0.000010 0.000010 0.000010 0.057694
0.160526 0.000010 0.839424 0.000010 0.000010 0.000010 0.000010
0.000010 0.144336 0.636888 0.000010 0.000010 0.000010 0.218736
0.000010 0.000010 0.999940 0.000010 0.000010 0.000010 0.000010
0.000010 0.135857 0.722546 0.000010 0.021830 0.000010 0.119737
0.000010 0.000010 0.999940 0.000010 0.000010 0.000010 0.000010
0.664081 0.000010 0.000010 0.000010 0.000010 0.000010 0.335869
0.000010 0.000010 0.000010 0.999940 0.000010 0.000010 0.000010
0.475424 0.000010 0.031178 0.000010 0.000010 0.000010 0.493358
0.365256 0.000010 0.000010 0.000010 0.000010 0.000010 0.634694
0.853331 0.047069 0.003934 0.000010 0.001689 0.000010 0.093957
0.000010 0.000010 0.000010 0.999940 0.000010 0.000010 0.000010
0.569765 0.000010 0.000010 0.000010 0.000010 0.000010 0.430185
0.259206 0.000010 0.000010 0.000010 0.000010 0.000010 0.740744
0.671665 0.036652 0.014955 0.000010 0.013400 0.000010 0.263309
0.174435 0.000010 0.000010 0.000010 0.000010 0.000010 0.825515
0.804963 0.121248 0.000010 0.000010 0.000010 0.000010 0.073749
0.281883 0.000010 0.000010 0.000010 0.000010 0.000010 0.718067
0.557692 0.000010 0.000010 0.000010 0.000010 0.000010 0.442258
0.619821 0.000010 0.000010 0.000010 0.001244 0.000010 0.378895
0.404481 0.134590 0.000010 0.000010 0.000010 0.000010 0.460890
0.000010 0.000010 0.000010 0.919456 0.080494 0.000010 0.000010
0.000010 0.096244 0.030994 0.000010 0.000010 0.000010 0.872722
0.529621 0.030283 0.000010 0.004054 0.000010 0.000010 0.436013
0.775429 0.000010 0.000010 0.000010 0.000010 0.000010 0.224521
0.000010 0.000010 0.000010 0.000010 0.000010 0.000010 0.999940
0.999940 0.000010 0.000010 0.000010 0.000010 0.000010 0.000010
0.619109 0.000010 0.000010 0.007792 0.000010 0.000010 0.373059
0.999940 0.000010 0.000010 0.000010 0.000010 0.000010 0.000010
0.845746 0.000010 0.000010 0.000010 0.000010 0.000010 0.154204
0.280819 0.000010 0.068383 0.000010 0.000010 0.000010 0.650758
0.999940 0.000010 0.000010 0.000010 0.000010 0.000010 0.000010
0.603876 0.000010 0.000010 0.000010 0.000010 0.000010 0.396074
0.000010 0.000010 0.000010 0.000010 0.000010 0.000010 0.999940
0.000010 0.000010 0.000010 0.000010 0.000010 0.000010 0.999940
0.999940 0.000010 0.000010 0.000010 0.000010 0.000010 0.000010
0.451238 0.008455 0.072553 0.000010 0.018607 0.000010 0.449128
0.860680 0.000010 0.000010 0.018988 0.000010 0.000010 0.120292
0.000010 0.000010 0.000010 0.000010 0.000010 0.000010 0.999940
0.337687 0.000010 0.000010 0.000010 0.000010 0.063015 0.599258
0.000010 0.000010 0.000010 0.000010 0.000010 0.000010 0.999940
0.361228 0.000010 0.018217 0.000010 0.000010 0.000010 0.620515
0.000010 0.000010 0.000010 0.999940 0.000010 0.000010 0.000010
0.000010 0.000010 0.000010 0.999940 0.000010 0.000010 0.000010
0.390418 0.013999 0.000010 0.000010 0.000010 0.000010 0.595543
0.000010 0.000010 0.000010 0.999940 0.000010 0.000010 0.000010
0.885933 0.000010 0.000010 0.000010 0.000010 0.000010 0.114017
0.879835 0.000010 0.000010 0.000010 0.000010 0.000010 0.120115
0.000010 0.000010 0.000010 0.999940 0.000010 0.000010 0.000010
0.000010 0.000010 0.000010 0.999940 0.000010 0.000010 0.000010
0.756497 0.000010 0.000010 0.000010 0.000011 0.000010 0.243452
0.000010 0.000010 0.000010 0.999940 0.000010 0.000010 0.000010
0.000010 0.000010 0.000010 0.999940 0.000010 0.000010 0.000010
0.000010 0.000010 0.000010 0.999938 0.000012 0.000010 0.000010
0.000010 0.804083 0.159153 0.017747 0.000010 0.000010 0.018987
0.000010 0.762084 0.237866 0.000010 0.000010 0.000010 0.000010
0.000010 0.927968 0.000010 0.000010 0.010491 0.000010 0.061500
0.000010 0.907449 0.000010 0.000010 0.000010 0.000010 0.092501
0.000010 0.000010 0.000010 0.000010 0.999940 0.000010 0.000010
0.431861 0.000010 0.000010 0.009498 0.000010 0.000010 0.558601
0.000010 0.999940 0.000010 0.000010 0.000010 0.000010 0.000010
0.000010 0.999940 0.000010 0.000010 0.000010 0.000010 0.000010
0.000010 0.885131 0.054083 0.019844 0.000010 0.000010 0.040912
0.000010 0.993407 0.000010 0.006543 0.000010 0.000010 0.000010
0.107014 0.822376 0.030436 0.000010 0.040143 0.000010 0.000010
0.000010 0.999940 0.000010 0.000010 0.000010 0.000010 0.000010
0.000010 0.999940 0.000010 0.000010 0.000010 0.000010 0.000010
0.000010 0.978486 0.000010 0.000010 0.000010 0.000010 0.021464
0.000010 0.995905 0.000010 0.000010 0.000010 0.000010 0.004045
0.000010 0.999940 0.000010 0.000010 0.000010 0.000010 0.000010
0.056438 0.943512 0.000010 0.000010 0.000010 0.000010 0.000010
0.000010 0.736239 0.263711 0.000010 0.000010 0.000010 0.000010
0.000010 0.823526 0.088192 0.000010 0.000010 0.000010 0.088242
0.000010 0.999940 0.000010 0.000010 0.000010 0.000010 0.000010
0.000010 0.941396 0.000010 0.000010 0.000010 0.000010 0.058554
0.001748 0.807864 0.000010 0.000010 0.000010 0.000010 0.190348
0.000010 0.999933 0.000010 0.000017 0.000010 0.000010 0.000010
0.049184 0.950766 0.000010 0.000010 0.000010 0.000010 0.000010
0.000010 0.999940 0.000010 0.000010 0.000010 0.000010 0.000010
0.000010 0.981760 0.000010 0.018190 0.000010 0.000010 0.000010
0.000010 0.999940 0.000010 0.000010 0.000010 0.000010 0.000010
0.000010 0.000010 0.000010 0.042725 0.957225 0.000010 0.000010
0.000010 0.850114 0.103315 0.000010 0.018382 0.000010 0.028159
0.000010 0.883927 0.092536 0.000010 0.000010 0.000010 0.023497
0.000010 0.989678 0.000010 0.000010 0.010272 0.000010 0.000010
0.000010 0.000010 0.000010 0.000010 0.999940 0.000010 0.000010
0.000010 0.999940 0.000010 0.000010 0.000010 0.000010 0.000010
0.000010 0.000010 0.000010 0.000010 0.999940 0.000010 0.000010
0.000010 0.999940 0.000010 0.000010 0.000010 0.000010 0.000010
0.000010 0.999940 0.000010 0.000010 0.000010 0.000010 0.000010
0.000010 0.985316 0.000010 0.000010 0.014634 0.000010 0.000010
0.003843 0.989635 0.000010 0.000010 0.000010 0.000010 0.006482
0.000010 0.853548 0.000010 0.000010 0.000010 0.000010 0.146402
0.000010 0.876130 0.123820 0.000010 0.000010 0.000010 0.000010
0.000010 0.999940 0.000010 0.000010 0.000010 0.000010 0.000010
0.153597 0.781043 0.065320 0.000010 0.000010 0.000010 0.000010
0.000010 0.999940 0.000010 0.000010 0.000010 0.000010 0.000010
0.000010 0.875748 0.000010 0.000010 0.000010 0.000010 0.124202
0.000010 0.999940 0.000010 0.000010 0.000010 0.000010 0.000010
0.000010 0.675513 0.139289 0.010572 0.000010 0.000010 0.174596
0.000010 0.616372 0.250415 0.023278 0.000010 0.107644 0.002271
0.000010 0.000010 0.000010 0.000010 0.000010 0.000010 0.999940
0.561224 0.047323 0.000010 0.000010 0.000010 0.000010 0.391412
0.258035 0.000010 0.000010 0.000010 0.000010 0.000010 0.741915
0.761945 0.000010 0.092224 0.000010 0.000010 0.000010 0.145791
0.564555 0.000010 0.000010 0.000010 0.000010 0.000010 0.435395
0.935219 0.051377 0.000010 0.000010 0.000010 0.000010 0.013364
0.699804 0.000010 0.038620 0.000010 0.000010 0.000010 0.261536
0.453014 0.000010 0.000010 0.000010 0.000010 0.034896 0.512050
0.605567 0.026466 0.046629 0.000010 0.004787 0.000010 0.316531
0.768159 0.067766 0.105210 0.000010 0.000010 0.000010 0.058835
0.719460 0.000010 0.000010 0.000010 0.000010 0.000010 0.280490
0.530347 0.000010 0.000010 0.001905 0.000010 0.000010 0.467707
0.000010 0.000010 0.000010 0.000010 0.999940 0.000010 0.000010
0.936669 0.000010 0.000010 0.000010 0.000010 0.042403 0.020888
0.686570 0.000010 0.000010 0.000010 0.000010 0.000010 0.313380
0.537337 0.000010 0.000010 0.034826 0.000010 0.000010 0.427797
0.549972 0.033635 0.052970 0.000010 0.008802 0.000010 0.354602
0.046313 0.000010 0.000010 0.000010 0.000010 0.000010 0.953637
0.627098 0.000010 0.000010 0.000010 0.000010 0.000010 0.372852
0.729838 0.000010 0.020479 0.000010 0.000010 0.000010 0.249643
0.999940 0.000010 0.000010 0.000010 0.000010 0.000010 0.000010
0.999939 0.000010 0.000011 0.000010 0.000010 0.000010 0.000010
0.999940 0.000010 0.000010 0.000010 0.000010 0.000010 0.000010
0.996906 0.000010 0.003044 0.000010 0.000010 0.000010 0.000010
0.578819 0.000010 0.000010 0.000010 0.000010 0.000010 0.421131
0.830736 0.000010 0.000010 0.000010 0.000010 0.000010 0.169214
0.999940 0.000010 0.000010 0.000010 0.000010 0.000010 0.000010
0.999940 0.000010 0.000010 0.000010 0.000010 0.000010 0.000010
0.837089 0.000010 0.000010 0.000010 0.000010 0.000010 0.162861
0.699212 0.000010 0.000010 0.000010 0.000010 0.000010 0.300738
0.293453 0.208270 0.000998 0.000010 0.000010 0.000010 0.497249
0.873504 0.000010 0.000010 0.000010 0.000010 0.000010 0.126446
0.469625 0.000010 0.000010 0.000010 0.000010 0.000010 0.530325
0.000010 0.770531 0.222023 0.007406 0.000010 0.000010 0.000010
0.722705 0.000010 0.030105 0.000010 0.000010 0.000010 0.247150
0.124200 0.000010 0.000010 0.005176 0.003661 0.000010 0.866932
0.999940 0.000010 0.000010 0.000010 0.000010 0.000010 0.000010
0.999940 0.000010 0.000010 0.000010 0.000010 0.000010 0.000010
0.601936 0.000010 0.000010 0.000010 0.000010 0.000010 0.398014
0.916360 0.000010 0.000010 0.000010 0.000010 0.000010 0.083590
0.677783 0.037672 0.000010 0.000010 0.000010 0.000010 0.284504
0.219451 0.000010 0.315442 0.000010 0.000010 0.000010 0.465067
0.855435 0.000010 0.000010 0.000010 0.000010 0.000010 0.144515
0.533447 0.000010 0.000010 0.000010 0.000010 0.000010 0.466503
0.823901 0.000010 0.163864 0.000010 0.000010 0.012196 0.000010
0.643620 0.000010 0.000010 0.000010 0.000010 0.000010 0.356330
0.501198 0.000010 0.000010 0.000010 0.000010 0.000010 0.498752
0.880765 0.000010 0.000010 0.000010 0.000010 0.000010 0.119185
0.504608 0.124902 0.000010 0.000010 0.000010 0.000010 0.370450
0.439944 0.000010 0.000010 0.000010 0.000010 0.000010 0.560006
0.936643 0.050709 0.000010 0.000010 0.012608 0.000010 0.000010
0.320530 0.064515 0.000010 0.000010 0.000010 0.000010 0.614915
0.782083 0.000010 0.037651 0.000010 0.000010 0.000010 0.180226
0.397731 0.000010 0.231536 0.000010 0.000010 0.000010 0.370693
0.999940 0.000010 0.000010 0.000010 0.000010 0.000010 0.000010
0.339629 0.000010 0.000010 0.000010 0.000010 0.000010 0.660321
0.455071 0.000010 0.000010 0.000010 0.000010 0.000010 0.544879
0.554206 0.000010 0.019588 0.000018 0.000010 0.000010 0.426158
0.999940 0.000010 0.000010 0.000010 0.000010 0.000010 0.000010
0.999940 0.000010 0.000010 0.000010 0.000010 0.000010 0.000010
0.985087 0.000010 0.014863 0.000010 0.000010 0.000010 0.000010
0.999940 0.000010 0.000010 0.000010 0.000010 0.000010 0.000010
0.277796 0.000010 0.072057 0.000010 0.000010 0.000010 0.650107
0.690833 0.141608 0.000010 0.000010 0.000010 0.000010 0.167519
0.655887 0.006020 0.000010 0.000010 0.000010 0.000010 0.338053
0.641434 0.000010 0.000010 0.000010 0.000010 0.000010 0.358516
0.000010 0.000010 0.000010 0.999940 0.000010 0.000010 0.000010
0.999940 0.000010 0.000010 0.000010 0.000010 0.000010 0.000010
0.999940 0.000010 0.000010 0.000010 0.000010 0.000010 0.000010
0.515548 0.000010 0.000010 0.000010 0.011348 0.000010 0.473064
0.782205 0.000010 0.000010 0.000013 0.000010 0.000010 0.217742
0.337402 0.057131 0.015201 0.000010 0.000010 0.000010 0.590235
0.802956 0.000010 0.000010 0.000010 0.000010 0.000010 0.196994
0.510591 0.017388 0.000010 0.000010 0.022801 0.000010 0.449190
0.000010 0.000010 0.000010 0.000010 0.000010 0.000010 0.999940
0.000010 0.000010 0.000010 0.000010 0.000010 0.000010 0.999940
0.725226 0.019143 0.000010 0.000686 0.000010 0.000010 0.254916
0.878433 0.091866 0.029661 0.000010 0.000010 0.000010 0.000010
0.621784 0.000010 0.055745 0.000010 0.018415 0.000010 0.304025
0.455765 0.000010 0.000010 0.000010 0.000010 0.000010 0.544185
0.318759 0.009975 0.000010 0.000010 0.000010 0.000010 0.671225
0.463108 0.000010 0.000010 0.000010 0.000010 0.000010 0.536842
0.000010 0.000010 0.999940 0.000010 0.000010 0.000010 0.000010
0.044401 0.000010 0.952800 0.000010 0.002759 0.000010 0.000010
0.000010 0.107764 0.892186 0.000010 0.000010 0.000010 0.000010
0.107499 0.149769 0.742693 0.000010 0.000010 0.000010 0.000010
0.000010 0.000010 0.999940 0.000010 0.000010 0.000010 0.000010
0.000010 0.000010 0.999940 0.000010 0.000010 0.000010 0.000010
0.000010 0.135031 0.864918 0.000010 0.000011 0.000010 0.000010
0.079866 0.000010 0.920084 0.000010 0.000010 0.000010 0.000010
0.000010 0.206064 0.793886 0.000010 0.000010 0.000010 0.000010
0.000010 0.118851 0.867589 0.013520 0.000010 0.000010 0.000010
0.000010 0.000010 0.986354 0.000010 0.013596 0.000010 0.000010
0.000010 0.066166 0.816986 0.000010 0.000010 0.000010 0.116808
0.071346 0.226578 0.702036 0.000010 0.000010 0.000010 0.000010
0.000010 0.000010 0.999940 0.000010 0.000010 0.000010 0.000010
0.000010 0.000010 0.979489 0.000010 0.020461 0.000010 0.000010
0.000010 0.000010 0.000010 0.160993 0.838957 0.000010 0.000010
0.000010 0.000010 0.999940 0.000010 0.000010 0.000010 0.000010
0.151726 0.000010 0.848224 0.000010 0.000010 0.000010 0.000010
0.145323 0.069523 0.785109 0.000016 0.000010 0.000010 0.000010
0.000010 0.065801 0.934149 0.000010 0.000010 0.000010 0.000010
0.000010 0.596073 0.403877 0.000010 0.000010 0.000010 0.000010
0.000010 0.000010 0.999940 0.000010 0.000010 0.000010 0.000010
0.000010 0.000010 0.866929 0.000010 0.000010 0.000010 0.133021
0.000010 0.000010 0.999940 0.000010 0.000010 0.000010 0.000010
0.000010 0.000010 0.999940 0.000010 0.000010 0.000010 0.000010
0.000010 0.000010 0.869963 0.000010 0.000010 0.000010 0.129987
0.000010 0.000010 0.999940 0.000010 0.000010 0.000010 0.000010
0.000010 0.072836 0.914758 0.000010 0.012366 0.000010 0.000010
0.000010 0.000010 0.999940 0.000010 0.000010 0.000010 0.000010
0.000010 0.090270 0.888972 0.020718 0.000010 0.000010 0.000010
0.000010 0.000010 0.999940 0.000010 0.000010 0.000010 0.000010
0.016849 0.000010 0.983101 0.000010 0.000010 0.000010 0.000010
0.000010 0.000010 0.999940 0.000010 0.000010 0.000010 0.000010
0.120975 0.013145 0.865840 0.000010 0.000010 0.000010 0.000010
0.000010 0.000010 0.999940 0.000010 0.000010 0.000010 0.000010
0.000010 0.000010 0.000010 0.305053 0.694897 0.000010 0.000010
0.000010 0.000010 0.881692 0.000010 0.000010 0.000010 0.118258
0.000010 0.000010 0.940525 0.000010 0.000010 0.000010 0.059425
0.000010 0.000010 0.000010 0.033634 0.966316 0.000010 0.000010
0.000010 0.000010 0.999940 0.000010 0.000010 0.000010 0.000010
0.189791 0.000010 0.810159 0.000010 0.000011 0.000010 0.000010
0.004634 0.000010 0.995316 0.000010 0.000010 0.000010 0.000010
0.000010 0.000010 0.999940 0.000010 0.000010 0.000010 0.000010
0.000010 0.000010 0.871970 0.000010 0.000010 0.000010 0.127980
0.000010 0.026339 0.892792 0.000010 0.000010 0.000010 0.080829
0.096525 0.008500 0.876792 0.000010 0.018153 0.000010 0.000010
0.000010 0.000010 0.000010 0.338215 0.661735 0.000010 0.000010
0.000010 0.000010 0.999940 0.000010 0.000010 0.000010 0.000010
0.000010 0.046240 0.934266 0.000010 0.019454 0.000010 0.000010
0.000010 0.000010 0.999940 0.000010 0.000010 0.000010 0.000010
0.000010 0.000010 0.999940 0.000010 0.000010 0.000010 0.000010
0.000010 0.000010 0.999940 0.000010 0.000010 0.000010 0.000010
0.955849 0.044101 0.000010 0.000010 0.000010 0.000010 0.000010
