0.257459 0.000010 0.200687 0.344606 0.000010 0.000010 0.000010 0.197208
0.000010 0.166962 0.000010 0.832978 0.000010 0.000010 0.000010 0.000010
0.000010 0.000010 0.000010 0.799424 0.067154 0.000010 0.011064 0.122318
0.000010 0.077192 0.237588 0.685170 0.000010 0.000010 0.000010 0.000010
0.239701 0.229680 0.000010 0.528158 0.000010 0.000010 0.002421 0.000010
0.009292 0.000010 0.000010 0.859649 0.131009 0.000010 0.000010 0.000010
0.180950 0.000010 0.000010 0.818990 0.000010 0.000010 0.000010 0.000010
0.000010 0.000010 0.000010 0.999930 0.000010 0.000010 0.000010 0.000010
0.130915 0.000010 0.000010 0.775061 0.000010 0.000010 0.000010 0.093974
0.000010 0.000010 0.000010 0.000010 0.000010 0.999930 0.000010 0.000010
0.000010 0.000010 0.000010 0.100530 0.000010 0.899410 0.000010 0.000010
0.007939 0.000010 0.188082 0.803929 0.000010 0.000010 0.000010 0.000010
0.090012 0.000010 0.000010 0.781933 0.128005 0.000010 0.000010 0.000010
0.237044 0.000010 0.000010 0.689198 0.000010 0.000010 0.000010 0.073708
0.000010 0.000010 0.000010 0.999930 0.000010 0.000010 0.000010 0.000010
0.000010 0.017992 0.000010 0.839405 0.000010 0.000010 0.000010 0.142554
0.000010 0.000010 0.000010 0.999930 0.000010 0.000010 0.000010 0.000010
0.188927 0.000010 0.114373 0.516814 0.000010 0.000010 0.000010 0.179845
0.000010 0.000010 0.000010 0.904916 0.000010 0.000010 0.000010 0.095024
0.000010 0.000010 0.000010 0.831968 0.000010 0.000010 0.021367 0.146615
0.068026 0.000010 0.000010 0.750914 0.000010 0.000010 0.000010 0.181010
0.129772 0.000010 0.000010 0.820973 0.036283 0.000010 0.012931 0.000010
0.195889 0.036817 0.000010 0.741880 0.000010 0.000010 0.025374 0.000010
0.149710 0.000010 0.122545 0.664532 0.000010 0.000010 0.000010 0.063173
0.000010 0.000010 0.103254 0.896686 0.000010 0.000010 0.000010 0.000010
0.000010 0.128980 0.000010 0.870960 0.000010 0.000010 0.000010 0.000010
0.000010 0.000010 0.210585 0.702921 0.000010 0.000010 0.000010 0.086445
0.000010 0.243826 0.162643 0.000010 0.593482 0.000010 0.000010 0.000010
0.716117 0.000010 0.000010 0.283823 0.000010 0.000010 0.000010 0.000010
0.706843 0.085580 0.000010 0.207527 0.000010 0.000010 0.000010 0.000010
0.999930 0.000010 0.000010 0.000010 0.000010 0.000010 0.000010 0.000010
0.999930 0.000010 0.000010 0.000010 0.000010 0.000010 0.000010 0.000010
0.999930 0.000010 0.000010 0.000010 0.000010 0.000010 0.000010 0.000010
0.999930 0.000010 0.000010 0.000010 0.000010 0.000010 0.000010 0.000010
0.000010 0.000010 0.000010 0.000010 0.000010 0.999930 0.000010 0.000010
0.142409 0.002511 0.000010 0.305094 0.039462 0.510493 0.000010 0.000010
0.951217 0.000010 0.000010 0.000010 0.000010 0.000010 0.000010 0.048723
0.999930 0.000010 0.000010 0.000010 0.000010 0.000010 0.000010 0.000010
0.617284 0.034895 0.000010 0.249689 0.098093 0.000010 0.000010 0.000010
0.650501 0.206695 0.000010 0.142754 0.000010 0.000010 0.000010 0.000010
0.687327 0.000010 0.000010 0.191163 0.121460 0.000010 0.000010 0.000010
0.860947 0.138993 0.000010 0.000010 0.000010 0.000010 0.000010 0.000010
0.811572 0.000010 0.000010 0.000010 0.000010 0.000010 0.000010 0.188368
0.996143 0.000010 0.000010 0.000010 0.000010 0.000010 0.003797 0.000010
0.000010 0.000010 0.000010 0.000010 0.000010 0.000010 0.999930 0.000010
0.999930 0.000010 0.000010 0.000010 0.000010 0.000010 0.000010 0.000010
0.718473 0.000010 0.018046 0.170550 0.000010 0.000010 0.005926 0.086975
0.650105 0.049025 0.224081 0.021512 0.021478 0.000010 0.000010 0.033779
0.999930 0.000010 0.000010 0.000010 0.000010 0.000010 0.000010 0.000010
0.000010 0.000010 0.000010 0.000010 0.000010 0.000010 0.999930 0.000010
0.880015 0.119925 0.000010 0.000010 0.000010 0.000010 0.000010 0.000010
0.608954 0.152130 0.101340 0.000010 0.000010 0.000010 0.000010 0.137536
0.000010 0.000010 0.000010 0.000010 0.000010 0.000010 0.999930 0.000010
0.490940 0.000010 0.003193 0.195262 0.000010 0.000010 0.000010 0.310565
0.000010 0.000010 0.000010 0.000010 0.000010 0.000010 0.999930 0.000010
0.000010 0.000010 0.000010 0.000010 0.000010 0.000010 0.999930 0.000010
0.610306 0.000010 0.020137 0.178255 0.000010 0.000010 0.007919 0.183353
0.000010 0.000010 0.000010 0.000010 0.000010 0.000010 0.974365 0.025575
0.000010 0.000010 0.000010 0.000010 0.000010 0.999930 0.000010 0.000010
0.000010 0.000010 0.000010 0.000010 0.000010 0.000010 0.999930 0.000010
0.000010 0.000010 0.000010 0.000010 0.000010 0.999930 0.000010 0.000010
0.792150 0.000010 0.000010 0.000010 0.207790 0.000010 0.000010 0.000010
0.675358 0.000010 0.000010 0.256580 0.000010 0.000010 0.000010 0.068012
0.369880 0.000010 0.000010 0.376326 0.253744 0.000010 0.000010 0.000010
0.999930 0.000010 0.000010 0.000010 0.000010 0.000010 0.000010 0.000010
0.000010 0.999930 0.000010 0.000010 0.000010 0.000010 0.000010 0.000010
0.000010 0.139687 0.000010 0.000010 0.373690 0.000010 0.003951 0.482633
0.000010 0.230043 0.000010 0.000010 0.372392 0.000010 0.000010 0.397515
0.000010 0.000010 0.000010 0.109974 0.889966 0.000010 0.000010 0.000010
0.000010 0.000010 0.000010 0.000010 0.000010 0.000010 0.000010 0.999930
0.000010 0.567416 0.000010 0.000010 0.029531 0.000010 0.029136 0.373877
0.000010 0.999930 0.000010 0.000010 0.000010 0.000010 0.000010 0.000010
0.000010 0.000010 0.000010 0.000010 0.907771 0.000010 0.000010 0.092169
0.000010 0.000010 0.000010 0.000010 0.000010 0.000010 0.999930 0.000010
0.000010 0.108311 0.000010 0.000010 0.891629 0.000010 0.000010 0.000010
0.000010 0.000010 0.033859 0.071540 0.751278 0.000010 0.000010 0.143283
0.000010 0.000010 0.000010 0.000010 0.503606 0.000010 0.000010 0.496334
0.000010 0.000010 0.118642 0.012576 0.270836 0.000010 0.000010 0.597905
0.000010 0.191060 0.000010 0.000010 0.000010 0.000010 0.000010 0.808880
0.000010 0.230489 0.000010 0.000010 0.323352 0.000010 0.000010 0.446110
0.000010 0.165355 0.000010 0.000010 0.834585 0.000010 0.000010 0.000010
0.040989 0.086512 0.177338 0.695121 0.000010 0.000010 0.000010 0.000010
0.000010 0.000010 0.000010 0.105037 0.303500 0.000010 0.000010 0.591413
0.000010 0.000010 0.000010 0.000010 0.000010 0.000010 0.999930 0.000010
0.000010 0.240103 0.000010 0.000010 0.253800 0.000010 0.000010 0.506047
0.038468 0.197966 0.000010 0.000010 0.000010 0.000010 0.000010 0.763516
0.000010 0.275000 0.000010 0.000010 0.055513 0.000010 0.000010 0.669437
0.000010 0.000010 0.000010 0.107189 0.409264 0.000010 0.000010 0.483497
0.000010 0.288639 0.191999 0.000010 0.513886 0.000010 0.000010 0.005435
0.000010 0.000010 0.000010 0.000010 0.000010 0.000010 0.999930 0.000010
0.000010 0.178852 0.000010 0.000010 0.561673 0.000010 0.000010 0.259424
0.000010 0.044703 0.029944 0.000010 0.508372 0.000010 0.000010 0.416941
0.000010 0.000010 0.000010 0.000010 0.000010 0.000010 0.999930 0.000010
0.000010 0.000010 0.000010 0.000010 0.338956 0.000010 0.000010 0.660984
0.000010 0.000010 0.000010 0.000010 0.000010 0.000010 0.999930 0.000010
0.000010 0.000010 0.000010 0.000010 0.000010 0.000010 0.999930 0.000010
0.000010 0.000010 0.000010 0.000010 0.000010 0.000010 0.999930 0.000010
0.000010 0.324800 0.000010 0.000010 0.000010 0.000010 0.000010 0.675140
0.000010 0.000010 0.000010 0.000010 0.000010 0.000010 0.000010 0.999930
0.000010 0.000010 0.796825 0.192797 0.010328 0.000010 0.000010 0.000010
0.102300 0.107809 0.789841 0.000010 0.000010 0.000010 0.000010 0.000010
0.000010 0.159155 0.518595 0.322200 0.000010 0.000010 0.000010 0.000010
0.113828 0.129194 0.755319 0.000010 0.000010 0.000010 0.000010 0.001619
0.086002 0.000010 0.766887 0.024937 0.016772 0.000010 0.012358 0.093024
0.000010 0.000010 0.697042 0.131907 0.171001 0.000010 0.000010 0.000010
0.000010 0.000010 0.000010 0.000010 0.788093 0.000010 0.000010 0.211847
0.000010 0.000018 0.000010 0.000010 0.000010 0.000010 0.999922 0.000010
0.000010 0.347037 0.000010 0.000010 0.110262 0.000010 0.000010 0.542651
0.000010 0.000010 0.000010 0.000010 0.000010 0.000010 0.000010 0.999930
0.000010 0.000010 0.000010 0.000010 0.143636 0.000010 0.000010 0.856304
0.000010 0.000010 0.000010 0.000010 0.000010 0.000010 0.999930 0.000010
0.000010 0.297274 0.003424 0.000010 0.699253 0.000010 0.000010 0.000010
0.000010 0.967504 0.000010 0.000010 0.000010 0.000010 0.000010 0.032436
0.000010 0.389559 0.000010 0.000010 0.586139 0.000010 0.024252 0.000010
0.000010 0.760488 0.000010 0.000010 0.000010 0.000010 0.000010 0.239452
0.000010 0.646198 0.053871 0.009025 0.000010 0.000010 0.000010 0.290865
0.000010 0.000010 0.000010 0.000010 0.447800 0.000010 0.000010 0.552140
0.000010 0.283535 0.000010 0.000010 0.000010 0.000010 0.000010 0.716405
0.000010 0.570653 0.000010 0.000010 0.412037 0.000010 0.017261 0.000010
0.000010 0.286521 0.103012 0.000010 0.610417 0.000010 0.000010 0.000010
0.000010 0.000010 0.000010 0.000010 0.000010 0.000010 0.999930 0.000010
0.000010 0.000010 0.000010 0.000010 0.999930 0.000010 0.000010 0.000010
0.000010 0.000010 0.000010 0.000010 0.941585 0.058355 0.000010 0.000010
0.000010 0.469681 0.000010 0.000010 0.530259 0.000010 0.000010 0.000010
0.000010 0.181486 0.000010 0.000010 0.818454 0.000010 0.000010 0.000010
0.000010 0.682665 0.000010 0.000010 0.317275 0.000010 0.000010 0.000010
0.000010 0.000010 0.000010 0.000010 0.000010 0.040628 0.000010 0.959312
0.000010 0.999930 0.000010 0.000010 0.000010 0.000010 0.000010 0.000010
0.000010 0.154212 0.000010 0.000010 0.804801 0.000010 0.000010 0.040938
0.000010 0.508137 0.000010 0.045885 0.445929 0.000010 0.000010 0.000010
0.000010 0.999930 0.000010 0.000010 0.000010 0.000010 0.000010 0.000010
0.000010 0.294480 0.000010 0.000010 0.000010 0.000010 0.000010 0.705460
0.000010 0.771389 0.000010 0.000010 0.228551 0.000010 0.000010 0.000010
0.000010 0.000010 0.000010 0.000010 0.999930 0.000010 0.000010 0.000010
0.000010 0.200813 0.000010 0.000010 0.396720 0.000010 0.000010 0.402417
0.000010 0.000010 0.000010 0.000010 0.736930 0.000010 0.000010 0.263010
0.000010 0.000010 0.000010 0.000010 0.532396 0.000010 0.000010 0.467544
0.000010 0.338593 0.000010 0.000010 0.661347 0.000010 0.000010 0.000010
0.000010 0.022265 0.000010 0.000010 0.000010 0.000010 0.000010 0.977675
0.000010 0.999930 0.000010 0.000010 0.000010 0.000010 0.000010 0.000010
0.000010 0.144366 0.000010 0.000010 0.574140 0.000010 0.000010 0.281444
0.000010 0.000010 0.000010 0.000010 0.000010 0.000010 0.999930 0.000010
0.000010 0.000010 0.000010 0.000010 0.000010 0.000010 0.999930 0.000010
0.000010 0.509009 0.000010 0.000010 0.490931 0.000010 0.000010 0.000010
0.000010 0.000010 0.000010 0.000010 0.000010 0.000010 0.999930 0.000010
0.000010 0.348389 0.000010 0.000010 0.000010 0.000010 0.000010 0.651551
0.000010 0.074173 0.000010 0.000010 0.000010 0.000010 0.000010 0.925767
0.000010 0.000010 0.000010 0.000010 0.000010 0.000010 0.999930 0.000010
0.000010 0.000010 0.000010 0.000010 0.000010 0.000010 0.999930 0.000010
0.000010 0.251454 0.000010 0.000010 0.748486 0.000010 0.000010 0.000010
0.000010 0.000010 0.000010 0.000010 0.000010 0.000010 0.999930 0.000010
0.000010 0.000010 0.000010 0.000010 0.000010 0.000010 0.999930 0.000010
0.000010 0.000010 0.000010 0.000010 0.000010 0.000010 0.999930 0.000010
0.000010 0.140463 0.043975 0.809025 0.000010 0.000010 0.000010 0.006496
0.000010 0.087746 0.000010 0.912194 0.000010 0.000010 0.000010 0.000010
0.034272 0.000010 0.019321 0.946356 0.000010 0.000010 0.000010 0.000010
0.000010 0.000010 0.000010 0.881211 0.000010 0.000010 0.000010 0.118729
0.000010 0.000010 0.000010 0.000010 0.000010 0.000010 0.999930 0.000010
0.000010 0.215733 0.050849 0.000010 0.348674 0.000010 0.000010 0.384704
0.302779 0.000010 0.000010 0.697161 0.000010 0.000010 0.000010 0.000010
0.184349 0.000010 0.071631 0.721515 0.022464 0.000010 0.000010 0.000010
0.196521 0.181632 0.000010 0.621797 0.000010 0.000010 0.000010 0.000010
0.099434 0.000010 0.000010 0.782510 0.000010 0.000010 0.017440 0.100576
0.000010 0.211855 0.000010 0.760397 0.000010 0.027698 0.000010 0.000010
0.020514 0.000010 0.053012 0.878990 0.000010 0.000010 0.000010 0.047444
0.092078 0.000010 0.000010 0.704635 0.000010 0.000010 0.000010 0.203238
0.281061 0.000010 0.000010 0.590707 0.000010 0.000010 0.000010 0.128182
0.000010 0.000010 0.010087 0.989853 0.000010 0.000010 0.000010 0.000010
0.000010 0.000010 0.005087 0.870317 0.000010 0.000010 0.000010 0.124547
0.093966 0.000010 0.156767 0.732087 0.017140 0.000010 0.000010 0.000010
0.000010 0.000010 0.258092 0.741848 0.000010 0.000010 0.000010 0.000010
0.000010 0.316670 0.000010 0.683270 0.000010 0.000010 0.000010 0.000010
0.107328 0.089981 0.077483 0.725169 0.000010 0.000010 0.000010 0.000010
0.000010 0.000010 0.000010 0.999930 0.000010 0.000010 0.000010 0.000010
0.217953 0.174171 0.000010 0.555972 0.000010 0.000010 0.000010 0.051865
0.113433 0.064022 0.000010 0.676727 0.145778 0.000010 0.000010 0.000010
0.000010 0.089738 0.230069 0.680143 0.000010 0.000010 0.000010 0.000010
0.000010 0.258569 0.000010 0.741371 0.000010 0.000010 0.000010 0.000010
0.000010 0.000010 0.000010 0.999930 0.000010 0.000010 0.000010 0.000010
0.000010 0.000010 0.000010 0.856600 0.000010 0.000010 0.012261 0.131089
0.000010 0.000010 0.000010 0.000010 0.000010 0.000010 0.999930 0.000010
0.000010 0.136119 0.000010 0.863821 0.000010 0.000010 0.000010 0.000010
0.283330 0.107632 0.111446 0.497552 0.000010 0.000010 0.000010 0.000010
0.000010 0.000010 0.000010 0.999930 0.000010 0.000010 0.000010 0.000010
0.000010 0.000010 0.000010 0.000010 0.000010 0.000010 0.999930 0.000010
0.000010 0.000010 0.000010 0.999930 0.000010 0.000010 0.000010 0.000010
0.000010 0.000010 0.000010 0.000010 0.000010 0.000010 0.999930 0.000010
0.000010 0.000010 0.033213 0.966727 0.000010 0.000010 0.000010 0.000010
0.000010 0.003242 0.000010 0.991726 0.000010 0.000010 0.000010 0.004982
0.000010 0.000010 0.000010 0.913779 0.086161 0.000010 0.000010 0.000010
0.166995 0.106931 0.000010 0.726024 0.000010 0.000010 0.000010 0.000010
0.000010 0.000010 0.147132 0.852808 0.000010 0.000010 0.000010 0.000010
0.000010 0.113857 0.122431 0.763662 0.000010 0.000010 0.000010 0.000010
0.000010 0.000010 0.019611 0.980329 0.000010 0.000010 0.000010 0.000010
0.293515 0.000010 0.000010 0.556870 0.000010 0.000010 0.000010 0.149565
0.000010 0.000010 0.000010 0.868720 0.000010 0.000010 0.000010 0.131220
0.298770 0.000010 0.022697 0.382246 0.296246 0.000010 0.000010 0.000010
0.072147 0.120452 0.026549 0.780812 0.000010 0.000010 0.000010 0.000010
0.000010 0.068754 0.210388 0.620004 0.100814 0.000010 0.000010 0.000010
0.401833 0.060977 0.126009 0.396789 0.000010 0.000010 0.014363 0.000010
0.000010 0.339102 0.000010 0.000010 0.554570 0.000010 0.000010 0.106278
0.000010 0.167065 0.040943 0.000010 0.619999 0.000010 0.000446 0.171516
0.000010 0.238799 0.000010 0.000010 0.761141 0.000010 0.000010 0.000010
0.000010 0.000010 0.000010 0.000010 0.824226 0.000010 0.000010 0.175714
0.000010 0.000010 0.000010 0.000010 0.731339 0.000010 0.000010 0.268601
0.045584 0.141009 0.000010 0.000010 0.319647 0.000010 0.000010 0.493721
0.000010 0.000010 0.150638 0.000010 0.768012 0.000010 0.000010 0.081299
0.083012 0.103297 0.000010 0.000010 0.604958 0.000010 0.000010 0.208692
0.000010 0.000010 0.000010 0.115638 0.594185 0.000010 0.000010 0.290127
0.000010 0.378430 0.000355 0.062229 0.000637 0.000010 0.000010 0.558320
0.000010 0.000114 0.000010 0.015135 0.751617 0.000010 0.000010 0.233094
0.000010 0.066918 0.000010 0.000010 0.614218 0.000010 0.000010 0.318814
0.000010 0.000010 0.000010 0.000010 0.000010 0.000010 0.999930 0.000010
0.000010 0.000010 0.000010 0.000010 0.999930 0.000010 0.000010 0.000010
0.072386 0.262282 0.000010 0.040805 0.562894 0.000010 0.000010 0.061603
0.000010 0.349528 0.000010 0.062982 0.587440 0.000010 0.000010 0.000010
0.044261 0.046091 0.000010 0.080310 0.212381 0.000010 0.000010 0.616927
0.000010 0.129694 0.007980 0.000010 0.566650 0.000010 0.000010 0.295635
0.000010 0.325293 0.000010 0.000010 0.674647 0.000010 0.000010 0.000010
0.000010 0.350165 0.000010 0.000010 0.445765 0.000010 0.000010 0.204020
0.000010 0.000010 0.000010 0.000010 0.000010 0.000010 0.000010 0.999930
0.000010 0.083794 0.000010 0.000010 0.365384 0.000010 0.000010 0.550772
0.000010 0.000010 0.000010 0.000010 0.681299 0.000010 0.000010 0.318641
0.000010 0.178810 0.000010 0.000010 0.000010 0.000010 0.000010 0.821130
0.000010 0.000010 0.053197 0.000010 0.557701 0.000010 0.000010 0.389052
0.000010 0.000010 0.000010 0.000010 0.749400 0.000010 0.000010 0.250540
0.000010 0.000010 0.000010 0.000010 0.620476 0.000010 0.000010 0.379464
0.000010 0.000010 0.000010 0.000010 0.999930 0.000010 0.000010 0.000010
0.000010 0.403098 0.000010 0.000010 0.234083 0.000010 0.000010 0.362769
0.000010 0.592396 0.173691 0.006091 0.073408 0.000010 0.000010 0.154385
0.000010 0.155235 0.000010 0.001527 0.290988 0.000010 0.000010 0.552211
0.000010 0.000010 0.013854 0.000010 0.481500 0.000010 0.000010 0.504596
0.000010 0.222040 0.000010 0.000010 0.777900 0.000010 0.000010 0.000010
0.000010 0.000010 0.000010 0.969137 0.000010 0.000010 0.000010 0.030803
0.000010 0.000010 0.079680 0.000010 0.920260 0.000010 0.000010 0.000010
0.000010 0.000010 0.080464 0.000010 0.443858 0.000010 0.000010 0.475628
0.000010 0.000010 0.000010 0.000010 0.600807 0.000010 0.000010 0.399133
0.180749 0.023615 0.000010 0.000010 0.000010 0.000010 0.000010 0.795586
0.000010 0.630910 0.000010 0.000010 0.339203 0.000010 0.000010 0.029837
0.052532 0.000010 0.000010 0.000010 0.635652 0.000010 0.000010 0.311766
0.000010 0.069059 0.000010 0.000010 0.026004 0.000010 0.000010 0.904887
0.104437 0.265316 0.104929 0.000010 0.035464 0.000010 0.000010 0.489823
0.000010 0.000010 0.000010 0.000010 0.250968 0.000010 0.000010 0.748972
0.000010 0.000010 0.000010 0.000010 0.999930 0.000010 0.000010 0.000010
0.000010 0.185982 0.074748 0.055749 0.333253 0.000010 0.000010 0.350237
0.000010 0.131786 0.000010 0.000010 0.678529 0.000010 0.000010 0.189635
0.077316 0.280538 0.000010 0.000010 0.642096 0.000010 0.000010 0.000010
0.000010 0.206538 0.000010 0.000010 0.648590 0.000010 0.009183 0.135649
0.080213 0.189654 0.000010 0.000010 0.730083 0.000010 0.000010 0.000010
0.025750 0.136795 0.000010 0.000840 0.376700 0.000010 0.000010 0.459885
0.000010 0.200598 0.000010 0.000010 0.318491 0.000010 0.000010 0.480861
0.000010 0.000010 0.034830 0.085762 0.343329 0.000010 0.000010 0.536039
0.000010 0.596592 0.000010 0.000010 0.403348 0.000010 0.000010 0.000010
0.093776 0.109877 0.000010 0.000010 0.796297 0.000010 0.000010 0.000010
0.000010 0.665916 0.000010 0.000010 0.000010 0.000010 0.000010 0.334024
0.000010 0.294163 0.015529 0.000010 0.690259 0.000010 0.000010 0.000010
0.000010 0.093707 0.000010 0.000010 0.906233 0.000010 0.000010 0.000010
0.000010 0.033124 0.000010 0.000010 0.579252 0.000010 0.000010 0.387574
0.000010 0.389388 0.000010 0.000010 0.431316 0.000010 0.000010 0.179247
0.000010 0.281909 0.000010 0.000010 0.718031 0.000010 0.000010 0.000010
0.000010 0.000010 0.000010 0.061824 0.067327 0.000010 0.000010 0.870799
0.000010 0.277780 0.000010 0.000010 0.722160 0.000010 0.000010 0.000010
0.000010 0.000010 0.000010 0.000010 0.687718 0.000010 0.000010 0.312222
0.000010 0.429582 0.000010 0.000010 0.181884 0.000010 0.000010 0.388484
0.000010 0.000010 0.000010 0.064148 0.288355 0.000010 0.000010 0.647447
0.000010 0.579274 0.000010 0.000010 0.420666 0.000010 0.000010 0.000010
0.000010 0.000010 0.000010 0.000010 0.000010 0.000010 0.999930 0.000010
0.000010 0.081466 0.000010 0.000010 0.612487 0.000010 0.000010 0.305998
0.000010 0.000010 0.000010 0.000010 0.000010 0.000010 0.000010 0.999930
0.000010 0.000010 0.000010 0.000010 0.425421 0.000010 0.000010 0.574519
0.024370 0.235412 0.000010 0.000010 0.476992 0.000010 0.005664 0.257532
0.068990 0.339999 0.000010 0.000010 0.590961 0.000010 0.000010 0.000010
0.000010 0.000010 0.000010 0.000010 0.000010 0.000010 0.000010 0.999930
0.000010 0.067737 0.000010 0.000010 0.731210 0.000010 0.000010 0.201003
0.000010 0.999930 0.000010 0.000010 0.000010 0.000010 0.000010 0.000010
0.000010 0.999930 0.000010 0.000010 0.000010 0.000010 0.000010 0.000010
0.000010 0.000010 0.000010 0.000010 0.052050 0.000010 0.000010 0.947890
0.099227 0.146422 0.000010 0.000010 0.423306 0.000010 0.000010 0.331004
0.084534 0.055368 0.000010 0.000010 0.517034 0.000010 0.000010 0.343024
0.006743 0.282475 0.053598 0.000010 0.000010 0.000010 0.000010 0.657145
0.000010 0.073639 0.000010 0.000010 0.926301 0.000010 0.000010 0.000010
0.013932 0.276069 0.000010 0.000010 0.000010 0.000010 0.000010 0.709949
0.160520 0.000010 0.839420 0.000010 0.000010 0.000010 0.000010 0.000010
0.000010 0.000010 0.849247 0.055684 0.000010 0.000010 0.000010 0.095019
0.125795 0.108196 0.765959 0.000010 0.000010 0.000010 0.000010 0.000010
0.120404 0.000010 0.604988 0.048616 0.000010 0.000010 0.000010 0.225951
0.028240 0.000010 0.849925 0.067331 0.054464 0.000010 0.000010 0.000010
0.000010 0.000010 0.921351 0.000010 0.010156 0.000010 0.000010 0.068442
0.000010 0.000086 0.999854 0.000010 0.000010 0.000010 0.000010 0.000010
0.000010 0.000010 0.999930 0.000010 0.000010 0.000010 0.000010 0.000010
0.067099 0.170095 0.762757 0.000010 0.000010 0.000010 0.000010 0.000010
0.000010 0.000010 0.969203 0.000010 0.000010 0.000010 0.000010 0.030737
0.106591 0.000010 0.893349 0.000010 0.000010 0.000010 0.000010 0.000010
0.021479 0.065697 0.751153 0.000010 0.000010 0.000010 0.000010 0.161631
0.107841 0.140254 0.570778 0.181086 0.000010 0.000010 0.000010 0.000010
0.000010 0.000010 0.923559 0.000010 0.076381 0.000010 0.000010 0.000010
0.141692 0.000010 0.858248 0.000010 0.000010 0.000010 0.000010 0.000010
0.000010 0.000010 0.000010 0.000010 0.000010 0.000010 0.999930 0.000010
0.053745 0.132782 0.689583 0.035627 0.000010 0.000010 0.000010 0.088234
0.000010 0.000010 0.999930 0.000010 0.000010 0.000010 0.000010 0.000010
0.000010 0.142784 0.693678 0.000010 0.092456 0.000010 0.000010 0.071043
0.000010 0.000010 0.980491 0.000010 0.000010 0.000010 0.000010 0.019449
0.289931 0.000010 0.663389 0.000010 0.046630 0.000010 0.000010 0.000010
0.000010 0.000010 0.866266 0.133674 0.000010 0.000010 0.000010 0.000010
0.020206 0.000010 0.840232 0.000010 0.139512 0.000010 0.000010 0.000010
0.000010 0.000010 0.824551 0.000010 0.000010 0.000010 0.000010 0.175389
0.000010 0.109090 0.890850 0.000010 0.000010 0.000010 0.000010 0.000010
0.000010 0.000010 0.999930 0.000010 0.000010 0.000010 0.000010 0.000010
0.082109 0.185452 0.732389 0.000010 0.000010 0.000010 0.000010 0.000010
0.000010 0.000010 0.849909 0.035214 0.000010 0.000010 0.021662 0.093176
0.000010 0.000010 0.694295 0.055498 0.250156 0.000010 0.000010 0.000010
0.000010 0.000010 0.897617 0.000010 0.000010 0.000010 0.011521 0.090811
0.000010 0.119303 0.880637 0.000010 0.000010 0.000010 0.000010 0.000010
0.000010 0.010216 0.865594 0.000010 0.007052 0.000010 0.000010 0.117098
0.000010 0.000010 0.764155 0.000010 0.235785 0.000010 0.000010 0.000010
0.000010 0.017018 0.842803 0.140129 0.000010 0.000010 0.000010 0.000010
0.000010 0.000010 0.857954 0.096595 0.045401 0.000010 0.000010 0.000010
0.000010 0.000010 0.000010 0.000010 0.000010 0.000010 0.999930 0.000010
0.000010 0.168186 0.831754 0.000010 0.000010 0.000010 0.000010 0.000010
0.202308 0.000010 0.797632 0.000010 0.000010 0.000010 0.000010 0.000010
0.000010 0.000010 0.000010 0.000010 0.000010 0.000010 0.999930 0.000010
0.015824 0.050964 0.876805 0.056368 0.000010 0.000010 0.000010 0.000010
0.000010 0.000010 0.906184 0.000010 0.093756 0.000010 0.000010 0.000010
0.000010 0.127119 0.872821 0.000010 0.000010 0.000010 0.000010 0.000010
0.000010 0.000010 0.792250 0.123944 0.000010 0.000010 0.000010 0.083756
0.000010 0.000010 0.999930 0.000010 0.000010 0.000010 0.000010 0.000010
0.000010 0.000010 0.790134 0.153964 0.000010 0.000010 0.000010 0.055853
0.098466 0.000010 0.901474 0.000010 0.000010 0.000010 0.000010 0.000010
0.000010 0.000010 0.000010 0.000010 0.000010 0.000010 0.999930 0.000010
0.000010 0.000010 0.919820 0.000010 0.071481 0.000010 0.000010 0.008650
0.112015 0.000010 0.809084 0.000010 0.000010 0.000010 0.000010 0.078850
0.000010 0.000010 0.999930 0.000010 0.000010 0.000010 0.000010 0.000010
0.161223 0.000010 0.791731 0.000010 0.000010 0.000010 0.000010 0.046995
0.125834 0.000010 0.874106 0.000010 0.000010 0.000010 0.000010 0.000010
0.000010 0.151784 0.000010 0.000010 0.245782 0.000010 0.000010 0.602384
