0.198280 0.000010 0.593807 0.155511 0.009137 0.043255
0.000010 0.000010 0.986319 0.000010 0.013641 0.000010
0.000010 0.000010 0.789083 0.210877 0.000010 0.000010
0.289393 0.000010 0.646615 0.000010 0.000010 0.063961
0.116675 0.000010 0.704000 0.000010 0.002054 0.177250
0.000010 0.000010 0.999948 0.000012 0.000010 0.000010
0.000010 0.000010 0.999950 0.000010 0.000010 0.000010
0.000010 0.000010 0.999950 0.000010 0.000010 0.000010
0.000010 0.000010 0.904721 0.095239 0.000010 0.000010
0.000010 0.999950 0.000010 0.000010 0.000010 0.000010
0.000010 0.999950 0.000010 0.000010 0.000010 0.000010
0.164650 0.000010 0.835310 0.000010 0.000010 0.000010
0.015170 0.000010 0.873591 0.111209 0.000010 0.000010
0.000010 0.000010 0.999950 0.000010 0.000010 0.000010
0.000010 0.000010 0.993377 0.006583 0.000010 0.000010
0.000010 0.000010 0.952242 0.047718 0.000010 0.000010
0.068325 0.000010 0.924388 0.000010 0.007257 0.000010
0.170388 0.000010 0.731403 0.000010 0.000010 0.098179
0.000010 0.000010 0.913097 0.086863 0.000010 0.000010
0.000010 0.000010 0.886238 0.081481 0.032251 0.000010
0.000010 0.000010 0.814503 0.000010 0.000010 0.185457
0.000010 0.000010 0.990038 0.000010 0.009922 0.000010
0.000010 0.000010 0.976884 0.000010 0.023076 0.000010
0.151784 0.000010 0.830285 0.017902 0.000010 0.000010
0.091798 0.000010 0.908162 0.000010 0.000010 0.000010
0.000010 0.000010 0.921896 0.000010 0.000010 0.078064
0.247891 0.000010 0.752069 0.000010 0.000010 0.000010
0.129004 0.000010 0.000010 0.384741 0.000010 0.486226
0.000010 0.000010 0.999950 0.000010 0.000010 0.000010
0.000010 0.000010 0.857071 0.000010 0.000010 0.142889
0.755145 0.000010 0.244815 0.000010 0.000010 0.000010
0.069923 0.000010 0.769368 0.000010 0.000010 0.160679
0.000010 0.102019 0.716511 0.000010 0.000010 0.181440
0.758808 0.000010 0.241152 0.000010 0.000010 0.000010
0.000010 0.999950 0.000010 0.000010 0.000010 0.000010
0.000010 0.534027 0.420323 0.045620 0.000010 0.000010
0.074753 0.015353 0.807220 0.000010 0.000010 0.102654
0.772195 0.000010 0.227765 0.000010 0.000010 0.000010
0.000010 0.000010 0.758119 0.000010 0.000010 0.241841
0.158083 0.000010 0.655891 0.000010 0.000010 0.185997
0.000010 0.000010 0.948129 0.000010 0.006165 0.045676
0.000010 0.019093 0.784124 0.000010 0.000010 0.196753
0.000010 0.075060 0.681574 0.000010 0.000010 0.243336
0.000010 0.000010 0.821085 0.000010 0.017347 0.161538
0.000010 0.000010 0.000010 0.000010 0.999950 0.000010
0.048497 0.000010 0.946182 0.000010 0.005291 0.000010
0.147019 0.000010 0.748496 0.000010 0.004859 0.099606
0.329609 0.000010 0.562708 0.000010 0.000010 0.107653
0.229925 0.000010 0.770035 0.000010 0.000010 0.000010
0.000010 0.000010 0.000010 0.000010 0.999950 0.000010
0.182131 0.012124 0.561205 0.000010 0.000010 0.244521
0.123989 0.000010 0.556944 0.000010 0.000010 0.319037
0.000010 0.000010 0.000010 0.000010 0.999950 0.000010
0.011736 0.000010 0.682407 0.000010 0.000010 0.305827
0.000010 0.000010 0.000010 0.000010 0.999950 0.000010
0.000010 0.000010 0.000010 0.000010 0.999950 0.000010
0.118678 0.000010 0.725537 0.140527 0.015238 0.000010
0.000010 0.000010 0.000010 0.009595 0.990365 0.000010
0.000010 0.999950 0.000010 0.000010 0.000010 0.000010
0.000019 0.000010 0.000010 0.000010 0.999941 0.000010
0.000010 0.999950 0.000010 0.000010 0.000010 0.000010
0.127084 0.185262 0.462577 0.000010 0.000010 0.225057
0.041564 0.000010 0.787359 0.000010 0.000010 0.171047
0.000010 0.000010 0.680513 0.000010 0.000010 0.319447
0.228720 0.138567 0.617159 0.000010 0.000010 0.015534
0.000010 0.000010 0.000010 0.431874 0.000010 0.568086
0.000010 0.000010 0.000010 0.283435 0.000010 0.716525
0.000010 0.000010 0.000010 0.799456 0.000010 0.200504
0.000010 0.000010 0.069862 0.246849 0.000010 0.683259
0.000010 0.000010 0.000010 0.857767 0.000010 0.142193
0.000010 0.000010 0.000010 0.695192 0.027284 0.277494
0.000010 0.000010 0.000010 0.000010 0.000010 0.999950
0.000010 0.042130 0.000010 0.525088 0.000010 0.432752
0.000010 0.000010 0.000010 0.000010 0.999950 0.000010
0.000010 0.000010 0.000010 0.000010 0.000010 0.999950
0.071139 0.000010 0.000010 0.000010 0.000010 0.928821
0.000010 0.000010 0.000015 0.425370 0.000010 0.574586
0.042320 0.000010 0.000010 0.000010 0.000010 0.957640
0.000010 0.000010 0.000010 0.999950 0.000010 0.000010
0.000010 0.000010 0.000010 0.457367 0.000010 0.542593
0.000010 0.000010 0.000010 0.245945 0.000010 0.754015
0.243009 0.000010 0.756951 0.000010 0.000010 0.000010
0.000010 0.000010 0.111876 0.768023 0.000010 0.120071
0.000010 0.000010 0.000010 0.000010 0.999950 0.000010
0.000010 0.000010 0.000010 0.999950 0.000010 0.000010
0.000010 0.000010 0.000010 0.988878 0.011082 0.000010
0.000010 0.000010 0.000010 0.404609 0.000010 0.595351
0.000010 0.000010 0.088184 0.222150 0.000010 0.689636
0.185041 0.000010 0.000010 0.100707 0.000010 0.714222
0.000010 0.000010 0.000010 0.000010 0.999950 0.000010
0.000010 0.000010 0.000010 0.685740 0.000010 0.314220
0.020252 0.000010 0.000010 0.711532 0.000010 0.268185
0.000010 0.000010 0.000010 0.000010 0.999950 0.000010
0.000010 0.000010 0.000010 0.738413 0.000010 0.261547
0.000010 0.000010 0.000010 0.000010 0.999950 0.000010
0.000011 0.000010 0.000010 0.000019 0.999940 0.000010
0.000010 0.000010 0.000010 0.000010 0.999950 0.000010
0.000010 0.000010 0.000010 0.999950 0.000010 0.000010
0.000010 0.000010 0.000010 0.691823 0.000010 0.308137
0.815296 0.000010 0.184664 0.000010 0.000010 0.000010
0.906623 0.000010 0.028635 0.055744 0.008978 0.000010
0.568296 0.000010 0.292743 0.138931 0.000010 0.000010
0.783457 0.000010 0.089673 0.126840 0.000010 0.000010
0.797999 0.000010 0.030629 0.161868 0.009485 0.000010
0.713979 0.000010 0.132525 0.000010 0.000010 0.153467
0.000010 0.000010 0.000010 0.188723 0.000010 0.811237
0.000010 0.000010 0.000010 0.000010 0.999950 0.000010
0.000010 0.000010 0.000010 0.135468 0.000010 0.864492
0.000010 0.000010 0.000010 0.999950 0.000010 0.000010
0.000010 0.000010 0.000010 0.999950 0.000010 0.000010
0.000010 0.000010 0.000010 0.000010 0.999950 0.000010
0.023785 0.000010 0.000010 0.168677 0.000010 0.807508
0.000010 0.000010 0.000010 0.000010 0.000010 0.999950
0.000010 0.000010 0.000010 0.391932 0.024601 0.583437
0.000010 0.000010 0.000010 0.224512 0.000010 0.775448
0.052932 0.000010 0.000010 0.527628 0.000010 0.419410
0.000010 0.000010 0.000010 0.290783 0.000010 0.709177
0.000010 0.000010 0.000010 0.000010 0.000010 0.999950
0.000010 0.000010 0.000010 0.379550 0.015244 0.605176
0.105436 0.000010 0.000010 0.017822 0.000010 0.876712
0.000010 0.000010 0.000010 0.000010 0.999950 0.000010
0.000010 0.000010 0.000618 0.999342 0.000010 0.000010
0.000010 0.049635 0.000010 0.117369 0.000010 0.832966
0.000010 0.000010 0.000010 0.293230 0.000010 0.706730
0.000010 0.000010 0.000010 0.805959 0.000010 0.194001
0.000010 0.000010 0.000010 0.444391 0.000010 0.555569
0.000010 0.089169 0.000010 0.568553 0.000010 0.342248
0.000010 0.000010 0.000010 0.000010 0.000010 0.999950
0.000010 0.000010 0.000010 0.190886 0.000010 0.809074
0.000010 0.026763 0.000010 0.445576 0.000010 0.527630
0.000010 0.000010 0.000010 0.000010 0.000010 0.999950
0.000010 0.000010 0.000010 0.457713 0.000010 0.542247
0.076853 0.000010 0.000010 0.155348 0.000010 0.767768
0.000010 0.000010 0.000010 0.999950 0.000010 0.000010
0.000010 0.000010 0.000010 0.079865 0.000010 0.920095
0.000010 0.000010 0.000010 0.000010 0.000010 0.999950
0.000010 0.000010 0.000010 0.532732 0.000010 0.467228
0.000010 0.000010 0.000010 0.999950 0.000010 0.000010
0.000010 0.000010 0.000010 0.999949 0.000011 0.000010
0.114284 0.000010 0.000010 0.000010 0.000010 0.885676
0.000010 0.000010 0.000010 0.412436 0.000010 0.587524
0.000010 0.000010 0.000010 0.000010 0.999950 0.000010
0.000010 0.000010 0.000010 0.000010 0.999950 0.000010
0.000010 0.000010 0.000010 0.000010 0.000010 0.999950
0.000016 0.000014 0.000010 0.000010 0.999941 0.000010
0.000010 0.000010 0.000010 0.579796 0.000010 0.420164
0.000010 0.000010 0.000010 0.735785 0.000010 0.264175
0.000010 0.000010 0.000010 0.000010 0.999950 0.000010
0.000010 0.000010 0.000010 0.000010 0.999950 0.000010
0.000010 0.000010 0.000010 0.449900 0.000010 0.550060
0.000010 0.000010 0.000010 0.000010 0.999950 0.000010
0.000010 0.000010 0.000010 0.000010 0.999950 0.000010
0.000010 0.000010 0.000010 0.000010 0.999950 0.000010
0.109208 0.000010 0.800452 0.090309 0.000010 0.000010
0.000010 0.000010 0.977056 0.000010 0.000010 0.022904
0.047871 0.000010 0.952089 0.000010 0.000010 0.000010
0.000010 0.000010 0.942752 0.000010 0.000010 0.057208
0.000010 0.000010 0.000010 0.000010 0.999950 0.000010
0.012301 0.000010 0.000010 0.646841 0.000010 0.340829
0.000010 0.000010 0.999950 0.000010 0.000010 0.000010
0.028312 0.000010 0.971648 0.000010 0.000010 0.000010
0.051315 0.000010 0.766434 0.000010 0.000010 0.182222
0.000010 0.000010 0.902401 0.073569 0.024000 0.000010
0.000010 0.023468 0.746882 0.000010 0.004553 0.225076
0.037533 0.000010 0.962427 0.000010 0.000010 0.000010
0.000010 0.000010 0.828331 0.107315 0.009269 0.055065
0.000010 0.000010 0.903962 0.095998 0.000010 0.000010
0.011014 0.000010 0.988946 0.000010 0.000010 0.000010
0.014842 0.000010 0.894971 0.081632 0.008535 0.000010
0.167065 0.000010 0.832895 0.000010 0.000010 0.000010
0.237893 0.000010 0.762067 0.000010 0.000010 0.000010
0.000010 0.000010 0.687631 0.309593 0.002746 0.000010
0.089677 0.000010 0.910283 0.000010 0.000010 0.000010
0.000010 0.000010 0.999950 0.000010 0.000010 0.000010
0.000010 0.000010 0.815030 0.184930 0.000010 0.000010
0.000010 0.000010 0.799853 0.000010 0.000010 0.200107
0.241811 0.000010 0.718510 0.000010 0.000010 0.039649
0.103218 0.000010 0.819949 0.000010 0.000010 0.076803
0.000010 0.000010 0.999950 0.000010 0.000010 0.000010
0.000010 0.000010 0.906640 0.000010 0.002619 0.090711
0.000010 0.000010 0.000010 0.000010 0.999950 0.000010
0.078688 0.000010 0.847890 0.046038 0.000010 0.027364
0.262787 0.000010 0.720129 0.000010 0.000010 0.017054
0.000010 0.000010 0.999950 0.000010 0.000010 0.000010
0.000010 0.000010 0.000010 0.000010 0.999950 0.000010
0.000010 0.000010 0.999950 0.000010 0.000010 0.000010
0.000010 0.000010 0.000010 0.000010 0.999950 0.000010
0.005338 0.000010 0.994622 0.000010 0.000010 0.000010
0.000010 0.000010 0.979939 0.020021 0.000010 0.000010
0.000010 0.000010 0.925123 0.000010 0.000010 0.074837
0.000010 0.000010 0.964103 0.000010 0.000010 0.035857
0.116450 0.000010 0.883510 0.000010 0.000010 0.000010
0.174485 0.000010 0.825475 0.000010 0.000010 0.000010
0.008699 0.000010 0.991261 0.000010 0.000010 0.000010
0.000010 0.000010 0.911955 0.000010 0.000010 0.088005
0.000010 0.000010 0.845303 0.154657 0.000010 0.000010
0.080203 0.000010 0.690673 0.000010 0.000010 0.229093
0.125820 0.000010 0.874140 0.000010 0.000010 0.000010
0.212625 0.000010 0.642481 0.031965 0.001812 0.111106
0.172566 0.000010 0.793671 0.000010 0.033733 0.000010
0.000010 0.000010 0.000010 0.999950 0.000010 0.000010
0.053973 0.000010 0.000010 0.355623 0.000010 0.590374
0.000010 0.000010 0.000010 0.999950 0.000010 0.000010
0.000010 0.000010 0.000010 0.588262 0.000010 0.411698
0.000010 0.000010 0.000010 0.473089 0.000010 0.526871
0.000010 0.000010 0.000010 0.666177 0.000010 0.333783
0.109505 0.000010 0.000010 0.340255 0.000010 0.550210
0.000014 0.000010 0.000010 0.193625 0.000010 0.806332
0.000010 0.000010 0.033004 0.966956 0.000010 0.000010
0.100287 0.000010 0.000010 0.495565 0.000010 0.404118
0.000010 0.000010 0.000010 0.942116 0.000010 0.057844
0.000010 0.000010 0.000010 0.534910 0.000010 0.465050
0.000010 0.000010 0.000010 0.000010 0.999950 0.000010
0.000010 0.000010 0.000010 0.464856 0.000010 0.535104
0.000010 0.000010 0.091392 0.661025 0.000010 0.247553
0.000010 0.000010 0.027228 0.341506 0.000010 0.631236
0.000010 0.000010 0.061269 0.402741 0.000010 0.535960
0.000010 0.000010 0.000010 0.666147 0.000010 0.333813
0.000010 0.000010 0.000010 0.676273 0.000010 0.323687
0.000010 0.000010 0.000010 0.498883 0.000010 0.501077
0.000010 0.000010 0.000010 0.871622 0.000010 0.128338
0.000010 0.000010 0.000010 0.442748 0.000010 0.557212
0.000010 0.000010 0.000017 0.999943 0.000010 0.000010
0.000010 0.000010 0.000010 0.000010 0.000010 0.999950
0.061394 0.000010 0.000010 0.893987 0.000010 0.044588
0.000010 0.000010 0.000010 0.468859 0.000010 0.531101
0.000010 0.000010 0.000010 0.999950 0.000010 0.000010
0.000010 0.000010 0.013418 0.691673 0.000010 0.294878
0.000010 0.000010 0.000010 0.999950 0.000010 0.000010
0.149077 0.000010 0.000010 0.430535 0.000010 0.420358
0.000010 0.000010 0.000010 0.601101 0.000010 0.398859
0.029396 0.000010 0.000010 0.479602 0.000010 0.490973
0.000010 0.000010 0.000010 0.105009 0.000010 0.894951
0.000010 0.000010 0.936993 0.062967 0.000010 0.000010
0.062576 0.000010 0.000010 0.000010 0.000010 0.937384
0.097977 0.000010 0.000010 0.481263 0.004952 0.415788
0.000010 0.000010 0.000010 0.000010 0.000010 0.999950
0.000010 0.000010 0.084090 0.000010 0.000010 0.915870
0.000010 0.000010 0.036024 0.503869 0.000010 0.460078
0.000010 0.000010 0.013625 0.324039 0.009219 0.653097
0.000010 0.000010 0.000010 0.999950 0.000010 0.000010
0.141535 0.000010 0.000010 0.338198 0.000010 0.520237
0.000010 0.000010 0.000010 0.999950 0.000010 0.000010
0.000010 0.000010 0.000010 0.417584 0.000010 0.582376
0.006805 0.000010 0.110234 0.162752 0.000010 0.720189
0.000010 0.000010 0.000010 0.797117 0.000010 0.202843
0.000010 0.000010 0.000010 0.000010 0.000010 0.999950
0.000010 0.000010 0.000010 0.772675 0.019601 0.207694
0.000010 0.000010 0.000010 0.000010 0.000010 0.999950
0.000010 0.000010 0.040637 0.275507 0.000010 0.683826
0.000010 0.000010 0.000010 0.855683 0.000010 0.144277
0.022902 0.000010 0.099634 0.590580 0.000010 0.286864
0.043427 0.000010 0.000010 0.588456 0.000010 0.368087
0.000010 0.000010 0.000010 0.000010 0.000010 0.999950
0.000010 0.000010 0.000010 0.661067 0.000010 0.338893
0.000010 0.000010 0.000010 0.576101 0.000010 0.423859
0.000010 0.000010 0.000010 0.383341 0.000010 0.616619
0.000010 0.000010 0.000010 0.403307 0.000010 0.596653
0.000010 0.000010 0.000010 0.655591 0.000010 0.344369
0.000010 0.000010 0.000010 0.999950 0.000010 0.000010
0.000010 0.000010 0.125152 0.055282 0.000010 0.819536
0.000010 0.000010 0.000010 0.999950 0.000010 0.000010
0.000010 0.000010 0.000010 0.469528 0.000010 0.530432
0.036776 0.000010 0.000010 0.242520 0.000010 0.720674
0.000010 0.000010 0.064569 0.673269 0.000010 0.262132
0.000010 0.000010 0.000010 0.296807 0.000010 0.703153
0.000010 0.000010 0.000010 0.000010 0.999950 0.000010
0.000010 0.000010 0.000010 0.650098 0.000010 0.349862
0.000010 0.000010 0.000018 0.999942 0.000010 0.000010
0.000010 0.000010 0.000010 0.879711 0.000010 0.120249
0.001628 0.000010 0.000010 0.442166 0.007405 0.548781
0.000010 0.000010 0.000010 0.021208 0.000010 0.978752
0.000010 0.000010 0.000010 0.999950 0.000010 0.000010
0.000010 0.000010 0.000010 0.786676 0.000010 0.213284
0.000010 0.000010 0.000010 0.999950 0.000010 0.000010
0.002559 0.000010 0.000010 0.997401 0.000010 0.000010
0.000010 0.000010 0.000010 0.328828 0.000010 0.671132
0.000010 0.000010 0.027499 0.972461 0.000010 0.000010
0.000010 0.000010 0.000010 0.364824 0.000010 0.635136
0.051631 0.000010 0.000010 0.356446 0.000010 0.591893
0.000010 0.000010 0.000010 0.175011 0.000010 0.824949
0.000010 0.000010 0.000010 0.000010 0.000010 0.999950
0.999950 0.000010 0.000010 0.000010 0.000010 0.000010
0.902660 0.000010 0.000010 0.097300 0.000010 0.000010
0.887995 0.000010 0.000010 0.111965 0.000010 0.000010
0.638249 0.000010 0.152406 0.159920 0.000010 0.049405
0.968666 0.000010 0.031294 0.000010 0.000010 0.000010
0.925717 0.000010 0.000010 0.074243 0.000010 0.000010
0.999950 0.000010 0.000010 0.000010 0.000010 0.000010
0.999950 0.000010 0.000010 0.000010 0.000010 0.000010
0.885375 0.000010 0.000010 0.114585 0.000010 0.000010
0.999950 0.000010 0.000010 0.000010 0.000010 0.000010
0.953271 0.000010 0.000010 0.000010 0.000010 0.046689
0.806854 0.000010 0.000010 0.000010 0.000010 0.193106
0.655669 0.000010 0.260545 0.083756 0.000010 0.000010
0.928626 0.000010 0.000010 0.071334 0.000010 0.000010
0.999950 0.000010 0.000010 0.000010 0.000010 0.000010
0.000010 0.000010 0.000010 0.000010 0.999950 0.000010
0.728657 0.000010 0.044683 0.000010 0.000010 0.226629
0.999950 0.000010 0.000010 0.000010 0.000010 0.000010
0.723453 0.000010 0.000010 0.000010 0.000010 0.276507
0.999950 0.000010 0.000010 0.000010 0.000010 0.000010
0.750392 0.000010 0.180949 0.068629 0.000010 0.000010
0.832345 0.000010 0.167615 0.000010 0.000010 0.000010
0.956982 0.000010 0.000010 0.000010 0.000010 0.042978
0.906913 0.000010 0.000010 0.084060 0.000010 0.008997
0.940286 0.000010 0.000010 0.000010 0.000010 0.059674
0.999950 0.000010 0.000010 0.000010 0.000010 0.000010
0.812656 0.000010 0.000010 0.000010 0.000010 0.187304
0.892559 0.000010 0.000010 0.091955 0.015456 0.000010
0.758312 0.000010 0.026606 0.000010 0.000010 0.215052
0.945625 0.000010 0.000010 0.025858 0.028487 0.000010
0.899317 0.000010 0.000010 0.000010 0.000010 0.100643
0.844922 0.000010 0.000010 0.000010 0.000010 0.155038
0.793148 0.000010 0.000010 0.138858 0.000010 0.067964
0.999950 0.000010 0.000010 0.000010 0.000010 0.000010
0.999950 0.000010 0.000010 0.000010 0.000010 0.000010
0.000010 0.000010 0.000010 0.000010 0.999950 0.000010
0.958548 0.000010 0.000010 0.000010 0.000010 0.041412
0.999950 0.000010 0.000010 0.000010 0.000010 0.000010
0.000010 0.000010 0.000010 0.000010 0.999950 0.000010
0.921512 0.000010 0.078448 0.000010 0.000010 0.000010
0.943889 0.000010 0.000010 0.000010 0.000010 0.056071
0.924361 0.000010 0.000010 0.075599 0.000010 0.000010
0.831323 0.000010 0.095246 0.000010 0.000010 0.073401
0.999950 0.000010 0.000010 0.000010 0.000010 0.000010
0.801583 0.000010 0.113129 0.085258 0.000010 0.000010
0.999950 0.000010 0.000010 0.000010 0.000010 0.000010
0.000010 0.000010 0.000010 0.000010 0.999950 0.000010
0.947220 0.000010 0.000010 0.000010 0.000010 0.052740
0.912126 0.000010 0.000010 0.085205 0.002639 0.000010
0.999950 0.000010 0.000010 0.000010 0.000010 0.000010
0.985492 0.000010 0.000010 0.000010 0.014468 0.000010
0.999950 0.000010 0.000010 0.000010 0.000010 0.000010
0.000010 0.000010 0.000010 0.000010 0.000010 0.999950
