0.174448 0.366970 0.184972 0.000010 0.273579 0.000010 0.000010
0.131829 0.816426 0.000010 0.000496 0.051219 0.000010 0.000010
0.183831 0.805975 0.000010 0.010154 0.000010 0.000010 0.000010
0.000010 0.698295 0.301655 0.000010 0.000010 0.000010 0.000010
0.154645 0.423699 0.000010 0.003610 0.418016 0.000010 0.000010
0.000010 0.936324 0.000010 0.000010 0.034442 0.000010 0.029194
0.000010 0.768774 0.000010 0.000010 0.231176 0.000010 0.000010
0.000010 0.999940 0.000010 0.000010 0.000010 0.000010 0.000010
0.110566 0.759273 0.000010 0.000010 0.130120 0.000010 0.000010
0.000010 0.433330 0.000010 0.000010 0.000010 0.566620 0.000010
0.000010 0.695961 0.000010 0.000010 0.000010 0.303989 0.000010
0.000010 0.803049 0.196901 0.000010 0.000010 0.000010 0.000010
0.113218 0.773373 0.033965 0.000010 0.079414 0.000010 0.000010
0.062424 0.704050 0.000010 0.000010 0.233486 0.000010 0.000010
0.000010 0.999940 0.000010 0.000010 0.000010 0.000010 0.000010
0.099314 0.850897 0.000010 0.000010 0.049750 0.000010 0.000010
0.000010 0.997175 0.002775 0.000010 0.000010 0.000010 0.000010
0.000010 0.581388 0.133755 0.000010 0.185392 0.000010 0.099435
0.000010 0.956417 0.000010 0.000010 0.000010 0.000010 0.043533
0.039982 0.926761 0.000010 0.033216 0.000010 0.000010 0.000010
0.000010 0.741282 0.000010 0.000010 0.092158 0.000010 0.166520
0.000010 0.839852 0.000010 0.010797 0.149311 0.000010 0.000010
0.000010 0.803722 0.000010 0.023613 0.172626 0.000010 0.000010
0.020795 0.697409 0.142142 0.000010 0.139624 0.000010 0.000010
0.000010 0.879246 0.120704 0.000010 0.000010 0.000010 0.000010
0.000010 0.960686 0.023792 0.000010 0.000010 0.000010 0.015482
0.000010 0.753335 0.246615 0.000010 0.000010 0.000010 0.000010
0.236999 0.000010 0.176750 0.000010 0.000010 0.000010 0.586211
0.000010 0.284115 0.000010 0.000010 0.715835 0.000010 0.000010
0.000010 0.224287 0.000010 0.000010 0.682664 0.000010 0.093009
0.000010 0.000010 0.000010 0.000010 0.999940 0.000010 0.000010
0.000010 0.000010 0.000010 0.000010 0.999940 0.000010 0.000010
0.000010 0.000010 0.000010 0.000010 0.999940 0.000010 0.000010
0.000010 0.000010 0.000010 0.000010 0.999940 0.000010 0.000010
0.000010 0.000010 0.000010 0.000010 0.000010 0.999940 0.000010
0.000010 0.315195 0.000010 0.000010 0.125230 0.520562 0.038983
0.000010 0.000010 0.000010 0.000010 0.999940 0.000010 0.000010
0.000010 0.000010 0.000010 0.000010 0.999940 0.000010 0.000010
0.049496 0.300735 0.000010 0.000010 0.649729 0.000010 0.000010
0.162378 0.267343 0.000010 0.000010 0.570239 0.000010 0.000010
0.000010 0.269888 0.000010 0.000010 0.710110 0.000010 0.019963
0.000010 0.000010 0.000010 0.000010 0.999940 0.000010 0.000010
0.000010 0.000010 0.000010 0.000010 0.836910 0.000010 0.163040
0.000010 0.000010 0.000010 0.007792 0.992158 0.000010 0.000010
0.000010 0.000010 0.000010 0.999940 0.000010 0.000010 0.000010
0.000010 0.000010 0.000010 0.000010 0.999940 0.000010 0.000010
0.000010 0.142525 0.077290 0.003898 0.767611 0.000010 0.008656
0.039331 0.003020 0.249140 0.000010 0.708479 0.000010 0.000010
0.000010 0.000010 0.000010 0.000010 0.999940 0.000010 0.000010
0.000010 0.000010 0.000010 0.999940 0.000010 0.000010 0.000010
0.000010 0.000010 0.000010 0.000010 0.879217 0.000010 0.120733
0.206535 0.000010 0.112132 0.000010 0.681294 0.000010 0.000010
0.000010 0.000010 0.000010 0.999940 0.000010 0.000010 0.000010
0.227980 0.166256 0.000010 0.000010 0.605724 0.000010 0.000010
0.000010 0.000010 0.000010 0.999940 0.000010 0.000010 0.000010
0.000010 0.000010 0.000010 0.999940 0.000010 0.000010 0.000010
0.000010 0.246612 0.048370 0.011400 0.602631 0.000010 0.090968
0.020809 0.000010 0.000010 0.979140 0.000011 0.000010 0.000010
0.000010 0.000010 0.000010 0.000010 0.000010 0.999940 0.000010
0.000010 0.000010 0.000010 0.999940 0.000010 0.000010 0.000010
0.000010 0.000010 0.000010 0.000010 0.000010 0.999940 0.000010
0.000010 0.000010 0.021663 0.000010 0.910103 0.000010 0.068194
0.000010 0.246831 0.000010 0.000010 0.753119 0.000010 0.000010
0.000010 0.394762 0.000010 0.000010 0.391339 0.000010 0.213860
0.000010 0.000010 0.000010 0.000010 0.999940 0.000010 0.000010
0.334246 0.000010 0.000010 0.000010 0.000010 0.000010 0.665704
0.223449 0.000010 0.000010 0.001365 0.013514 0.000010 0.761642
0.599731 0.000010 0.000010 0.000010 0.000010 0.000010 0.400219
0.000010 0.130200 0.000010 0.000010 0.000010 0.000010 0.869750
0.504822 0.000010 0.000010 0.000010 0.000010 0.000010 0.495128
0.581689 0.000010 0.000010 0.029500 0.000010 0.000010 0.388771
0.000010 0.000010 0.000010 0.000010 0.000010 0.000010 0.999940
0.000010 0.000010 0.000010 0.000010 0.000010 0.043794 0.956156
0.000010 0.000010 0.000010 0.999940 0.000010 0.000010 0.000010
0.000010 0.000010 0.000010 0.000010 0.000010 0.000010 0.999940
0.026215 0.009751 0.128304 0.000010 0.000010 0.000010 0.835700
0.179663 0.000010 0.000010 0.000010 0.000010 0.000010 0.820287
0.000010 0.000010 0.139094 0.000010 0.000010 0.000010 0.860856
0.999940 0.000010 0.000010 0.000010 0.000010 0.000010 0.000010
0.282824 0.000010 0.000010 0.000010 0.000010 0.000010 0.717126
0.049626 0.000010 0.000010 0.000010 0.000010 0.000010 0.950324
0.000010 0.669088 0.237098 0.000010 0.093774 0.000010 0.000010
0.653752 0.125163 0.000010 0.000010 0.000010 0.000010 0.221045
0.000010 0.000010 0.000010 0.999940 0.000010 0.000010 0.000010
0.865169 0.000010 0.000010 0.000010 0.000010 0.000010 0.134781
0.999940 0.000010 0.000010 0.000010 0.000010 0.000010 0.000010
0.000010 0.000010 0.000010 0.000010 0.000010 0.000010 0.999940
0.166166 0.114042 0.000010 0.000010 0.000010 0.000010 0.719753
0.306927 0.000010 0.193600 0.004984 0.000010 0.000010 0.494459
0.000010 0.000010 0.000010 0.999940 0.000010 0.000010 0.000010
0.385931 0.000010 0.000010 0.000010 0.000010 0.000010 0.614019
0.000010 0.000010 0.039960 0.000010 0.000010 0.000010 0.959990
0.000010 0.000010 0.000010 0.999940 0.000010 0.000010 0.000010
0.051903 0.000010 0.000010 0.000010 0.000010 0.000010 0.948047
0.000010 0.000010 0.000010 0.999940 0.000010 0.000010 0.000010
0.000010 0.000010 0.000010 0.999940 0.000010 0.000010 0.000010
0.000010 0.000010 0.000010 0.999940 0.000010 0.000010 0.000010
0.944197 0.000010 0.000010 0.000010 0.055753 0.000010 0.000010
0.712273 0.000010 0.000010 0.000010 0.000010 0.000010 0.287677
0.000010 0.195668 0.804282 0.000010 0.000010 0.000010 0.000010
0.074750 0.000010 0.816514 0.000010 0.108696 0.000010 0.000010
0.154118 0.331431 0.514411 0.000010 0.000010 0.000010 0.000010
0.115818 0.000010 0.767870 0.000010 0.116272 0.000010 0.000010
0.177319 0.031252 0.742504 0.002257 0.046648 0.000010 0.000010
0.000010 0.147215 0.693538 0.000010 0.000010 0.000010 0.159207
0.488043 0.000010 0.000010 0.000010 0.000010 0.000010 0.511907
0.000010 0.000010 0.000010 0.999940 0.000010 0.000010 0.000010
0.266608 0.000010 0.000010 0.000010 0.000010 0.000010 0.733342
0.417921 0.010880 0.000010 0.000010 0.000010 0.000010 0.571159
0.999940 0.000010 0.000010 0.000010 0.000010 0.000010 0.000010
0.000010 0.000010 0.000010 0.999940 0.000010 0.000010 0.000010
0.206457 0.000010 0.070919 0.000010 0.000010 0.000010 0.722585
0.000010 0.000010 0.000010 0.000010 0.000010 0.000010 0.999940
0.187494 0.000010 0.011390 0.024692 0.000010 0.000010 0.776394
0.196401 0.000010 0.000010 0.000010 0.057339 0.000010 0.746220
0.684311 0.000010 0.126929 0.000010 0.000010 0.000010 0.188720
0.248475 0.000010 0.000010 0.000010 0.000010 0.000010 0.751475
0.000010 0.000010 0.000010 0.000010 0.000010 0.000010 0.999940
0.339121 0.000010 0.000010 0.013382 0.009703 0.000010 0.637764
0.000010 0.000010 0.116394 0.000010 0.000010 0.000010 0.883556
0.000010 0.000010 0.000010 0.999940 0.000010 0.000010 0.000010
0.000010 0.000010 0.000010 0.000010 0.000010 0.000010 0.999940
0.000010 0.000010 0.000010 0.000010 0.000010 0.045576 0.954374
0.504883 0.000010 0.016371 0.000010 0.000010 0.000010 0.478706
0.000010 0.000010 0.000010 0.000010 0.000010 0.000010 0.999940
0.264377 0.000010 0.000010 0.000010 0.000010 0.000010 0.735573
0.179630 0.000010 0.000010 0.000010 0.000010 0.071632 0.748699
0.107782 0.000010 0.000010 0.000010 0.000010 0.000010 0.892168
0.177238 0.000010 0.000010 0.000010 0.000010 0.000010 0.822712
0.185059 0.056186 0.000010 0.002823 0.000010 0.000010 0.755902
0.000010 0.000010 0.000010 0.000010 0.000010 0.000010 0.999940
0.338953 0.000010 0.015175 0.000010 0.000010 0.000010 0.645832
0.058690 0.000010 0.077248 0.000010 0.024336 0.000010 0.839697
0.000010 0.000010 0.000010 0.000010 0.000010 0.000010 0.999940
0.110038 0.000010 0.000010 0.000010 0.000010 0.000010 0.889912
0.000010 0.000010 0.000010 0.000010 0.000010 0.000010 0.999940
0.504701 0.000010 0.000010 0.000010 0.000010 0.000010 0.495249
0.000010 0.000010 0.000010 0.000010 0.000010 0.000010 0.999940
0.191526 0.000010 0.057925 0.000010 0.000010 0.000010 0.750509
0.000010 0.000010 0.136117 0.000010 0.000010 0.000010 0.863833
0.000010 0.000010 0.000010 0.000010 0.000010 0.000010 0.999940
0.000010 0.000010 0.000010 0.999940 0.000010 0.000010 0.000010
0.000010 0.000010 0.000010 0.999940 0.000010 0.000010 0.000010
0.000010 0.000010 0.000010 0.000010 0.000010 0.000010 0.999940
0.000010 0.000010 0.000010 0.999940 0.000010 0.000010 0.000010
0.999940 0.000010 0.000010 0.000010 0.000010 0.000010 0.000010
0.999940 0.000010 0.000010 0.000010 0.000010 0.000010 0.000010
0.000010 0.000010 0.000010 0.999940 0.000010 0.000010 0.000010
0.000010 0.000010 0.000010 0.999940 0.000010 0.000010 0.000010
0.293438 0.000010 0.000010 0.000010 0.000010 0.000010 0.706512
0.000010 0.000010 0.000010 0.999940 0.000010 0.000010 0.000010
0.000010 0.000010 0.000010 0.999940 0.000010 0.000010 0.000010
0.000010 0.000010 0.000010 0.999940 0.000010 0.000010 0.000010
0.000010 0.815655 0.058291 0.000533 0.000010 0.000010 0.125491
0.004474 0.995476 0.000010 0.000010 0.000010 0.000010 0.000010
0.000010 0.940649 0.059296 0.000010 0.000010 0.000015 0.000010
0.000010 0.935873 0.000010 0.000010 0.000010 0.000010 0.064077
0.000010 0.000010 0.000010 0.999940 0.000010 0.000010 0.000010
0.471269 0.000010 0.051779 0.000010 0.000010 0.000010 0.476912
0.022341 0.693003 0.000010 0.000010 0.284616 0.000010 0.000010
0.000010 0.748659 0.093660 0.000010 0.157641 0.000010 0.000010
0.000010 0.717581 0.087985 0.000010 0.002925 0.000010 0.191478
0.071591 0.847423 0.000010 0.023080 0.057875 0.000010 0.000010
0.000010 0.785611 0.000010 0.004296 0.000010 0.023704 0.186359
0.027623 0.863741 0.071907 0.000010 0.036698 0.000010 0.000010
0.149196 0.739338 0.000010 0.007323 0.104112 0.000010 0.000010
0.051196 0.560129 0.000010 0.000010 0.388635 0.000010 0.000010
0.023170 0.969825 0.006965 0.000010 0.000010 0.000010 0.000010
0.079366 0.868089 0.038091 0.000231 0.000010 0.000010 0.014203
0.000010 0.762534 0.147175 0.000010 0.090251 0.000010 0.000010
0.000010 0.734877 0.265073 0.000010 0.000010 0.000010 0.000010
0.066743 0.731175 0.000010 0.009162 0.000010 0.000010 0.192890
0.000010 0.772699 0.137119 0.000010 0.090142 0.000010 0.000010
0.000010 0.999940 0.000010 0.000010 0.000010 0.000010 0.000010
0.166723 0.610306 0.000010 0.000010 0.222932 0.000010 0.000010
0.000010 0.708619 0.000010 0.000010 0.107412 0.000010 0.183929
0.000010 0.684719 0.257729 0.000010 0.000010 0.000010 0.057512
0.203996 0.717546 0.078418 0.000010 0.000010 0.000010 0.000010
0.000010 0.999940 0.000010 0.000010 0.000010 0.000010 0.000010
0.106236 0.875744 0.000010 0.017980 0.000010 0.000010 0.000010
0.000010 0.000010 0.000010 0.999940 0.000010 0.000010 0.000010
0.078580 0.921370 0.000010 0.000010 0.000010 0.000010 0.000010
0.000010 0.514501 0.214681 0.000016 0.270772 0.000010 0.000010
0.000010 0.999940 0.000010 0.000010 0.000010 0.000010 0.000010
0.000010 0.000010 0.000010 0.999940 0.000010 0.000010 0.000010
0.000010 0.999940 0.000010 0.000010 0.000010 0.000010 0.000010
0.000010 0.000010 0.000010 0.999940 0.000010 0.000010 0.000010
0.000010 0.964446 0.035504 0.000010 0.000010 0.000010 0.000010
0.000010 0.999940 0.000010 0.000010 0.000010 0.000010 0.000010
0.000010 0.951917 0.000010 0.000010 0.000010 0.000010 0.048033
0.119102 0.716822 0.000010 0.000010 0.164036 0.000010 0.000010
0.000010 0.851311 0.148639 0.000010 0.000010 0.000010 0.000010
0.091717 0.753823 0.154421 0.000010 0.000010 0.000010 0.000010
0.000010 0.966382 0.033568 0.000010 0.000010 0.000010 0.000010
0.024813 0.632850 0.000010 0.000010 0.342297 0.000010 0.000010
0.179356 0.820594 0.000010 0.000010 0.000010 0.000010 0.000010
0.000010 0.442150 0.059909 0.000010 0.257031 0.000010 0.240880
0.122375 0.746385 0.044957 0.000010 0.086253 0.000010 0.000010
0.000010 0.627989 0.206830 0.000010 0.000010 0.000010 0.165141
0.000010 0.365971 0.148916 0.008747 0.476335 0.000010 0.000010
0.000010 0.000010 0.000010 0.000010 0.000010 0.000010 0.999940
0.174382 0.000010 0.060405 0.000010 0.000010 0.000010 0.765173
0.272375 0.000010 0.000010 0.000010 0.000010 0.000010 0.727575
0.531726 0.000010 0.000010 0.000010 0.000010 0.000010 0.468224
0.000010 0.000010 0.000010 0.000010 0.000010 0.000010 0.999940
0.409314 0.000010 0.000010 0.000010 0.043767 0.000010 0.546879
0.202960 0.000010 0.142832 0.000010 0.000010 0.000010 0.654167
0.172839 0.000010 0.000010 0.000010 0.079061 0.000010 0.748059
0.951674 0.048276 0.000010 0.000010 0.000010 0.000010 0.000010
0.438304 0.000010 0.042284 0.000010 0.066322 0.000010 0.453060
0.563685 0.036209 0.000010 0.000010 0.000010 0.000010 0.400066
0.186202 0.000010 0.062787 0.000010 0.000010 0.000010 0.750971
0.000010 0.000010 0.000010 0.999940 0.000010 0.000010 0.000010
0.000010 0.000010 0.000010 0.000010 0.000010 0.000010 0.999940
0.618196 0.103698 0.000010 0.000010 0.000010 0.000010 0.278066
0.423741 0.075427 0.000010 0.000010 0.000010 0.000010 0.500791
0.609000 0.023537 0.000010 0.000010 0.115653 0.000010 0.251780
0.379257 0.000010 0.025017 0.000010 0.000010 0.000010 0.595686
0.408341 0.000010 0.000010 0.000010 0.000010 0.000010 0.591609
0.999940 0.000010 0.000010 0.000010 0.000010 0.000010 0.000010
0.999940 0.000010 0.000010 0.000010 0.000010 0.000010 0.000010
0.505880 0.000010 0.000010 0.000010 0.000010 0.000010 0.494070
0.999940 0.000010 0.000010 0.000010 0.000010 0.000010 0.000010
0.469085 0.000010 0.000010 0.000010 0.000010 0.000010 0.530865
0.412691 0.007686 0.060431 0.000010 0.000010 0.000010 0.519162
0.000010 0.000010 0.000010 0.000010 0.000010 0.000010 0.999940
0.999940 0.000010 0.000010 0.000010 0.000010 0.000010 0.000010
0.404370 0.000010 0.000010 0.000010 0.076804 0.000010 0.518786
0.599707 0.000010 0.000010 0.000010 0.000010 0.000010 0.400243
0.470770 0.023697 0.130641 0.000010 0.000010 0.000010 0.374862
0.965570 0.034380 0.000010 0.000010 0.000010 0.000010 0.000010
0.392436 0.000010 0.036206 0.000010 0.000010 0.000010 0.571318
0.000010 0.000010 0.000010 0.000010 0.000010 0.000010 0.999940
0.000010 0.999940 0.000010 0.000010 0.000010 0.000010 0.000010
0.000010 0.000010 0.111813 0.000010 0.000010 0.000010 0.888137
0.594311 0.000010 0.084189 0.000010 0.000010 0.000010 0.321460
0.000010 0.000010 0.000010 0.000010 0.000010 0.000010 0.999940
0.099012 0.000010 0.000010 0.000010 0.351386 0.000010 0.549562
0.736295 0.000010 0.000010 0.000010 0.000010 0.000010 0.263655
0.170244 0.000010 0.000010 0.004745 0.109196 0.000010 0.715785
0.999940 0.000010 0.000010 0.000010 0.000010 0.000010 0.000010
0.000010 0.000010 0.101131 0.000010 0.030326 0.000010 0.868502
0.644509 0.000010 0.000010 0.000010 0.000010 0.000010 0.355441
0.516915 0.000010 0.000010 0.000010 0.057178 0.000010 0.425866
0.299179 0.029856 0.095467 0.000010 0.015129 0.000010 0.560349
0.548005 0.000010 0.000010 0.000010 0.000010 0.000010 0.451945
0.000010 0.000010 0.000010 0.000010 0.093755 0.000010 0.906195
0.457878 0.000010 0.000010 0.023103 0.000010 0.000010 0.518978
0.000010 0.000010 0.000010 0.000010 0.073393 0.000010 0.926557
0.304880 0.035418 0.000010 0.000010 0.000010 0.000010 0.659662
0.626548 0.000010 0.000010 0.000010 0.000010 0.000010 0.373402
0.175986 0.119125 0.005168 0.000010 0.000010 0.000010 0.699692
0.999940 0.000010 0.000010 0.000010 0.000010 0.000010 0.000010
0.000010 0.000010 0.000010 0.000010 0.109290 0.000010 0.890660
0.999940 0.000010 0.000010 0.000010 0.000010 0.000010 0.000010
0.474685 0.048398 0.000010 0.000010 0.000010 0.000010 0.476878
0.000010 0.000010 0.000010 0.000010 0.000010 0.000010 0.999940
0.000010 0.000010 0.000010 0.000010 0.000010 0.000010 0.999940
0.608613 0.000010 0.000010 0.000010 0.000010 0.000010 0.391337
0.999940 0.000010 0.000010 0.000010 0.000010 0.000010 0.000010
0.378262 0.076843 0.000010 0.000010 0.000010 0.044155 0.500709
0.999940 0.000010 0.000010 0.000010 0.000010 0.000010 0.000010
0.313263 0.000010 0.000010 0.000010 0.000010 0.000010 0.686687
0.363282 0.000010 0.020059 0.000010 0.000010 0.000010 0.616619
0.412113 0.055453 0.000010 0.000010 0.000010 0.000010 0.532394
0.360652 0.000010 0.000010 0.000010 0.078484 0.000010 0.560824
0.000010 0.000010 0.000010 0.999940 0.000010 0.000010 0.000010
0.999940 0.000010 0.000010 0.000010 0.000010 0.000010 0.000010
0.258193 0.000010 0.000010 0.000010 0.000010 0.000010 0.741757
0.426568 0.000010 0.000010 0.000010 0.000010 0.000010 0.573382
0.605629 0.000010 0.000010 0.000010 0.068856 0.000010 0.325475
0.000010 0.000010 0.000010 0.000010 0.096044 0.000010 0.903906
0.000010 0.000010 0.000010 0.000010 0.000010 0.000010 0.999940
0.608188 0.000010 0.000010 0.000010 0.000010 0.000010 0.391762
0.999940 0.000010 0.000010 0.000010 0.000010 0.000010 0.000010
0.999940 0.000010 0.000010 0.000010 0.000010 0.000010 0.000010
0.325737 0.000010 0.000010 0.000010 0.000010 0.000010 0.674213
0.309282 0.000010 0.000010 0.000010 0.089875 0.000010 0.600803
0.353493 0.000010 0.000010 0.000010 0.070484 0.000010 0.575983
0.458673 0.000010 0.061707 0.000010 0.049668 0.000010 0.429922
0.000010 0.019862 0.037197 0.000010 0.000010 0.000010 0.942900
0.410135 0.000010 0.000010 0.000010 0.078894 0.000010 0.510931
0.000010 0.000010 0.848747 0.000010 0.151203 0.000010 0.000010
0.085950 0.057018 0.856993 0.000010 0.000010 0.000010 0.000010
0.151621 0.000010 0.727835 0.000010 0.120504 0.000010 0.000010
0.168170 0.063951 0.611766 0.000010 0.156082 0.000010 0.000010
0.000010 0.111247 0.888703 0.000010 0.000010 0.000010 0.000010
0.000010 0.000010 0.901209 0.000010 0.000010 0.000010 0.098741
0.000010 0.000010 0.979936 0.000010 0.000010 0.000010 0.020014
0.000010 0.000010 0.999940 0.000010 0.000010 0.000010 0.000010
0.000010 0.000010 0.842262 0.000010 0.047853 0.000010 0.109846
0.006373 0.000010 0.993577 0.000010 0.000010 0.000010 0.000010
0.009257 0.000010 0.929013 0.000010 0.061689 0.000010 0.000010
0.000010 0.000010 0.764042 0.000010 0.047743 0.000010 0.188175
0.160533 0.162249 0.555360 0.000010 0.121828 0.000010 0.000010
0.000010 0.000010 0.932540 0.000010 0.000010 0.000010 0.067410
0.000010 0.000010 0.999940 0.000010 0.000010 0.000010 0.000010
0.000010 0.000010 0.000010 0.999940 0.000010 0.000010 0.000010
0.187696 0.025064 0.677115 0.000010 0.110095 0.000010 0.000010
0.000010 0.000010 0.999940 0.000010 0.000010 0.000010 0.000010
0.214443 0.000010 0.704777 0.000010 0.000010 0.000010 0.080740
0.000010 0.000010 0.999940 0.000010 0.000010 0.000010 0.000010
0.073171 0.000010 0.659663 0.000010 0.267126 0.000010 0.000010
0.000010 0.125032 0.874918 0.000010 0.000010 0.000010 0.000010
0.000010 0.000010 0.833152 0.000010 0.041660 0.000010 0.125148
0.092849 0.000010 0.907101 0.000010 0.000010 0.000010 0.000010
0.081883 0.000010 0.918067 0.000010 0.000010 0.000010 0.000010
0.000010 0.000010 0.999940 0.000010 0.000010 0.000010 0.000010
0.100241 0.000010 0.776245 0.000010 0.104121 0.000010 0.019362
0.000010 0.063767 0.890134 0.013586 0.000010 0.000010 0.032483
0.000010 0.089965 0.731999 0.000010 0.000010 0.000010 0.177996
0.074036 0.000010 0.911998 0.013926 0.000010 0.000010 0.000010
0.000010 0.000010 0.915660 0.000010 0.000010 0.000010 0.084290
0.000010 0.000010 0.872377 0.000010 0.000010 0.000010 0.127573
0.000010 0.008157 0.791801 0.000010 0.000010 0.000010 0.200002
0.000010 0.140456 0.859494 0.000010 0.000010 0.000010 0.000010
0.000010 0.103652 0.896298 0.000010 0.000010 0.000010 0.000010
0.000010 0.000010 0.000010 0.999940 0.000010 0.000010 0.000010
0.120545 0.000010 0.879405 0.000010 0.000010 0.000010 0.000010
0.000010 0.000010 0.801593 0.000010 0.198357 0.000010 0.000010
0.000010 0.000010 0.000010 0.999940 0.000010 0.000010 0.000010
0.000010 0.107288 0.892662 0.000010 0.000010 0.000010 0.000010
0.000010 0.000010 0.942855 0.000010 0.000010 0.000010 0.057095
0.125157 0.000010 0.874793 0.000010 0.000010 0.000010 0.000010
0.000010 0.132784 0.802633 0.000010 0.000010 0.000010 0.064543
0.000010 0.000010 0.999940 0.000010 0.000010 0.000010 0.000010
0.008576 0.182235 0.809150 0.000010 0.000010 0.000010 0.000010
0.000010 0.000010 0.904445 0.000010 0.095505 0.000010 0.000010
0.000010 0.000010 0.000010 0.999940 0.000010 0.000010 0.000010
0.076836 0.000010 0.923114 0.000010 0.000010 0.000010 0.000010
0.164048 0.000010 0.759555 0.000010 0.076358 0.000010 0.000010
0.000010 0.000010 0.999940 0.000010 0.000010 0.000010 0.000010
0.000010 0.000010 0.812195 0.000010 0.187755 0.000010 0.000010
0.000010 0.000010 0.896865 0.000010 0.103085 0.000010 0.000010
0.000010 0.004583 0.000010 0.000010 0.022164 0.000010 0.973213
