0.000010 0.000010 0.343232 0.539088 0.000010 0.000010 0.000010 0.000010 0.038508 0.079111
0.000010 0.111390 0.307737 0.580804 0.000010 0.000010 0.000010 0.000010 0.000010 0.000010
0.000010 0.000010 0.441012 0.448621 0.000010 0.000010 0.000010 0.110297 0.000010 0.000010
0.000010 0.000010 0.999910 0.000010 0.000010 0.000010 0.000010 0.000010 0.000010 0.000010
0.000010 0.053476 0.244091 0.510000 0.069227 0.000010 0.000010 0.000010 0.000010 0.123156
0.000010 0.000010 0.825667 0.038935 0.000010 0.000010 0.000010 0.000010 0.000010 0.135328
0.000010 0.000010 0.688807 0.311113 0.000010 0.000010 0.000010 0.000010 0.000010 0.000010
0.000010 0.000010 0.000010 0.911883 0.000010 0.088037 0.000010 0.000010 0.000010 0.000010
0.000010 0.000010 0.993550 0.000010 0.000010 0.000010 0.000010 0.006370 0.000010 0.000010
0.000010 0.000010 0.485761 0.000010 0.000010 0.000010 0.000010 0.000010 0.514159 0.000010
0.000010 0.000010 0.713153 0.000010 0.000010 0.000010 0.000010 0.000010 0.286767 0.000010
0.000010 0.000010 0.316500 0.515602 0.167828 0.000010 0.000010 0.000010 0.000010 0.000010
0.000010 0.000010 0.188826 0.653541 0.000010 0.000010 0.000010 0.000010 0.000010 0.157563
0.000010 0.000010 0.439454 0.467191 0.000010 0.000010 0.000010 0.093285 0.000010 0.000010
0.000010 0.000010 0.999910 0.000010 0.000010 0.000010 0.000010 0.000010 0.000010 0.000010
0.000010 0.000010 0.747117 0.252803 0.000010 0.000010 0.000010 0.000010 0.000010 0.000010
0.000010 0.000010 0.999910 0.000010 0.000010 0.000010 0.000010 0.000010 0.000010 0.000010
0.000010 0.108278 0.443124 0.222168 0.017089 0.123131 0.000010 0.086171 0.000010 0.000010
0.000101 0.000010 0.428797 0.508540 0.062503 0.000010 0.000010 0.000010 0.000010 0.000010
0.013486 0.017240 0.343712 0.617638 0.000010 0.000010 0.000010 0.007874 0.000010 0.000010
0.000010 0.006065 0.702950 0.000010 0.000010 0.108821 0.000010 0.182104 0.000010 0.000010
0.044337 0.000010 0.207967 0.677124 0.000010 0.045158 0.000010 0.000010 0.000010 0.025365
0.000010 0.000010 0.295993 0.668490 0.000010 0.000010 0.000010 0.035447 0.000010 0.000010
0.000010 0.000010 0.701323 0.193711 0.000010 0.000010 0.000010 0.000010 0.000010 0.104897
0.000013 0.000010 0.363916 0.636001 0.000010 0.000010 0.000010 0.000010 0.000010 0.000010
0.000010 0.000010 0.000010 0.754080 0.216019 0.029830 0.000010 0.000010 0.000010 0.000010
0.000010 0.007778 0.296229 0.474066 0.135799 0.026018 0.000010 0.000010 0.000010 0.060070
0.000010 0.006627 0.000010 0.000010 0.098677 0.247385 0.000010 0.440952 0.000010 0.206308
0.000010 0.695570 0.277038 0.000010 0.000010 0.000010 0.000010 0.000010 0.000010 0.027323
0.000010 0.408696 0.000010 0.441261 0.000010 0.106115 0.043868 0.000010 0.000010 0.000010
0.000010 0.000010 0.000010 0.000010 0.000010 0.000010 0.000010 0.000010 0.999910 0.000010
0.000010 0.999910 0.000010 0.000010 0.000010 0.000010 0.000010 0.000010 0.000010 0.000010
0.000010 0.702254 0.206332 0.000010 0.000010 0.091344 0.000010 0.000010 0.000010 0.000010
0.000010 0.000010 0.000010 0.000010 0.000010 0.000010 0.000010 0.000010 0.999910 0.000010
0.000010 0.000010 0.000010 0.000010 0.000010 0.000010 0.000010 0.000010 0.999910 0.000010
0.000010 0.000010 0.000010 0.000010 0.000010 0.000010 0.000010 0.000010 0.999910 0.000010
0.000010 0.639961 0.359959 0.000010 0.000010 0.000010 0.000010 0.000010 0.000010 0.000010
0.000010 0.000010 0.000010 0.000010 0.000010 0.000010 0.000010 0.000010 0.999910 0.000010
0.000010 0.380636 0.139896 0.346880 0.000010 0.000010 0.000010 0.000010 0.023560 0.108978
0.000010 0.619765 0.000010 0.099096 0.000010 0.000010 0.000010 0.000010 0.000010 0.281069
0.000010 0.787294 0.212626 0.000010 0.000010 0.000010 0.000010 0.000010 0.000010 0.000010
0.000010 0.656954 0.020792 0.257469 0.000010 0.064725 0.000010 0.000010 0.000010 0.000010
0.000010 0.853470 0.000010 0.000010 0.000010 0.000010 0.000010 0.146450 0.000010 0.000010
0.038660 0.849734 0.000010 0.000010 0.111536 0.000010 0.000010 0.000010 0.000010 0.000010
0.999910 0.000010 0.000010 0.000010 0.000010 0.000010 0.000010 0.000010 0.000010 0.000010
0.012902 0.525305 0.226504 0.000010 0.000010 0.000010 0.000010 0.064763 0.000010 0.170476
0.000010 0.252550 0.072013 0.238576 0.115739 0.000010 0.000010 0.321072 0.000010 0.000010
0.000010 0.535704 0.171297 0.000010 0.160670 0.132269 0.000010 0.000010 0.000010 0.000010
0.000010 0.459267 0.000010 0.000010 0.245602 0.000010 0.000010 0.047487 0.247584 0.000010
0.999910 0.000010 0.000010 0.000010 0.000010 0.000010 0.000010 0.000010 0.000010 0.000010
0.000010 0.764954 0.042469 0.000010 0.000010 0.192507 0.000010 0.000010 0.000010 0.000010
0.000010 0.450877 0.120234 0.000010 0.186513 0.000010 0.000010 0.033413 0.000010 0.208913
0.999910 0.000010 0.000010 0.000010 0.000010 0.000010 0.000010 0.000010 0.000010 0.000010
0.000010 0.736288 0.000010 0.000010 0.000010 0.000010 0.000010 0.000010 0.000010 0.263632
0.999910 0.000010 0.000010 0.000010 0.000010 0.000010 0.000010 0.000010 0.000010 0.000010
0.999910 0.000010 0.000010 0.000010 0.000010 0.000010 0.000010 0.000010 0.000010 0.000010
0.000010 0.379055 0.031042 0.305367 0.000010 0.000010 0.000010 0.284476 0.000010 0.000010
0.999910 0.000010 0.000010 0.000010 0.000010 0.000010 0.000010 0.000010 0.000010 0.000010
0.000010 0.999910 0.000010 0.000010 0.000010 0.000010 0.000010 0.000010 0.000010 0.000010
0.999910 0.000010 0.000010 0.000010 0.000010 0.000010 0.000010 0.000010 0.000010 0.000010
0.000010 0.999910 0.000010 0.000010 0.000010 0.000010 0.000010 0.000010 0.000010 0.000010
0.000010 0.656345 0.000010 0.263249 0.024201 0.000010 0.000010 0.000010 0.000010 0.056145
0.000010 0.674538 0.000010 0.144538 0.180854 0.000010 0.000010 0.000010 0.000010 0.000010
0.000010 0.421355 0.000010 0.459503 0.000010 0.000010 0.000010 0.119072 0.000010 0.000010
0.000010 0.536827 0.000010 0.274845 0.188258 0.000010 0.000010 0.000010 0.000010 0.000010
0.000010 0.000010 0.000010 0.000010 0.000010 0.599632 0.000010 0.000010 0.000010 0.400288
0.000010 0.000010 0.000010 0.000010 0.000010 0.284053 0.034468 0.681410 0.000010 0.000010
0.000010 0.000010 0.000010 0.000010 0.027750 0.200995 0.000010 0.584035 0.000010 0.187160
0.000010 0.000010 0.000010 0.000010 0.125339 0.548274 0.000010 0.000010 0.000010 0.326317
0.009682 0.000010 0.000010 0.000010 0.000010 0.354538 0.000010 0.016730 0.000010 0.618990
0.000010 0.000010 0.000010 0.000010 0.000010 0.000010 0.000010 0.000010 0.000010 0.999910
0.000010 0.000010 0.000010 0.000010 0.000010 0.999910 0.000010 0.000010 0.000010 0.000010
0.000010 0.000010 0.000010 0.000010 0.000010 0.196356 0.000010 0.000010 0.112004 0.691570
0.180796 0.000010 0.000010 0.000010 0.000010 0.000010 0.819124 0.000010 0.000010 0.000010
0.000010 0.000010 0.000010 0.000010 0.033622 0.290747 0.000010 0.208560 0.000010 0.467011
0.000010 0.000010 0.000010 0.000010 0.088463 0.256957 0.000010 0.000010 0.000010 0.654510
0.000010 0.000010 0.000010 0.000010 0.000010 0.594022 0.000010 0.405898 0.000010 0.000010
0.000010 0.000010 0.000010 0.073889 0.000010 0.427537 0.000010 0.498504 0.000010 0.000010
0.000010 0.000010 0.000010 0.000010 0.003125 0.475141 0.000010 0.000010 0.000010 0.521664
0.000010 0.000010 0.000010 0.000010 0.000010 0.288476 0.000010 0.342815 0.000010 0.368639
0.000010 0.000010 0.000010 0.052307 0.000010 0.000010 0.000010 0.000010 0.000010 0.947613
0.000010 0.000010 0.297576 0.518507 0.000010 0.000010 0.000010 0.011960 0.000010 0.171896
0.000010 0.000010 0.267392 0.000010 0.000010 0.157197 0.000010 0.217676 0.000010 0.357676
0.000010 0.000010 0.000010 0.000010 0.000010 0.000010 0.999910 0.000010 0.000010 0.000010
0.000010 0.000010 0.000010 0.000010 0.000010 0.210986 0.000010 0.000010 0.000010 0.788934
0.000010 0.067020 0.000010 0.010874 0.000010 0.219289 0.000010 0.073523 0.000010 0.629244
0.000010 0.000010 0.000010 0.111730 0.000010 0.427739 0.000010 0.000010 0.000010 0.460461
0.000010 0.000010 0.000010 0.000010 0.000010 0.385691 0.000010 0.614229 0.000010 0.000010
0.000010 0.000010 0.000010 0.000010 0.000010 0.000010 0.004086 0.661251 0.000010 0.334593
0.064076 0.000010 0.000010 0.000010 0.000010 0.000010 0.935844 0.000010 0.000010 0.000010
0.000010 0.000010 0.000010 0.000010 0.000010 0.265669 0.000010 0.000010 0.000010 0.734251
0.011799 0.000010 0.000010 0.000010 0.000010 0.988121 0.000010 0.000010 0.000010 0.000010
0.000010 0.000010 0.000010 0.000010 0.000010 0.000010 0.999909 0.000011 0.000010 0.000010
0.000010 0.000010 0.000010 0.000010 0.000010 0.795016 0.000010 0.000010 0.000010 0.204904
0.000010 0.000010 0.000010 0.000010 0.000010 0.000010 0.999910 0.000010 0.000010 0.000010
0.000010 0.000010 0.000010 0.000010 0.000010 0.000010 0.999910 0.000010 0.000010 0.000010
0.195918 0.000010 0.000010 0.000010 0.000010 0.000010 0.804002 0.000010 0.000010 0.000010
0.000010 0.000010 0.000010 0.000010 0.000011 0.155681 0.000010 0.844239 0.000010 0.000010
0.000010 0.000010 0.000010 0.159654 0.000010 0.452447 0.000010 0.387829 0.000010 0.000010
0.000010 0.000010 0.094567 0.000010 0.702768 0.202596 0.000010 0.000010 0.000010 0.000010
0.000010 0.138206 0.000010 0.010821 0.715777 0.000010 0.000010 0.135135 0.000010 0.000010
0.000010 0.076452 0.031804 0.294831 0.581226 0.015637 0.000010 0.000010 0.000010 0.000010
0.000010 0.056317 0.000010 0.217119 0.726494 0.000010 0.000010 0.000010 0.000010 0.000010
0.026847 0.000010 0.090576 0.000010 0.771814 0.110703 0.000010 0.000010 0.000010 0.000010
0.000010 0.000010 0.000010 0.241445 0.755622 0.000010 0.000010 0.002863 0.000010 0.000010
0.000010 0.000010 0.000010 0.000010 0.000010 0.542313 0.000010 0.457607 0.000010 0.000010
0.000010 0.000010 0.000010 0.000010 0.000010 0.000010 0.999910 0.000010 0.000010 0.000010
0.000010 0.000010 0.000010 0.000010 0.070658 0.543554 0.000010 0.385718 0.000010 0.000010
0.000010 0.000010 0.000010 0.000010 0.000010 0.545246 0.000012 0.454672 0.000010 0.000010
0.000010 0.000010 0.000010 0.000010 0.000010 0.000010 0.000010 0.645736 0.000010 0.354184
0.000010 0.000010 0.000010 0.000010 0.000010 0.000010 0.999910 0.000010 0.000010 0.000010
0.000441 0.000010 0.000010 0.000010 0.000010 0.423780 0.000010 0.190771 0.000010 0.384948
0.000010 0.000010 0.000010 0.000010 0.000010 0.999910 0.000010 0.000010 0.000010 0.000010
0.037998 0.000010 0.086174 0.000010 0.000010 0.266969 0.000010 0.000010 0.000010 0.608799
0.000010 0.000010 0.000010 0.000010 0.000010 0.999910 0.000010 0.000010 0.000010 0.000010
0.000010 0.000010 0.000010 0.000010 0.000010 0.000010 0.000010 0.000010 0.000010 0.999910
0.000010 0.000010 0.000010 0.000010 0.000010 0.385480 0.000010 0.205259 0.000010 0.409191
0.000010 0.000010 0.000010 0.076706 0.000010 0.595248 0.000010 0.327976 0.000010 0.000010
0.000010 0.020616 0.000010 0.000010 0.000010 0.283653 0.013297 0.419683 0.000010 0.262700
0.000010 0.000010 0.000010 0.000010 0.000010 0.547801 0.000010 0.000010 0.000010 0.452119
0.000010 0.000010 0.000010 0.000010 0.000010 0.000010 0.999910 0.000010 0.000010 0.000010
0.000010 0.000010 0.000010 0.000010 0.000010 0.999910 0.000010 0.000010 0.000010 0.000010
0.000010 0.106539 0.000010 0.000010 0.000010 0.195943 0.000010 0.089915 0.000010 0.607543
0.000010 0.000010 0.000010 0.000010 0.000010 0.000010 0.000010 0.000010 0.000010 0.999910
0.000010 0.000010 0.000010 0.000010 0.000010 0.999910 0.000010 0.000010 0.000010 0.000010
0.000010 0.000010 0.000010 0.000010 0.000010 0.000010 0.000010 0.095937 0.000010 0.903983
0.000010 0.113384 0.000010 0.000010 0.000010 0.490072 0.000010 0.396475 0.000010 0.000010
0.000010 0.000010 0.000010 0.000010 0.000010 0.000010 0.000010 0.000010 0.000010 0.999910
0.000010 0.000010 0.000010 0.057443 0.000010 0.435764 0.000010 0.000010 0.000010 0.506723
0.000010 0.000010 0.004606 0.000010 0.000010 0.355988 0.000010 0.397371 0.000010 0.241976
0.000010 0.000010 0.000010 0.000010 0.000010 0.228882 0.000010 0.111909 0.000010 0.659139
0.000010 0.071528 0.000010 0.000010 0.186687 0.369868 0.000010 0.063849 0.000010 0.308018
0.000010 0.000010 0.000010 0.000010 0.000010 0.999910 0.000010 0.000010 0.000010 0.000010
0.000010 0.000010 0.000010 0.062073 0.000010 0.937847 0.000010 0.000010 0.000010 0.000010
0.000010 0.000010 0.000010 0.000010 0.000010 0.167257 0.000010 0.000010 0.000010 0.832663
0.000010 0.162822 0.000010 0.000010 0.000010 0.507493 0.000010 0.000010 0.000010 0.329615
0.010793 0.000010 0.000010 0.000013 0.000010 0.239985 0.000010 0.749148 0.000010 0.000010
0.000010 0.000010 0.000010 0.000010 0.000010 0.925878 0.000010 0.074042 0.000010 0.000010
0.000010 0.000010 0.000010 0.000010 0.000010 0.367028 0.001188 0.000010 0.000010 0.631714
0.000010 0.000010 0.000010 0.000010 0.000010 0.999910 0.000010 0.000010 0.000010 0.000010
0.000010 0.000010 0.000010 0.000010 0.027890 0.409637 0.000010 0.189799 0.000010 0.372614
0.000010 0.000010 0.000010 0.000010 0.000010 0.000010 0.999910 0.000010 0.000010 0.000010
0.000010 0.000010 0.000010 0.000010 0.000010 0.000010 0.999910 0.000010 0.000010 0.000010
0.000010 0.023436 0.076413 0.000010 0.000010 0.274657 0.000010 0.000010 0.000010 0.625434
0.000010 0.000010 0.000010 0.000010 0.000010 0.000010 0.999910 0.000010 0.000010 0.000010
0.000010 0.000010 0.000010 0.000010 0.000010 0.000010 0.000010 0.543237 0.000010 0.456683
0.000010 0.000010 0.000010 0.000010 0.000010 0.000010 0.000010 0.754034 0.000010 0.245886
0.000010 0.000010 0.000010 0.000010 0.000010 0.000011 0.999909 0.000010 0.000010 0.000010
0.000010 0.000010 0.000010 0.000010 0.000010 0.000010 0.999910 0.000010 0.000010 0.000010
0.000010 0.000010 0.000010 0.000010 0.000010 0.274497 0.000010 0.725423 0.000010 0.000010
0.000010 0.000010 0.000010 0.000010 0.000010 0.000010 0.999910 0.000010 0.000010 0.000010
0.000010 0.000010 0.000010 0.000010 0.000010 0.000010 0.999910 0.000010 0.000010 0.000010
0.236927 0.000010 0.000010 0.000010 0.000010 0.000010 0.762993 0.000010 0.000010 0.000010
0.000010 0.000010 0.571458 0.197045 0.143042 0.088395 0.000010 0.000010 0.000010 0.000010
0.000010 0.000010 0.247861 0.425939 0.171619 0.154522 0.000010 0.000010 0.000010 0.000010
0.000010 0.000010 0.000010 0.944758 0.055162 0.000010 0.000010 0.000010 0.000010 0.000010
0.000010 0.000010 0.106582 0.752179 0.000010 0.119681 0.000010 0.021498 0.000010 0.000010
0.989312 0.000010 0.000010 0.000010 0.000010 0.000010 0.010608 0.000010 0.000010 0.000010
0.000010 0.000010 0.000010 0.051032 0.000010 0.233259 0.000010 0.265095 0.000010 0.450554
0.013950 0.000010 0.594153 0.304643 0.000010 0.000010 0.000010 0.000010 0.000010 0.087194
0.000010 0.000010 0.466324 0.405392 0.123382 0.000010 0.000010 0.004842 0.000010 0.000010
0.000010 0.000010 0.376602 0.416356 0.044064 0.162918 0.000010 0.000010 0.000010 0.000010
0.000010 0.026041 0.135978 0.760593 0.000010 0.000010 0.000010 0.077328 0.000010 0.000010
0.021282 0.000010 0.817664 0.000010 0.000010 0.000010 0.000010 0.000010 0.000010 0.160984
0.000010 0.000010 0.000010 0.999910 0.000010 0.000010 0.000010 0.000010 0.000010 0.000010
0.000010 0.000010 0.271709 0.524866 0.000010 0.104320 0.019972 0.000010 0.000010 0.079083
0.000010 0.090332 0.088390 0.640294 0.000010 0.000010 0.000010 0.180924 0.000010 0.000010
0.000010 0.000010 0.516627 0.480655 0.000010 0.000010 0.000010 0.000010 0.000010 0.002649
0.000010 0.000010 0.000010 0.999910 0.000010 0.000010 0.000010 0.000010 0.000010 0.000010
0.000010 0.000010 0.292778 0.649308 0.000010 0.000010 0.015717 0.042137 0.000010 0.000010
0.000010 0.137993 0.229694 0.418088 0.122631 0.091544 0.000010 0.000010 0.000010 0.000010
0.000010 0.023820 0.890344 0.000010 0.000010 0.000010 0.000010 0.085765 0.000010 0.000010
0.000010 0.000010 0.999910 0.000010 0.000010 0.000010 0.000010 0.000010 0.000010 0.000010
0.000010 0.000010 0.000010 0.999910 0.000010 0.000010 0.000010 0.000010 0.000010 0.000010
0.000010 0.000010 0.999910 0.000010 0.000010 0.000010 0.000010 0.000010 0.000010 0.000010
0.000010 0.000010 0.386252 0.580153 0.000010 0.033525 0.000010 0.000010 0.000010 0.000010
0.000010 0.098092 0.499231 0.304189 0.049017 0.000010 0.000010 0.049421 0.000010 0.000010
0.000010 0.000010 0.549584 0.409443 0.002541 0.000010 0.000010 0.000010 0.000010 0.038371
0.000010 0.000010 0.000010 0.999910 0.000010 0.000010 0.000010 0.000010 0.000010 0.000010
0.043738 0.059985 0.408110 0.405547 0.000010 0.082569 0.000010 0.000010 0.000010 0.000010
0.862619 0.000010 0.000010 0.000010 0.000010 0.000010 0.137301 0.000010 0.000010 0.000010
0.024055 0.000010 0.392573 0.305148 0.145157 0.133016 0.000010 0.000010 0.000010 0.000010
0.000010 0.025298 0.260751 0.609417 0.073988 0.000010 0.000010 0.030496 0.000010 0.000010
0.000010 0.000010 0.000010 0.999910 0.000010 0.000010 0.000010 0.000010 0.000010 0.000010
0.999910 0.000010 0.000010 0.000010 0.000010 0.000010 0.000010 0.000010 0.000010 0.000010
0.000010 0.000010 0.000010 0.999910 0.000010 0.000010 0.000010 0.000010 0.000010 0.000010
0.999910 0.000010 0.000010 0.000010 0.000010 0.000010 0.000010 0.000010 0.000010 0.000010
0.000010 0.000010 0.000010 0.999910 0.000010 0.000010 0.000010 0.000010 0.000010 0.000010
0.020907 0.000010 0.639881 0.339142 0.000010 0.000010 0.000010 0.000010 0.000010 0.000010
0.025814 0.192477 0.145358 0.636291 0.000010 0.000010 0.000010 0.000010 0.000010 0.000010
0.000010 0.186744 0.353216 0.400205 0.000010 0.000010 0.000010 0.059774 0.000010 0.000010
0.000010 0.122704 0.000010 0.709231 0.167995 0.000010 0.000010 0.000010 0.000010 0.000010
0.000010 0.000010 0.542383 0.319706 0.137842 0.000010 0.000010 0.000010 0.000010 0.000010
0.000010 0.000010 0.345186 0.654734 0.000010 0.000010 0.000010 0.000010 0.000010 0.000010
0.000010 0.000016 0.614091 0.233368 0.000010 0.000010 0.000010 0.152465 0.000010 0.000010
0.000010 0.000010 0.146761 0.853159 0.000010 0.000010 0.000010 0.000010 0.000010 0.000010
0.000010 0.215504 0.499070 0.113276 0.131555 0.000010 0.000010 0.040546 0.000010 0.000010
0.000010 0.053389 0.696201 0.077007 0.093228 0.080124 0.000010 0.000010 0.000010 0.000010
0.000010 0.000010 0.155179 0.534960 0.232817 0.076984 0.000010 0.000010 0.000010 0.000010
0.000010 0.298601 0.211330 0.247818 0.066532 0.000010 0.000010 0.175668 0.000010 0.000010
0.000010 0.000010 0.000010 0.000010 0.000012 0.629290 0.000010 0.000010 0.000010 0.370628
0.000010 0.000010 0.000010 0.078299 0.000010 0.176832 0.000010 0.043477 0.000010 0.701332
0.000010 0.000010 0.000010 0.000010 0.000010 0.606515 0.000010 0.000010 0.000010 0.393405
0.000010 0.000010 0.000010 0.000010 0.000010 0.000010 0.000010 0.388996 0.000010 0.610924
0.010594 0.000010 0.000010 0.000010 0.000010 0.221650 0.000010 0.008951 0.031231 0.727525
0.000010 0.066507 0.000010 0.000010 0.000010 0.000010 0.000010 0.540531 0.000010 0.392893
0.000010 0.000010 0.000010 0.014247 0.071980 0.402477 0.000010 0.316214 0.000010 0.195032
0.000010 0.067887 0.000010 0.000010 0.000010 0.486958 0.000010 0.147305 0.000010 0.297791
0.000010 0.000010 0.000010 0.000010 0.000010 0.000010 0.000010 0.999910 0.000010 0.000010
0.000010 0.017953 0.074510 0.000010 0.000010 0.352209 0.000010 0.417496 0.000010 0.137782
0.000010 0.000010 0.000010 0.000010 0.000010 0.000010 0.000010 0.999910 0.000010 0.000010
0.000010 0.000010 0.000010 0.000010 0.000010 0.129189 0.000010 0.491525 0.000010 0.379217
0.999910 0.000010 0.000010 0.000010 0.000010 0.000010 0.000010 0.000010 0.000010 0.000010
0.000010 0.073030 0.000010 0.000010 0.000010 0.132519 0.000010 0.229040 0.000010 0.565351
0.000010 0.000010 0.084104 0.000010 0.000010 0.000010 0.000010 0.188099 0.000010 0.727727
0.000010 0.000010 0.000010 0.000010 0.000010 0.009225 0.049381 0.364646 0.000010 0.576688
0.000010 0.000010 0.000010 0.110061 0.000010 0.301832 0.000010 0.349946 0.000010 0.238101
0.000010 0.000010 0.000010 0.000010 0.000010 0.280292 0.000012 0.312694 0.000010 0.406943
0.000010 0.000010 0.000010 0.000010 0.000010 0.000010 0.000010 0.312440 0.000010 0.687480
0.000010 0.000010 0.000010 0.081519 0.000010 0.030379 0.000010 0.224959 0.000010 0.663083
0.000010 0.000010 0.000010 0.000010 0.000010 0.000010 0.000010 0.999910 0.000010 0.000010
0.000010 0.000010 0.000010 0.000010 0.000010 0.000010 0.000010 0.719028 0.000010 0.280892
0.000010 0.000010 0.000010 0.000010 0.000010 0.000010 0.000010 0.999910 0.000010 0.000010
0.000010 0.000010 0.000010 0.000010 0.000010 0.000010 0.000010 0.999910 0.000010 0.000010
0.000010 0.000010 0.000010 0.000010 0.000010 0.161419 0.000010 0.309004 0.000010 0.529506
0.000010 0.000010 0.000010 0.000010 0.000010 0.341594 0.000010 0.350796 0.000010 0.307541
0.000010 0.000010 0.000010 0.000010 0.000010 0.000010 0.000010 0.999910 0.000010 0.000010
0.000010 0.000010 0.000010 0.000010 0.000010 0.000010 0.000010 0.999910 0.000010 0.000010
0.000010 0.000010 0.078625 0.000010 0.000010 0.279083 0.000010 0.365903 0.000010 0.276329
0.000010 0.000010 0.000010 0.149553 0.075392 0.316592 0.000010 0.076147 0.000010 0.382267
0.000010 0.000010 0.000010 0.283657 0.000010 0.152520 0.000010 0.354050 0.000010 0.209714
0.000010 0.000010 0.000010 0.192785 0.028655 0.201216 0.000010 0.498710 0.000010 0.078583
0.000010 0.000010 0.000010 0.000010 0.000010 0.588133 0.000010 0.000010 0.000010 0.411787
0.000010 0.000012 0.402802 0.538408 0.035798 0.000010 0.022930 0.000010 0.000010 0.000010
0.000010 0.000010 0.000010 0.000010 0.154554 0.236861 0.000010 0.152487 0.000010 0.456037
0.000010 0.000010 0.077789 0.000010 0.000010 0.655524 0.000010 0.266618 0.000010 0.000010
0.000010 0.000010 0.000010 0.238088 0.000010 0.000010 0.000010 0.190597 0.000010 0.571245
0.000010 0.000010 0.000010 0.000010 0.000010 0.612830 0.000010 0.230153 0.000010 0.156947
0.000010 0.000010 0.000010 0.000010 0.000010 0.155703 0.000010 0.130026 0.000010 0.714201
0.000010 0.000010 0.000010 0.000010 0.000010 0.333906 0.000010 0.666014 0.000010 0.000010
0.000010 0.000010 0.000010 0.005489 0.000010 0.000010 0.000010 0.994431 0.000010 0.000010
0.026449 0.000010 0.038479 0.093571 0.007269 0.268198 0.000010 0.000010 0.000010 0.565995
0.000010 0.000010 0.000010 0.000010 0.000010 0.000010 0.000010 0.688394 0.000010 0.311526
0.000010 0.000010 0.000010 0.000010 0.000010 0.162892 0.000010 0.471202 0.000010 0.365836
0.000010 0.000010 0.000010 0.019165 0.000010 0.000010 0.000010 0.980755 0.000010 0.000010
0.000010 0.000010 0.000010 0.051751 0.101661 0.079129 0.000010 0.216795 0.000010 0.550613
0.000010 0.000010 0.000010 0.000010 0.000010 0.233321 0.000010 0.000010 0.000010 0.766599
0.000010 0.000010 0.063089 0.000010 0.000010 0.128342 0.000010 0.188691 0.000010 0.619818
0.000010 0.000010 0.085672 0.078246 0.000010 0.025894 0.000010 0.000010 0.000010 0.810128
0.000010 0.000010 0.000010 0.000010 0.000010 0.337314 0.000010 0.662606 0.000010 0.000010
0.000010 0.000010 0.000010 0.039721 0.000010 0.203707 0.000010 0.026699 0.000010 0.729812
0.000010 0.000010 0.000010 0.000010 0.000010 0.439271 0.000010 0.560649 0.000010 0.000010
0.000010 0.000010 0.000010 0.000010 0.000010 0.000010 0.000010 0.514990 0.000010 0.484930
0.006514 0.000010 0.000010 0.106259 0.000010 0.231896 0.000010 0.169494 0.000010 0.485788
0.000010 0.000010 0.000010 0.000010 0.000010 0.000010 0.000010 0.408457 0.000010 0.591463
0.000010 0.000010 0.000010 0.090831 0.049224 0.154868 0.000010 0.000010 0.000010 0.705018
0.000010 0.000010 0.000010 0.127249 0.000010 0.285858 0.000010 0.000010 0.000010 0.586823
0.000010 0.000010 0.000010 0.000010 0.000010 0.000010 0.000010 0.000010 0.000010 0.999910
0.000010 0.000010 0.088598 0.000010 0.000010 0.000010 0.000010 0.407823 0.000010 0.503509
0.000010 0.000010 0.000010 0.000010 0.000010 0.000010 0.000010 0.000010 0.000010 0.999910
0.000010 0.000010 0.000010 0.000010 0.000010 0.000010 0.000010 0.999910 0.000010 0.000010
0.000010 0.000010 0.000010 0.000010 0.000010 0.000010 0.000010 0.000010 0.000010 0.999910
0.000010 0.000010 0.000010 0.008507 0.101133 0.000010 0.000010 0.520405 0.000010 0.369895
0.000010 0.000010 0.000010 0.000010 0.000010 0.222482 0.000010 0.240833 0.000010 0.536615
0.000010 0.123960 0.000010 0.000010 0.000010 0.380245 0.000010 0.495725 0.000010 0.000010
0.000010 0.000010 0.000010 0.000010 0.000010 0.071024 0.000010 0.293621 0.000010 0.635286
0.000010 0.000010 0.000010 0.000010 0.000010 0.000010 0.999910 0.000010 0.000010 0.000010
0.000010 0.000010 0.000010 0.000010 0.000010 0.103845 0.000010 0.297093 0.000010 0.598991
0.000010 0.000010 0.000010 0.000010 0.000010 0.185032 0.000010 0.814888 0.000010 0.000010
0.000010 0.000010 0.010135 0.000010 0.000010 0.427589 0.000010 0.102213 0.000010 0.460002
0.000010 0.000010 0.000010 0.000010 0.000010 0.000010 0.000010 0.000010 0.000010 0.999910
0.000010 0.000010 0.014905 0.206368 0.000010 0.254632 0.000010 0.194200 0.000010 0.329845
0.000010 0.000010 0.000010 0.000010 0.000010 0.377461 0.000010 0.622459 0.000010 0.000010
0.000010 0.081564 0.000010 0.000010 0.000010 0.243283 0.000010 0.239367 0.000010 0.435726
0.000010 0.000010 0.000010 0.000010 0.000010 0.000010 0.000010 0.000010 0.000010 0.999910
0.000010 0.000010 0.000010 0.000010 0.000010 0.000010 0.000010 0.000010 0.000010 0.999910
0.000010 0.000010 0.000010 0.091724 0.000010 0.338729 0.000739 0.354071 0.000010 0.214687
0.000010 0.162376 0.000010 0.000010 0.000010 0.125519 0.000010 0.312525 0.000010 0.399520
0.000010 0.105577 0.000010 0.000010 0.000010 0.000010 0.000010 0.325498 0.000010 0.568856
0.000010 0.000010 0.000010 0.000010 0.079405 0.401453 0.000010 0.238537 0.000010 0.280545
0.000010 0.000010 0.000010 0.046425 0.057675 0.263635 0.000010 0.236742 0.000010 0.395473
0.000010 0.000010 0.000010 0.000010 0.000010 0.332458 0.000010 0.000010 0.000010 0.667462
0.000010 0.024932 0.323615 0.000010 0.651383 0.000010 0.000010 0.000010 0.000010 0.000010
0.042377 0.000010 0.000010 0.000010 0.957543 0.000010 0.000010 0.000010 0.000010 0.000010
0.004868 0.029947 0.078367 0.000010 0.650928 0.000010 0.031040 0.077779 0.000010 0.127041
0.000010 0.000010 0.358715 0.000010 0.641205 0.000010 0.000010 0.000010 0.000010 0.000010
0.000010 0.000010 0.000010 0.031588 0.812082 0.156260 0.000010 0.000010 0.000010 0.000010
0.000010 0.000010 0.100464 0.000010 0.899456 0.000010 0.000010 0.000010 0.000010 0.000010
0.021398 0.000010 0.000010 0.000010 0.963916 0.000010 0.014617 0.000010 0.000010 0.000010
0.000010 0.000010 0.000010 0.000010 0.872160 0.127760 0.000010 0.000010 0.000010 0.000010
0.000010 0.000010 0.000010 0.396168 0.554476 0.000010 0.018314 0.000010 0.000010 0.030982
0.000010 0.000010 0.000010 0.151542 0.705416 0.000010 0.000010 0.142972 0.000010 0.000010
0.000010 0.000010 0.000010 0.075419 0.924501 0.000010 0.000010 0.000010 0.000010 0.000010
0.000010 0.000010 0.000010 0.166252 0.833668 0.000010 0.000010 0.000010 0.000010 0.000010
0.000010 0.000010 0.149468 0.000010 0.749311 0.000010 0.000010 0.101150 0.000010 0.000010
0.000010 0.000010 0.030858 0.000010 0.895785 0.073286 0.000010 0.000010 0.000010 0.000010
0.000010 0.000010 0.000010 0.120156 0.879764 0.000010 0.000010 0.000010 0.000010 0.000010
0.999910 0.000010 0.000010 0.000010 0.000010 0.000010 0.000010 0.000010 0.000010 0.000010
0.000010 0.000010 0.086665 0.000010 0.759458 0.000010 0.000010 0.000010 0.000010 0.153807
0.000010 0.000010 0.000010 0.000010 0.924754 0.000010 0.000010 0.000010 0.000010 0.075166
0.000010 0.000010 0.000010 0.000010 0.684864 0.000010 0.000010 0.000010 0.000010 0.315056
0.000010 0.000010 0.167136 0.000010 0.750711 0.000010 0.000010 0.000010 0.000010 0.082083
0.000010 0.000010 0.000010 0.451153 0.441536 0.000010 0.000010 0.107241 0.000010 0.000010
0.000010 0.000010 0.000010 0.053448 0.765522 0.180961 0.000010 0.000010 0.000010 0.000010
0.000010 0.000010 0.073415 0.000010 0.757835 0.125031 0.000010 0.000010 0.043659 0.000010
0.000010 0.000010 0.000010 0.000010 0.938894 0.061026 0.000010 0.000010 0.000010 0.000010
0.000010 0.194147 0.010064 0.000010 0.777608 0.000010 0.000010 0.000010 0.000010 0.018121
0.000010 0.000010 0.000010 0.000010 0.887313 0.000010 0.000010 0.000010 0.112607 0.000010
0.021581 0.042952 0.000010 0.101767 0.808271 0.000010 0.000010 0.000010 0.000010 0.025379
0.000010 0.000010 0.000010 0.000010 0.999910 0.000010 0.000010 0.000010 0.000010 0.000010
0.000010 0.000010 0.000010 0.164882 0.775104 0.000010 0.000010 0.000010 0.000010 0.059944
0.000010 0.000010 0.134945 0.109303 0.755682 0.000010 0.000010 0.000010 0.000010 0.000010
0.000010 0.000010 0.000010 0.000010 0.999910 0.000010 0.000010 0.000010 0.000010 0.000010
0.016093 0.000010 0.000010 0.000010 0.860473 0.000010 0.000010 0.123364 0.000010 0.000010
0.000010 0.000010 0.000830 0.000010 0.999090 0.000010 0.000010 0.000010 0.000010 0.000010
0.000010 0.000010 0.000010 0.177247 0.768191 0.001342 0.000010 0.000010 0.000010 0.053161
0.000010 0.000010 0.091490 0.000010 0.885544 0.022896 0.000010 0.000010 0.000010 0.000010
0.999910 0.000010 0.000010 0.000010 0.000010 0.000010 0.000010 0.000010 0.000010 0.000010
0.000010 0.000010 0.000010 0.000010 0.836209 0.163711 0.000010 0.000010 0.000010 0.000010
0.000010 0.000010 0.000010 0.000010 0.963894 0.036026 0.000010 0.000010 0.000010 0.000010
0.999910 0.000010 0.000010 0.000010 0.000010 0.000010 0.000010 0.000010 0.000010 0.000010
0.000010 0.000010 0.147362 0.000010 0.852558 0.000010 0.000010 0.000010 0.000010 0.000010
0.000010 0.096280 0.000010 0.000010 0.764743 0.000010 0.000010 0.000010 0.000010 0.138907
0.000010 0.000010 0.000010 0.000010 0.885054 0.000010 0.000010 0.114866 0.000010 0.000010
0.000010 0.000010 0.128837 0.000010 0.871083 0.000010 0.000010 0.000010 0.000010 0.000010
0.000010 0.000010 0.000010 0.000010 0.999910 0.000010 0.000010 0.000010 0.000010 0.000010
0.000010 0.000010 0.000010 0.078813 0.871741 0.000010 0.000010 0.049376 0.000010 0.000010
0.000010 0.150407 0.000010 0.000010 0.728346 0.000010 0.013147 0.000010 0.000010 0.108040
0.753153 0.000010 0.000010 0.000010 0.000010 0.000010 0.246767 0.000010 0.000010 0.000010
0.000010 0.059345 0.000010 0.000010 0.940575 0.000010 0.000010 0.000010 0.000010 0.000010
0.000010 0.000010 0.049986 0.000010 0.846699 0.000010 0.000010 0.103245 0.000010 0.000010
0.000010 0.000010 0.000010 0.000010 0.999910 0.000010 0.000010 0.000010 0.000010 0.000010
0.005164 0.055735 0.000010 0.000010 0.939031 0.000010 0.000010 0.000010 0.000010 0.000010
0.000010 0.000010 0.000010 0.000010 0.999910 0.000010 0.000010 0.000010 0.000010 0.000010
0.000010 0.000010 0.000010 0.000010 0.000010 0.000010 0.000010 0.999910 0.000010 0.000010
