0.000010 0.083106 0.465698 0.098526 0.134320 0.000010 0.000010 0.218301 0.000010 0.000010
0.000010 0.000010 0.000010 0.945008 0.000010 0.043089 0.011834 0.000010 0.000010 0.000010
0.000010 0.000010 0.518638 0.254987 0.000010 0.000010 0.000010 0.226305 0.000010 0.000010
0.000010 0.000010 0.000010 0.758908 0.241012 0.000010 0.000010 0.000010 0.000010 0.000010
0.010065 0.175620 0.364496 0.282765 0.010470 0.130934 0.000010 0.000010 0.000010 0.025621
0.000010 0.000010 0.999910 0.000010 0.000010 0.000010 0.000010 0.000010 0.000010 0.000010
0.000010 0.039898 0.217404 0.742628 0.000010 0.000010 0.000010 0.000010 0.000010 0.000010
0.000010 0.000010 0.169305 0.759052 0.000010 0.000010 0.019415 0.000010 0.000010 0.052167
0.000010 0.000010 0.000010 0.901988 0.000010 0.000010 0.000010 0.097932 0.000010 0.000010
0.000010 0.000010 0.000010 0.000010 0.000010 0.000010 0.000010 0.000010 0.999910 0.000010
0.000010 0.000010 0.000010 0.000010 0.000010 0.000010 0.000010 0.000010 0.999910 0.000010
0.000010 0.000010 0.509070 0.378706 0.112153 0.000010 0.000010 0.000010 0.000010 0.000010
0.000010 0.000010 0.467829 0.424018 0.000010 0.000010 0.000010 0.108083 0.000010 0.000010
0.000010 0.011140 0.525363 0.374260 0.000010 0.000010 0.000010 0.089177 0.000010 0.000010
0.000010 0.000010 0.119380 0.859379 0.000010 0.000010 0.000010 0.021171 0.000010 0.000010
0.000010 0.000010 0.257993 0.656480 0.000010 0.000010 0.004896 0.000010 0.000010 0.080571
0.000010 0.000010 0.000010 0.999910 0.000010 0.000010 0.000010 0.000010 0.000010 0.000010
0.000010 0.069052 0.392453 0.331684 0.064590 0.000010 0.000010 0.000010 0.000010 0.142171
0.000010 0.000010 0.097390 0.828339 0.000010 0.026884 0.000010 0.047326 0.000010 0.000010
0.030793 0.000010 0.201896 0.675069 0.000010 0.000010 0.000046 0.092147 0.000010 0.000010
0.000010 0.000010 0.165823 0.620314 0.000010 0.000010 0.000010 0.000010 0.000010 0.213794
0.022441 0.060131 0.098575 0.751711 0.000010 0.000010 0.000010 0.000010 0.007083 0.060019
0.000010 0.229757 0.045034 0.698411 0.000010 0.000010 0.026739 0.000010 0.000010 0.000010
0.000010 0.000010 0.240077 0.571508 0.157853 0.000010 0.000010 0.027991 0.000010 0.002522
0.000010 0.000010 0.639978 0.359942 0.000010 0.000010 0.000010 0.000010 0.000010 0.000010
0.000010 0.000010 0.000010 0.970300 0.000010 0.029620 0.000010 0.000010 0.000010 0.000010
0.000010 0.000010 0.000010 0.692432 0.214677 0.000010 0.000010 0.022397 0.070434 0.000010
0.000010 0.000010 0.000010 0.000010 0.149157 0.446691 0.000010 0.102977 0.000010 0.301116
0.000010 0.528363 0.471557 0.000010 0.000010 0.000010 0.000010 0.000010 0.000010 0.000010
0.000010 0.625963 0.083466 0.162955 0.000010 0.127556 0.000010 0.000010 0.000010 0.000010
0.000010 0.000010 0.000010 0.000010 0.000010 0.000010 0.000010 0.000010 0.999910 0.000010
0.000010 0.737282 0.208561 0.000010 0.000010 0.054087 0.000010 0.000010 0.000010 0.000010
0.000010 0.975282 0.000010 0.000010 0.000010 0.024638 0.000010 0.000010 0.000010 0.000010
0.000010 0.000010 0.000010 0.000010 0.000010 0.000010 0.000010 0.000010 0.999910 0.000010
0.000010 0.000010 0.000010 0.000010 0.000010 0.000010 0.000010 0.000010 0.999910 0.000010
0.000010 0.000010 0.000010 0.000010 0.000010 0.000010 0.000010 0.000010 0.999910 0.000010
0.000010 0.622457 0.000010 0.262405 0.000010 0.000010 0.000010 0.115068 0.000010 0.000010
0.000010 0.000010 0.000010 0.000010 0.000010 0.000010 0.000010 0.000010 0.999910 0.000010
0.000010 0.494284 0.476510 0.000010 0.000010 0.000010 0.000010 0.029137 0.000010 0.000010
0.000010 0.412999 0.000010 0.362009 0.000010 0.000010 0.000010 0.000010 0.000010 0.224922
0.000010 0.561120 0.011388 0.265946 0.000010 0.000010 0.000010 0.000010 0.000010 0.161486
0.000010 0.819732 0.000010 0.000010 0.000010 0.180188 0.000010 0.000010 0.000010 0.000010
0.000010 0.809067 0.000010 0.000010 0.000010 0.000010 0.000010 0.000010 0.000010 0.190853
0.014724 0.771107 0.214100 0.000010 0.000010 0.000010 0.000010 0.000010 0.000010 0.000010
0.999910 0.000010 0.000010 0.000010 0.000010 0.000010 0.000010 0.000010 0.000010 0.000010
0.005252 0.744820 0.175615 0.000010 0.000010 0.074254 0.000010 0.000010 0.000010 0.000010
0.015077 0.554800 0.298181 0.000010 0.000010 0.000010 0.000010 0.000010 0.000010 0.131883
0.000010 0.441453 0.000010 0.252136 0.256455 0.000328 0.000010 0.000010 0.000010 0.049577
0.000010 0.483822 0.256282 0.000010 0.000010 0.000010 0.000010 0.000010 0.259826 0.000010
0.999910 0.000010 0.000010 0.000010 0.000010 0.000010 0.000010 0.000010 0.000010 0.000010
0.000010 0.675901 0.000010 0.000010 0.044541 0.122836 0.000010 0.000010 0.000010 0.156661
0.000010 0.458671 0.230951 0.000010 0.034156 0.193375 0.000010 0.082797 0.000010 0.000010
0.999910 0.000010 0.000010 0.000010 0.000010 0.000010 0.000010 0.000010 0.000010 0.000010
0.000010 0.588474 0.000010 0.158133 0.000010 0.000010 0.000010 0.253323 0.000010 0.000010
0.999910 0.000010 0.000010 0.000010 0.000010 0.000010 0.000010 0.000010 0.000010 0.000010
0.999910 0.000010 0.000010 0.000010 0.000010 0.000010 0.000010 0.000010 0.000010 0.000010
0.000010 0.511363 0.000010 0.253682 0.055434 0.000010 0.000010 0.179460 0.000010 0.000010
0.999910 0.000010 0.000010 0.000010 0.000010 0.000010 0.000010 0.000010 0.000010 0.000010
0.000010 0.999910 0.000010 0.000010 0.000010 0.000010 0.000010 0.000010 0.000010 0.000010
0.999910 0.000010 0.000010 0.000010 0.000010 0.000010 0.000010 0.000010 0.000010 0.000010
0.000010 0.999910 0.000010 0.000010 0.000010 0.000010 0.000010 0.000010 0.000010 0.000010
0.000010 0.832859 0.008412 0.000010 0.000010 0.000010 0.000010 0.000010 0.000010 0.158659
0.000010 0.683865 0.000010 0.316055 0.000010 0.000010 0.000010 0.000010 0.000010 0.000010
0.000010 0.344454 0.000010 0.362647 0.000010 0.000010 0.000010 0.000010 0.000010 0.292829
0.000010 0.788683 0.211237 0.000010 0.000010 0.000010 0.000010 0.000010 0.000010 0.000010
0.000010 0.000010 0.000010 0.000010 0.000010 0.999910 0.000010 0.000010 0.000010 0.000010
0.000010 0.000010 0.000010 0.000010 0.000010 0.000010 0.000836 0.253525 0.000010 0.745569
0.000010 0.000010 0.000010 0.000010 0.000010 0.298231 0.000010 0.432203 0.000010 0.269496
0.000010 0.000010 0.098309 0.000010 0.000010 0.000010 0.000010 0.170410 0.000010 0.731211
0.000010 0.000010 0.000010 0.000010 0.000010 0.000010 0.000010 0.999910 0.000010 0.000010
0.000010 0.000010 0.000010 0.000010 0.000010 0.341908 0.027259 0.630763 0.000010 0.000010
0.000010 0.000010 0.000010 0.000010 0.000010 0.999910 0.000010 0.000010 0.000010 0.000010
0.000010 0.042208 0.000010 0.028025 0.016954 0.000010 0.000010 0.313771 0.000010 0.598992
0.168462 0.000010 0.000010 0.000010 0.000010 0.000010 0.831458 0.000010 0.000010 0.000010
0.000010 0.000010 0.000010 0.000010 0.000010 0.000010 0.000010 0.000010 0.000010 0.999910
0.000010 0.000010 0.178286 0.000010 0.000010 0.000010 0.000010 0.069596 0.000010 0.752048
0.000010 0.000010 0.000010 0.000010 0.000010 0.250820 0.000010 0.101127 0.000010 0.647983
0.000010 0.000010 0.169520 0.000010 0.000010 0.000010 0.000010 0.000010 0.000010 0.830400
0.000010 0.000010 0.000010 0.000010 0.000010 0.260205 0.000010 0.739715 0.000010 0.000010
0.000010 0.000010 0.000010 0.000010 0.000010 0.166498 0.000010 0.405943 0.000010 0.427489
0.000010 0.000010 0.000010 0.000010 0.000010 0.246625 0.000010 0.000010 0.000010 0.753295
0.004097 0.000010 0.000010 0.824021 0.171813 0.000010 0.000010 0.000010 0.000010 0.000010
0.000010 0.000010 0.000010 0.111294 0.000010 0.000010 0.000010 0.533305 0.000010 0.355331
0.000010 0.000010 0.000010 0.000010 0.000010 0.000010 0.999910 0.000010 0.000010 0.000010
0.000010 0.000010 0.000010 0.000010 0.000010 0.483838 0.000010 0.396645 0.000010 0.119447
0.000010 0.000010 0.085581 0.000010 0.000010 0.367777 0.000010 0.546572 0.000010 0.000010
0.000010 0.000010 0.000010 0.000010 0.000010 0.999910 0.000010 0.000010 0.000010 0.000010
0.000010 0.000010 0.000010 0.091269 0.000010 0.000010 0.000010 0.000010 0.000010 0.908651
0.000010 0.000010 0.000010 0.027125 0.144934 0.119274 0.000010 0.055466 0.000010 0.653151
0.000010 0.000010 0.000010 0.000010 0.000010 0.000010 0.999910 0.000010 0.000010 0.000010
0.000010 0.000010 0.000010 0.000010 0.000010 0.523572 0.000010 0.040092 0.000010 0.436266
0.000010 0.000010 0.000010 0.000010 0.070635 0.381837 0.000010 0.341670 0.000010 0.205798
0.000010 0.000010 0.000010 0.000010 0.000010 0.000010 0.999910 0.000010 0.000010 0.000010
0.000010 0.000010 0.000010 0.000010 0.000010 0.259742 0.000010 0.514196 0.000010 0.225992
0.000010 0.000010 0.000010 0.000010 0.000010 0.000010 0.999910 0.000010 0.000010 0.000010
0.000010 0.000010 0.000010 0.000010 0.000010 0.000010 0.999910 0.000010 0.000010 0.000010
0.268868 0.000010 0.000010 0.000010 0.000010 0.000010 0.731052 0.000010 0.000010 0.000010
0.000010 0.000010 0.000010 0.000010 0.000010 0.260649 0.000010 0.739271 0.000010 0.000010
0.000010 0.000010 0.000010 0.069747 0.000010 0.000010 0.000010 0.424043 0.000010 0.506139
0.000010 0.000010 0.000010 0.294648 0.705272 0.000010 0.000010 0.000010 0.000010 0.000010
0.000010 0.000010 0.124133 0.000010 0.798482 0.000860 0.011202 0.065272 0.000010 0.000010
0.000010 0.000010 0.664785 0.000010 0.199572 0.000010 0.000010 0.135573 0.000010 0.000010
0.000010 0.101806 0.088902 0.000010 0.685565 0.123667 0.000010 0.000010 0.000010 0.000010
0.000010 0.000010 0.000010 0.084285 0.739651 0.000010 0.006689 0.169315 0.000010 0.000010
0.000010 0.000010 0.245589 0.000010 0.585689 0.000010 0.000010 0.000010 0.000010 0.168651
0.000010 0.000010 0.000010 0.000010 0.000010 0.000010 0.000010 0.000010 0.000010 0.999910
0.086909 0.000010 0.000010 0.000010 0.000010 0.000010 0.913011 0.000010 0.000010 0.000010
0.000010 0.000010 0.000010 0.042167 0.000010 0.163448 0.000010 0.000010 0.000010 0.794315
0.000010 0.000010 0.000010 0.000010 0.000010 0.150137 0.000010 0.849783 0.000010 0.000010
0.000010 0.000010 0.000010 0.000010 0.000010 0.000010 0.000010 0.999910 0.000010 0.000010
0.211579 0.000010 0.000010 0.000010 0.000010 0.000010 0.788341 0.000010 0.000010 0.000010
0.000010 0.000010 0.107207 0.000010 0.000010 0.287806 0.000010 0.227318 0.000010 0.377610
0.000010 0.000010 0.000010 0.000010 0.000010 0.999910 0.000010 0.000010 0.000010 0.000010
0.026671 0.005499 0.000010 0.000010 0.000010 0.381088 0.000010 0.201653 0.000010 0.385039
0.000010 0.000010 0.000010 0.000010 0.000010 0.861756 0.000010 0.138164 0.000010 0.000010
0.000010 0.000010 0.013511 0.000010 0.068703 0.494878 0.000010 0.404546 0.000010 0.018311
0.000010 0.000010 0.000010 0.000010 0.000010 0.000010 0.000010 0.000010 0.000010 0.999910
0.000010 0.000010 0.026900 0.000010 0.000010 0.466633 0.000010 0.000010 0.000010 0.506397
0.021364 0.000010 0.011609 0.000010 0.000010 0.476075 0.000010 0.303128 0.000010 0.187774
0.000010 0.000010 0.000010 0.000010 0.105325 0.440050 0.000010 0.000010 0.000010 0.454556
0.000010 0.000010 0.000010 0.000010 0.000010 0.000010 0.999910 0.000010 0.000010 0.000010
0.000010 0.000010 0.000010 0.022890 0.000010 0.977030 0.000010 0.000010 0.000010 0.000010
0.000010 0.000010 0.099140 0.000010 0.000010 0.000010 0.000010 0.000010 0.000010 0.900780
0.000010 0.000010 0.000010 0.000010 0.000010 0.313671 0.000010 0.291611 0.000010 0.394648
0.000010 0.000010 0.000010 0.000010 0.000010 0.999910 0.000010 0.000010 0.000010 0.000010
0.000010 0.000010 0.000010 0.000010 0.000010 0.950452 0.000010 0.049468 0.000010 0.000010
0.000010 0.135055 0.000010 0.000010 0.000010 0.312188 0.000010 0.288019 0.017240 0.247449
0.000010 0.000010 0.000010 0.000010 0.000010 0.999910 0.000010 0.000010 0.000010 0.000010
0.000010 0.010831 0.000010 0.000010 0.000010 0.351282 0.000010 0.000010 0.000010 0.637816
0.000010 0.000010 0.000010 0.063696 0.000010 0.641249 0.000010 0.242904 0.025574 0.026527
0.000010 0.000010 0.000010 0.000010 0.000010 0.999910 0.000010 0.000010 0.000010 0.000010
0.000010 0.000010 0.000010 0.000010 0.055956 0.499209 0.000010 0.216701 0.000010 0.228074
0.000010 0.072893 0.000010 0.000010 0.000010 0.836255 0.000010 0.090781 0.000010 0.000010
0.000010 0.000010 0.000010 0.000010 0.000010 0.999910 0.000010 0.000010 0.000010 0.000010
0.000010 0.033123 0.000010 0.000010 0.000010 0.441600 0.000010 0.000010 0.000010 0.525206
0.000010 0.038331 0.000010 0.000010 0.000010 0.000010 0.000010 0.000010 0.000010 0.961589
0.000010 0.000010 0.000010 0.000010 0.000010 0.000010 0.000010 0.435424 0.000010 0.564496
0.000010 0.000010 0.000010 0.000010 0.000010 0.999910 0.000010 0.000010 0.000010 0.000010
0.000010 0.023466 0.000010 0.000010 0.000010 0.294255 0.000010 0.682209 0.000010 0.000010
0.000010 0.000010 0.000010 0.000010 0.000010 0.999910 0.000010 0.000010 0.000010 0.000010
0.000010 0.000010 0.000010 0.000010 0.000010 0.487451 0.000010 0.090473 0.000010 0.422006
0.000010 0.000010 0.000010 0.000010 0.000010 0.000010 0.999910 0.000010 0.000010 0.000010
0.000010 0.000010 0.000010 0.000010 0.000010 0.000010 0.999910 0.000010 0.000010 0.000010
0.000010 0.000010 0.000010 0.000010 0.000010 0.497500 0.000010 0.000010 0.000010 0.502420
0.000010 0.000010 0.000010 0.000010 0.000010 0.000010 0.999910 0.000010 0.000010 0.000010
0.000010 0.000010 0.000010 0.000010 0.000010 0.000010 0.000010 0.999910 0.000010 0.000010
0.000010 0.000010 0.000010 0.000010 0.000010 0.000010 0.000010 0.999910 0.000010 0.000010
0.000010 0.000010 0.000010 0.000010 0.000010 0.000010 0.999910 0.000010 0.000010 0.000010
0.000010 0.000010 0.000010 0.000010 0.000010 0.000010 0.999910 0.000010 0.000010 0.000010
0.000010 0.000010 0.000010 0.000010 0.000010 0.323114 0.000010 0.326670 0.000010 0.350146
0.000010 0.000010 0.000010 0.000010 0.000010 0.000010 0.999910 0.000010 0.000010 0.000010
0.000010 0.000010 0.000010 0.000010 0.000010 0.000010 0.999910 0.000010 0.000010 0.000010
0.041127 0.000010 0.000010 0.000010 0.000010 0.000010 0.958793 0.000010 0.000010 0.000010
0.000010 0.000010 0.000010 0.811868 0.000010 0.188052 0.000010 0.000010 0.000010 0.000010
0.000010 0.000010 0.111411 0.810162 0.000010 0.078357 0.000010 0.000010 0.000010 0.000010
0.000010 0.000010 0.999910 0.000010 0.000010 0.000010 0.000010 0.000010 0.000010 0.000010
0.000010 0.040589 0.171053 0.713015 0.000010 0.000010 0.000010 0.014970 0.000010 0.060323
0.823731 0.000010 0.000010 0.000010 0.000010 0.000010 0.176189 0.000010 0.000010 0.000010
0.000010 0.000010 0.012935 0.000010 0.029296 0.224991 0.000010 0.452769 0.000010 0.279959
0.000010 0.099832 0.333051 0.527036 0.000010 0.000010 0.000010 0.040021 0.000010 0.000010
0.000010 0.000010 0.999910 0.000010 0.000010 0.000010 0.000010 0.000010 0.000010 0.000010
0.000010 0.000010 0.071174 0.738110 0.000010 0.190645 0.000010 0.000010 0.000010 0.000010
0.000010 0.074938 0.000010 0.837901 0.000010 0.000010 0.025051 0.062050 0.000010 0.000010
0.000010 0.000010 0.000010 0.783184 0.000010 0.000010 0.014597 0.000010 0.000010 0.202149
0.000010 0.000010 0.999910 0.000010 0.000010 0.000010 0.000010 0.000010 0.000010 0.000010
0.000010 0.000010 0.000010 0.808616 0.000010 0.000010 0.000010 0.191304 0.000010 0.000010
0.000010 0.158084 0.344530 0.384327 0.000010 0.000010 0.000010 0.112999 0.000010 0.000010
0.000010 0.000010 0.327364 0.672556 0.000010 0.000010 0.000010 0.000010 0.000010 0.000010
0.007853 0.000010 0.128616 0.815417 0.000010 0.048055 0.000010 0.000010 0.000010 0.000010
0.000010 0.000010 0.535618 0.456171 0.008141 0.000010 0.000010 0.000010 0.000010 0.000010
0.000010 0.000010 0.123470 0.669600 0.206860 0.000010 0.000010 0.000010 0.000010 0.000010
0.000010 0.000010 0.232278 0.460554 0.000010 0.302316 0.004791 0.000010 0.000010 0.000010
0.000010 0.000010 0.444225 0.476080 0.000010 0.079625 0.000010 0.000010 0.000010 0.000010
0.000010 0.000010 0.999910 0.000010 0.000010 0.000010 0.000010 0.000010 0.000010 0.000010
0.000010 0.166038 0.259847 0.400089 0.000010 0.000010 0.000010 0.173966 0.000010 0.000010
0.000010 0.000010 0.153993 0.555927 0.000010 0.087737 0.000010 0.000010 0.071995 0.130298
0.000010 0.000010 0.000010 0.713962 0.212689 0.000010 0.000010 0.000010 0.000010 0.073279
0.000010 0.000010 0.271795 0.571419 0.075232 0.000010 0.000010 0.081494 0.000010 0.000010
0.000010 0.000010 0.290314 0.709606 0.000010 0.000010 0.000010 0.000010 0.000010 0.000010
0.000010 0.000010 0.052802 0.837525 0.000010 0.000703 0.024836 0.084084 0.000010 0.000010
0.898672 0.000010 0.000010 0.000010 0.000010 0.000010 0.101248 0.000010 0.000010 0.000010
0.000010 0.000010 0.445564 0.443378 0.000010 0.110988 0.000010 0.000010 0.000010 0.000010
0.000010 0.150275 0.267218 0.382494 0.164456 0.000010 0.000010 0.000010 0.000010 0.035507
0.000010 0.000010 0.000010 0.999910 0.000010 0.000010 0.000010 0.000010 0.000010 0.000010
0.999910 0.000010 0.000010 0.000010 0.000010 0.000010 0.000010 0.000010 0.000010 0.000010
0.000010 0.000010 0.999910 0.000010 0.000010 0.000010 0.000010 0.000010 0.000010 0.000010
0.999910 0.000010 0.000010 0.000010 0.000010 0.000010 0.000010 0.000010 0.000010 0.000010
0.000010 0.000010 0.127068 0.860474 0.012388 0.000010 0.000010 0.000010 0.000010 0.000010
0.000010 0.000010 0.000010 0.999910 0.000010 0.000010 0.000010 0.000010 0.000010 0.000010
0.000010 0.000010 0.202473 0.686591 0.000010 0.000010 0.000010 0.000010 0.000010 0.110866
0.000010 0.000010 0.397377 0.543170 0.000010 0.032673 0.000010 0.000010 0.000010 0.026721
0.000010 0.000010 0.393136 0.512116 0.094678 0.000010 0.000010 0.000010 0.000010 0.000010
0.000010 0.000010 0.365302 0.506267 0.068481 0.047059 0.000010 0.012841 0.000010 0.000010
0.000010 0.000010 0.231545 0.740930 0.027456 0.000010 0.000010 0.000010 0.000010 0.000010
0.000010 0.146932 0.095330 0.577835 0.000010 0.000010 0.000010 0.000010 0.043567 0.136286
0.000010 0.000010 0.000010 0.949293 0.000010 0.000010 0.000010 0.050627 0.000010 0.000010
0.000010 0.000010 0.721673 0.000010 0.000010 0.248848 0.000010 0.000010 0.000010 0.029408
0.000010 0.000010 0.413530 0.462981 0.000010 0.000010 0.000010 0.123419 0.000010 0.000010
0.008876 0.000010 0.597003 0.095378 0.150773 0.147920 0.000010 0.000010 0.000010 0.000010
0.000010 0.379086 0.127438 0.327734 0.165683 0.000010 0.000010 0.000010 0.000010 0.000010
0.000010 0.000010 0.000010 0.000010 0.000010 0.798370 0.000010 0.000010 0.000010 0.201550
0.000010 0.000010 0.040436 0.000010 0.000010 0.341453 0.005359 0.136723 0.000010 0.475978
0.000010 0.000010 0.000010 0.000010 0.000010 0.624159 0.000010 0.375761 0.000010 0.000010
0.000010 0.000010 0.037290 0.000010 0.000010 0.061709 0.000010 0.511211 0.000010 0.389729
0.001896 0.000010 0.065237 0.000010 0.000010 0.000010 0.000010 0.327453 0.000010 0.605353
0.000010 0.000010 0.000010 0.000010 0.000010 0.348886 0.000010 0.511221 0.000010 0.139823
0.000010 0.000010 0.027153 0.000010 0.098327 0.275132 0.000010 0.000010 0.000010 0.599328
0.000010 0.065979 0.000010 0.000010 0.000010 0.172644 0.000010 0.000010 0.000010 0.761307
0.000010 0.000010 0.000010 0.097693 0.000010 0.000010 0.000010 0.902227 0.000010 0.000010
0.000010 0.044375 0.000010 0.000010 0.018155 0.166568 0.000010 0.770843 0.000010 0.000010
0.000010 0.000010 0.000010 0.048666 0.000010 0.049055 0.000010 0.632750 0.000010 0.269469
0.000010 0.000010 0.000010 0.000010 0.000010 0.381429 0.000010 0.160206 0.000010 0.458295
0.711742 0.000010 0.000010 0.000010 0.000010 0.000010 0.288178 0.000010 0.000010 0.000010
0.000010 0.000010 0.000010 0.000010 0.000010 0.318290 0.000010 0.314735 0.000010 0.366906
0.000010 0.000010 0.000010 0.096649 0.000010 0.027959 0.000010 0.875322 0.000010 0.000010
0.000010 0.000010 0.103104 0.000010 0.000010 0.153511 0.000010 0.205910 0.000010 0.537416
0.000010 0.000010 0.048355 0.000010 0.000010 0.000010 0.000010 0.275480 0.000010 0.676094
0.000010 0.000010 0.000010 0.000010 0.000010 0.010615 0.000010 0.668253 0.000010 0.321062
0.000010 0.000010 0.000010 0.000010 0.000010 0.367664 0.000010 0.340318 0.000010 0.291948
0.000010 0.000010 0.214668 0.000010 0.000010 0.217872 0.000010 0.567390 0.000010 0.000010
0.000010 0.000010 0.000010 0.000010 0.000010 0.000010 0.000010 0.999910 0.000010 0.000010
0.000010 0.000010 0.000010 0.000010 0.000010 0.020467 0.000010 0.197278 0.000010 0.782185
0.000010 0.000010 0.000010 0.000010 0.000010 0.000010 0.000010 0.999910 0.000010 0.000010
0.000010 0.000010 0.000010 0.000010 0.000010 0.000010 0.000010 0.000010 0.000010 0.999910
0.000013 0.000010 0.000010 0.000010 0.014129 0.000010 0.000010 0.576838 0.000010 0.408959
0.000010 0.000010 0.000010 0.000010 0.000010 0.243911 0.000010 0.288864 0.000010 0.467155
0.000010 0.000010 0.017171 0.000010 0.000010 0.000010 0.000010 0.982749 0.000010 0.000010
0.000010 0.043340 0.000010 0.000010 0.000010 0.000010 0.000010 0.451818 0.000010 0.504772
0.000010 0.000010 0.000010 0.000010 0.000010 0.109615 0.000010 0.890305 0.000010 0.000010
0.000010 0.000010 0.027375 0.020117 0.085551 0.287060 0.000010 0.579847 0.000010 0.000010
0.000010 0.000010 0.054526 0.000010 0.000010 0.000010 0.000010 0.945394 0.000010 0.000010
0.000010 0.000010 0.086240 0.000010 0.000010 0.000010 0.000010 0.397440 0.000010 0.516250
0.000010 0.000010 0.000010 0.000010 0.000010 0.215887 0.000010 0.000010 0.000010 0.784033
0.000010 0.000010 0.311598 0.678023 0.000010 0.000010 0.007021 0.003299 0.000010 0.000010
0.000010 0.000010 0.000010 0.000010 0.077055 0.104477 0.000010 0.000010 0.000010 0.818397
0.000010 0.000010 0.000010 0.000010 0.000010 0.000010 0.000010 0.000010 0.000010 0.999910
0.000010 0.000010 0.139433 0.000010 0.000010 0.000010 0.000010 0.106875 0.000010 0.753621
0.000010 0.230468 0.000010 0.000010 0.000010 0.408889 0.000010 0.360573 0.000010 0.000010
0.000010 0.000010 0.000010 0.000010 0.000010 0.356499 0.010409 0.633022 0.000010 0.000010
0.005507 0.000010 0.097192 0.000010 0.000010 0.243573 0.000010 0.124097 0.000010 0.529581
0.000010 0.000010 0.049030 0.000010 0.000010 0.000010 0.000010 0.950890 0.000010 0.000010
0.000010 0.136871 0.000010 0.000010 0.071123 0.531679 0.000010 0.000010 0.000010 0.260266
0.000010 0.000010 0.000010 0.000010 0.000010 0.000010 0.000010 0.760513 0.000010 0.239407
0.000010 0.000010 0.000010 0.000010 0.000010 0.011542 0.000010 0.000010 0.000010 0.988378
0.000010 0.000010 0.121369 0.000010 0.010777 0.171909 0.000010 0.142250 0.000010 0.553645
0.000010 0.000010 0.039937 0.000010 0.000010 0.263335 0.000010 0.593755 0.000010 0.102912
0.000010 0.050210 0.000010 0.000010 0.000010 0.352718 0.000010 0.000010 0.000010 0.597002
0.000010 0.000010 0.000010 0.000010 0.000010 0.270673 0.024105 0.550773 0.000010 0.154389
0.000010 0.000010 0.000010 0.000010 0.000010 0.270450 0.000010 0.000010 0.000010 0.729470
0.000010 0.000010 0.000010 0.066602 0.000010 0.183964 0.000010 0.000010 0.000010 0.749364
0.000010 0.000010 0.000010 0.000010 0.000010 0.324133 0.000010 0.675787 0.000010 0.000010
0.000010 0.000010 0.000010 0.101389 0.007463 0.316398 0.000010 0.234449 0.000010 0.340251
0.000010 0.000010 0.000010 0.000010 0.000010 0.140933 0.000010 0.858987 0.000010 0.000010
0.000010 0.000010 0.000010 0.000010 0.000010 0.000010 0.000010 0.000010 0.000010 0.999910
0.000010 0.000010 0.000010 0.000010 0.000010 0.448780 0.000010 0.551140 0.000010 0.000010
0.000010 0.000010 0.000010 0.000010 0.000010 0.000010 0.000010 0.999910 0.000010 0.000010
0.010083 0.000010 0.069576 0.000010 0.000010 0.512892 0.000010 0.066471 0.000010 0.340929
0.000010 0.000010 0.000010 0.000010 0.000010 0.193666 0.000010 0.116251 0.000010 0.690013
0.000010 0.000010 0.000010 0.047412 0.000010 0.344565 0.000010 0.473982 0.000010 0.133981
0.000010 0.000010 0.000010 0.000010 0.000010 0.000010 0.000010 0.999910 0.000010 0.000010
0.000010 0.000010 0.000010 0.092524 0.000010 0.000010 0.000010 0.000010 0.000010 0.907396
0.000010 0.000010 0.000010 0.000010 0.000010 0.000010 0.000010 0.999910 0.000010 0.000010
0.000010 0.000010 0.000010 0.000010 0.000010 0.200445 0.000010 0.205070 0.000010 0.594415
0.000010 0.000010 0.000010 0.000010 0.025962 0.151239 0.000010 0.172780 0.000010 0.649959
0.000010 0.000010 0.000010 0.045044 0.000010 0.000010 0.000010 0.599915 0.000010 0.354971
0.000010 0.017164 0.000010 0.000010 0.000010 0.537234 0.000010 0.245439 0.000010 0.200103
0.000010 0.000010 0.000010 0.000010 0.000010 0.000010 0.999910 0.000010 0.000010 0.000010
0.000010 0.000010 0.000010 0.000010 0.000010 0.000010 0.000010 0.689530 0.000010 0.310390
0.000010 0.000010 0.000010 0.000010 0.000010 0.197602 0.000010 0.802318 0.000010 0.000010
0.000010 0.000010 0.000010 0.017458 0.000010 0.335382 0.000010 0.546541 0.000010 0.100558
0.006473 0.000010 0.000010 0.000010 0.007084 0.053613 0.000010 0.394884 0.000010 0.537896
0.000010 0.000010 0.074098 0.000010 0.000010 0.579599 0.000010 0.000010 0.000010 0.346233
0.000010 0.000010 0.000010 0.000010 0.000010 0.199745 0.000010 0.800175 0.000010 0.000010
0.000010 0.000010 0.000010 0.000010 0.000010 0.052846 0.000010 0.658573 0.000010 0.288511
0.000010 0.000010 0.000010 0.000010 0.000010 0.784282 0.000010 0.215638 0.000010 0.000010
0.000010 0.000010 0.000010 0.000010 0.000010 0.898378 0.009716 0.091836 0.000010 0.000010
0.000010 0.000010 0.000010 0.000010 0.000010 0.000010 0.000010 0.159611 0.000010 0.840309
0.000010 0.080264 0.000010 0.000010 0.000010 0.343046 0.000010 0.576620 0.000010 0.000010
0.000010 0.000010 0.000010 0.000010 0.000010 0.000010 0.000010 0.000010 0.000010 0.999910
0.000010 0.000010 0.086206 0.000010 0.000010 0.000010 0.000010 0.412775 0.000010 0.500949
0.000010 0.000010 0.000010 0.000010 0.000010 0.000010 0.000010 0.000010 0.000010 0.999910
0.000010 0.000010 0.000010 0.000010 0.000010 0.171777 0.000010 0.052184 0.000010 0.775969
0.000054 0.047751 0.000010 0.000010 0.921292 0.000010 0.000010 0.030843 0.000010 0.000010
0.000010 0.000010 0.000010 0.098387 0.805352 0.000010 0.000010 0.096191 0.000010 0.000010
0.000010 0.057780 0.000010 0.000010 0.749219 0.000010 0.000010 0.181548 0.011393 0.000010
0.000010 0.000010 0.155125 0.000010 0.641776 0.066457 0.000010 0.093355 0.000010 0.043238
0.000010 0.000010 0.216815 0.000010 0.780033 0.003082 0.000010 0.000010 0.000010 0.000010
0.000010 0.000010 0.000010 0.000010 0.876257 0.123663 0.000010 0.000010 0.000010 0.000010
0.000010 0.000010 0.000010 0.000010 0.999910 0.000010 0.000010 0.000010 0.000010 0.000010
0.000010 0.000010 0.000010 0.000010 0.999910 0.000010 0.000010 0.000010 0.000010 0.000010
0.000010 0.000010 0.000010 0.135123 0.678534 0.186273 0.000010 0.000010 0.000010 0.000010
0.000010 0.000010 0.000010 0.000010 0.994164 0.000010 0.000010 0.000010 0.000010 0.005756
0.000010 0.000010 0.114512 0.000010 0.803824 0.000010 0.000010 0.000010 0.000010 0.081594
0.000010 0.000010 0.083811 0.000010 0.720456 0.077361 0.000010 0.118312 0.000010 0.000010
0.000010 0.000010 0.415655 0.000010 0.449315 0.093228 0.000010 0.041742 0.000010 0.000010
0.000010 0.000010 0.000010 0.046952 0.874537 0.078440 0.000010 0.000010 0.000010 0.000010
0.000010 0.000010 0.079990 0.000010 0.919930 0.000010 0.000010 0.000010 0.000010 0.000010
0.679238 0.000010 0.000010 0.000010 0.000010 0.000010 0.320682 0.000010 0.000010 0.000010
0.000010 0.000010 0.181365 0.000010 0.632504 0.000010 0.000010 0.137509 0.000010 0.048561
0.000010 0.000010 0.000010 0.000010 0.999910 0.000010 0.000010 0.000010 0.000010 0.000010
0.000010 0.000010 0.000010 0.000010 0.678923 0.000010 0.000010 0.202056 0.000010 0.118951
0.000010 0.000010 0.288745 0.000010 0.657175 0.000010 0.000010 0.054009 0.000010 0.000010
0.008294 0.040084 0.291303 0.000010 0.657765 0.000010 0.000010 0.000010 0.000010 0.002503
0.000010 0.000010 0.252946 0.000010 0.746974 0.000010 0.000010 0.000010 0.000010 0.000010
0.000010 0.000010 0.086163 0.000010 0.774998 0.138770 0.000010 0.000010 0.000010 0.000010
0.000010 0.000010 0.000010 0.000010 0.902623 0.000010 0.000010 0.097297 0.000010 0.000010
0.000010 0.000010 0.000010 0.000010 0.899359 0.100561 0.000010 0.000010 0.000010 0.000010
0.000010 0.000010 0.000010 0.000010 0.999910 0.000010 0.000010 0.000010 0.000010 0.000010
0.000010 0.092791 0.000010 0.000010 0.780276 0.000010 0.000010 0.000010 0.000010 0.126864
0.018832 0.000010 0.000010 0.058883 0.830456 0.000010 0.000010 0.091769 0.000010 0.000010
0.000010 0.000010 0.191534 0.000010 0.592687 0.000010 0.000010 0.000010 0.000010 0.215708
0.000010 0.000010 0.000010 0.000010 0.900002 0.000010 0.032808 0.067120 0.000010 0.000010
0.000010 0.000010 0.094634 0.000010 0.822591 0.060997 0.000010 0.000010 0.000010 0.021718
0.000010 0.000010 0.000010 0.000010 0.827539 0.000010 0.000010 0.000010 0.000010 0.172381
0.000010 0.000010 0.228302 0.000010 0.605418 0.000010 0.000010 0.000010 0.000010 0.166210
0.000010 0.000010 0.084090 0.095187 0.780313 0.000010 0.000010 0.000010 0.000010 0.040350
0.000010 0.000010 0.147996 0.000010 0.851924 0.000010 0.000010 0.000010 0.000010 0.000010
0.591622 0.000010 0.000010 0.000010 0.000010 0.000010 0.408298 0.000010 0.000010 0.000010
0.000010 0.000010 0.137029 0.000010 0.742556 0.120345 0.000010 0.000010 0.000010 0.000010
0.000010 0.000010 0.000010 0.000010 0.999910 0.000010 0.000010 0.000010 0.000010 0.000010
0.901023 0.000010 0.000010 0.000010 0.000010 0.000010 0.098897 0.000010 0.000010 0.000010
0.000010 0.000010 0.219971 0.000010 0.779949 0.000010 0.000010 0.000010 0.000010 0.000010
0.000010 0.000010 0.000010 0.000010 0.925351 0.000010 0.000010 0.000010 0.000010 0.074569
0.000010 0.000010 0.212163 0.000010 0.755600 0.026426 0.000010 0.005750 0.000010 0.000010
0.000010 0.000010 0.000010 0.236330 0.735098 0.000010 0.000010 0.000010 0.000010 0.028502
0.000010 0.000010 0.000010 0.000010 0.999910 0.000010 0.000010 0.000010 0.000010 0.000010
0.000010 0.000010 0.000010 0.223040 0.713211 0.000010 0.000010 0.000010 0.000010 0.063679
0.000010 0.124229 0.000010 0.000010 0.875691 0.000010 0.000010 0.000010 0.000010 0.000010
0.624779 0.000010 0.000010 0.000010 0.000010 0.000010 0.375141 0.000010 0.000010 0.000010
0.000010 0.000010 0.000010 0.000010 0.890842 0.000010 0.000010 0.000010 0.000010 0.109078
0.000010 0.000010 0.000010 0.000010 0.777913 0.000010 0.000010 0.174973 0.047044 0.000010
0.000010 0.000010 0.000010 0.000010 0.999910 0.000010 0.000010 0.000010 0.000010 0.000010
0.000010 0.122664 0.000010 0.000010 0.868917 0.000010 0.000010 0.008349 0.000010 0.000010
0.000010 0.065437 0.000010 0.000010 0.934483 0.000010 0.000010 0.000010 0.000010 0.000010
0.000010 0.000010 0.000010 0.000010 0.000010 0.000010 0.000010 0.000010 0.000010 0.999910
