0.265476 0.000010 0.567312 0.164367 0.002824 0.000010
0.000010 0.000010 0.999950 0.000010 0.000010 0.000010
0.000010 0.000010 0.968399 0.014528 0.000010 0.017043
0.000010 0.000010 0.999950 0.000010 0.000010 0.000010
0.000010 0.000010 0.819036 0.000010 0.000010 0.180924
0.000010 0.000010 0.912438 0.000010 0.000010 0.087522
0.000010 0.034296 0.919821 0.045853 0.000010 0.000010
0.074021 0.000010 0.810575 0.073140 0.010628 0.031626
0.000010 0.000010 0.911481 0.061868 0.000010 0.026621
0.000010 0.999950 0.000010 0.000010 0.000010 0.000010
0.000010 0.733846 0.266114 0.000010 0.000010 0.000010
0.206728 0.000010 0.614205 0.179036 0.000010 0.000010
0.166265 0.000010 0.824609 0.009095 0.000010 0.000010
0.000010 0.000010 0.928858 0.014756 0.000010 0.056356
0.000010 0.000010 0.999950 0.000010 0.000010 0.000010
0.161923 0.000010 0.702024 0.000010 0.000010 0.136024
0.000010 0.000010 0.999950 0.000010 0.000010 0.000010
0.128861 0.000010 0.804838 0.000010 0.000010 0.066270
0.151176 0.000010 0.690825 0.000010 0.000010 0.157969
0.000010 0.000010 0.999950 0.000010 0.000010 0.000010
0.000010 0.000010 0.854603 0.145357 0.000010 0.000010
0.000010 0.000010 0.999950 0.000010 0.000010 0.000010
0.000010 0.000010 0.843111 0.129795 0.000010 0.027065
0.000010 0.000010 0.825902 0.113056 0.000010 0.061013
0.000010 0.000010 0.995464 0.000010 0.004496 0.000010
0.000010 0.000010 0.978446 0.000010 0.010287 0.011236
0.000014 0.000010 0.839509 0.160447 0.000010 0.000010
0.121715 0.000010 0.000010 0.027576 0.000010 0.850679
0.000010 0.000010 0.689665 0.310295 0.000010 0.000010
0.000010 0.000010 0.588988 0.410972 0.000010 0.000010
0.000010 0.000010 0.000010 0.999950 0.000010 0.000010
0.090413 0.106340 0.554268 0.228223 0.020746 0.000010
0.242520 0.075943 0.441068 0.240449 0.000010 0.000010
0.000010 0.000010 0.000010 0.999950 0.000010 0.000010
0.000010 0.999950 0.000010 0.000010 0.000010 0.000010
0.114538 0.739565 0.000010 0.145867 0.000010 0.000010
0.000010 0.000010 0.938494 0.000010 0.000010 0.061466
0.000010 0.000010 0.000010 0.999950 0.000010 0.000010
0.000010 0.033004 0.691854 0.215928 0.000010 0.059194
0.000010 0.000010 0.596670 0.401170 0.000010 0.002130
0.000010 0.000010 0.812566 0.186547 0.000857 0.000010
0.000010 0.000010 0.771728 0.225620 0.000010 0.002621
0.121868 0.000010 0.580509 0.297594 0.000010 0.000010
0.000010 0.056676 0.676720 0.266573 0.000010 0.000010
0.000010 0.000010 0.003458 0.000010 0.996502 0.000010
0.017353 0.000010 0.725101 0.257517 0.000010 0.000010
0.214436 0.000010 0.461165 0.282811 0.013934 0.027644
0.277107 0.000010 0.494231 0.228632 0.000010 0.000010
0.149620 0.000010 0.381524 0.466675 0.002161 0.000010
0.000010 0.000010 0.000010 0.000010 0.999950 0.000010
0.033444 0.000014 0.611657 0.346010 0.008865 0.000010
0.183611 0.000010 0.395966 0.420393 0.000010 0.000010
0.000010 0.000010 0.000010 0.000010 0.999950 0.000010
0.000010 0.069548 0.589397 0.250997 0.000010 0.090037
0.000010 0.000010 0.000010 0.000010 0.999950 0.000010
0.000010 0.000010 0.000010 0.000010 0.999950 0.000010
0.217392 0.000010 0.758299 0.015914 0.008375 0.000010
0.000010 0.000010 0.014359 0.000010 0.985601 0.000010
0.000010 0.999950 0.000010 0.000010 0.000010 0.000010
0.000010 0.000010 0.000010 0.000010 0.999950 0.000010
0.000010 0.761112 0.000010 0.238848 0.000010 0.000010
0.000010 0.000010 0.904854 0.095106 0.000010 0.000010
0.094490 0.000010 0.774634 0.130847 0.000010 0.000010
0.000010 0.000010 0.798893 0.000010 0.000010 0.201067
0.181115 0.000010 0.512686 0.306169 0.000010 0.000010
0.065884 0.000010 0.000010 0.000010 0.000010 0.934076
0.000010 0.000010 0.000010 0.000010 0.000010 0.999950
0.000010 0.000010 0.000010 0.183459 0.000010 0.816501
0.246858 0.000010 0.000010 0.104316 0.000010 0.648796
0.000010 0.000010 0.000010 0.125470 0.000010 0.874490
0.000010 0.000010 0.000010 0.189296 0.000010 0.810664
0.000010 0.000010 0.000010 0.000010 0.000010 0.999950
0.000010 0.000010 0.040358 0.099914 0.006334 0.853373
0.000010 0.000010 0.000010 0.000010 0.999950 0.000010
0.000010 0.000010 0.000010 0.054989 0.000010 0.944971
0.441127 0.000010 0.100748 0.000010 0.000010 0.458095
0.000010 0.000010 0.000010 0.213760 0.000010 0.786200
0.000010 0.000010 0.000010 0.000010 0.000010 0.999950
0.082495 0.000010 0.000010 0.060297 0.000010 0.857178
0.000010 0.000010 0.000010 0.099790 0.000010 0.900170
0.000010 0.000010 0.000010 0.093217 0.000010 0.906743
0.071906 0.000010 0.815011 0.029026 0.000010 0.084037
0.000010 0.000010 0.124327 0.246106 0.000010 0.629537
0.000010 0.000010 0.000010 0.000010 0.999950 0.000010
0.000010 0.000010 0.000010 0.088745 0.000010 0.911215
0.000010 0.000010 0.000010 0.025064 0.000010 0.974896
0.055175 0.000010 0.036335 0.066695 0.000010 0.841775
0.000010 0.000010 0.066426 0.000010 0.000010 0.933534
0.040097 0.000010 0.000010 0.000010 0.000010 0.959863
0.000010 0.000010 0.000010 0.000010 0.999950 0.000010
0.000010 0.000010 0.000010 0.085584 0.000010 0.914376
0.097649 0.000010 0.000010 0.051991 0.000010 0.850330
0.000010 0.000010 0.000010 0.000010 0.999950 0.000010
0.000010 0.000010 0.000010 0.199472 0.000010 0.800488
0.000010 0.000010 0.000010 0.000010 0.999950 0.000010
0.000010 0.000010 0.000010 0.000010 0.999950 0.000010
0.000010 0.000010 0.000010 0.000011 0.999949 0.000010
0.000010 0.000010 0.000010 0.000010 0.000010 0.999950
0.000010 0.000010 0.120172 0.000010 0.000010 0.879788
0.999950 0.000010 0.000010 0.000010 0.000010 0.000010
0.812965 0.000010 0.000010 0.186995 0.000010 0.000010
0.786853 0.000010 0.179533 0.012721 0.020873 0.000010
0.945971 0.000010 0.000010 0.046037 0.000010 0.007962
0.592196 0.000010 0.000010 0.126647 0.020121 0.261016
0.999950 0.000010 0.000010 0.000010 0.000010 0.000010
0.000010 0.000010 0.000010 0.000010 0.000010 0.999950
0.000010 0.000010 0.000010 0.000010 0.999950 0.000010
0.000010 0.000010 0.000010 0.000010 0.000010 0.999950
0.000010 0.000010 0.000010 0.215214 0.000010 0.784746
0.000010 0.000010 0.014443 0.000010 0.000010 0.985517
0.000010 0.000010 0.000010 0.000010 0.999950 0.000010
0.000010 0.000010 0.000010 0.000010 0.000010 0.999950
0.000010 0.000010 0.000010 0.000010 0.000010 0.999950
0.069170 0.000010 0.000010 0.122727 0.017039 0.791043
0.000010 0.000010 0.000010 0.000010 0.000010 0.999950
0.057563 0.000010 0.102209 0.070104 0.000010 0.770103
0.000010 0.000010 0.000010 0.000010 0.000010 0.999950
0.076838 0.000010 0.000010 0.000010 0.000010 0.923122
0.000010 0.000010 0.025803 0.139294 0.000010 0.834873
0.134873 0.000010 0.000051 0.086859 0.000010 0.778196
0.000010 0.000010 0.000010 0.000010 0.999950 0.000010
0.000010 0.000010 0.000010 0.999950 0.000010 0.000010
0.000010 0.000010 0.048048 0.000010 0.000010 0.951912
0.000010 0.000010 0.000010 0.000010 0.000010 0.999950
0.000010 0.000010 0.000010 0.547774 0.000010 0.452186
0.000010 0.000010 0.000010 0.000010 0.000010 0.999950
0.000010 0.000010 0.000010 0.075560 0.000010 0.924400
0.000010 0.000010 0.000010 0.000010 0.000010 0.999950
0.000010 0.000010 0.000010 0.008141 0.000010 0.991819
0.000010 0.000010 0.044085 0.085214 0.001747 0.868934
0.000010 0.000010 0.000010 0.000010 0.000010 0.999950
0.000010 0.000010 0.000010 0.000010 0.000010 0.999950
0.000010 0.000010 0.088657 0.146593 0.000010 0.764720
0.000010 0.000010 0.000010 0.847190 0.000010 0.152770
0.000010 0.000010 0.000010 0.054634 0.000010 0.945326
0.000010 0.000010 0.058616 0.007517 0.008432 0.925415
0.000010 0.000010 0.000010 0.169759 0.000010 0.830201
0.000010 0.000010 0.000010 0.504980 0.000010 0.494980
0.000010 0.000010 0.000010 0.202975 0.000010 0.796985
0.103488 0.000010 0.000010 0.094455 0.000010 0.802026
0.000010 0.000010 0.000010 0.071747 0.000010 0.928213
0.000010 0.000010 0.000010 0.000010 0.999950 0.000010
0.000010 0.000010 0.000010 0.000010 0.999950 0.000010
0.000010 0.000010 0.000010 0.157149 0.000010 0.842811
0.000010 0.000010 0.000010 0.000010 0.999950 0.000010
0.000010 0.000010 0.000015 0.040141 0.000010 0.959815
0.000010 0.000010 0.000010 0.000010 0.000010 0.999950
0.000010 0.000010 0.000010 0.000010 0.999950 0.000010
0.000010 0.000010 0.000010 0.000010 0.999950 0.000010
0.000010 0.000010 0.000011 0.099322 0.000010 0.900637
0.000010 0.000010 0.000010 0.000010 0.999950 0.000010
0.000010 0.000010 0.000010 0.000010 0.999950 0.000010
0.000010 0.000010 0.000010 0.000010 0.999950 0.000010
0.000010 0.000010 0.823543 0.176417 0.000010 0.000010
0.059211 0.000010 0.793356 0.000010 0.000010 0.147403
0.000010 0.000010 0.887583 0.112377 0.000010 0.000010
0.000010 0.000010 0.999950 0.000010 0.000010 0.000010
0.000010 0.000010 0.000010 0.000010 0.999950 0.000010
0.000010 0.000011 0.000010 0.004362 0.000010 0.995598
0.000010 0.000010 0.901178 0.062964 0.000010 0.035828
0.127814 0.000010 0.792329 0.063052 0.016785 0.000010
0.275037 0.000010 0.519270 0.148740 0.000010 0.056933
0.000013 0.000010 0.844384 0.000010 0.038399 0.117184
0.139171 0.000010 0.812317 0.040815 0.007678 0.000010
0.122226 0.000010 0.877734 0.000010 0.000010 0.000010
0.000010 0.000010 0.913252 0.086708 0.000010 0.000010
0.000010 0.000010 0.815431 0.184529 0.000010 0.000010
0.000010 0.000010 0.708434 0.278065 0.013470 0.000010
0.062086 0.000010 0.932832 0.000010 0.005051 0.000010
0.000010 0.000010 0.818565 0.160636 0.000010 0.020768
0.003642 0.000010 0.884017 0.105168 0.007154 0.000010
0.000010 0.000010 0.762667 0.237288 0.000015 0.000010
0.000010 0.000010 0.958579 0.041381 0.000010 0.000010
0.000010 0.000010 0.999950 0.000010 0.000010 0.000010
0.000013 0.000010 0.999947 0.000010 0.000010 0.000010
0.000010 0.000010 0.827950 0.172010 0.000010 0.000010
0.116882 0.000010 0.530367 0.077335 0.000010 0.275395
0.069145 0.000010 0.930815 0.000010 0.000010 0.000010
0.000010 0.000010 0.999950 0.000010 0.000010 0.000010
0.000010 0.000010 0.940155 0.000010 0.000010 0.059805
0.000010 0.000010 0.000010 0.000010 0.999950 0.000010
0.000010 0.000010 0.883215 0.000010 0.008976 0.107779
0.158907 0.000010 0.732734 0.090570 0.017769 0.000010
0.000010 0.000010 0.999950 0.000010 0.000010 0.000010
0.000014 0.000010 0.000010 0.000010 0.999946 0.000010
0.000010 0.000010 0.899425 0.100535 0.000010 0.000010
0.000010 0.000010 0.000010 0.000010 0.999950 0.000010
0.000010 0.000010 0.924950 0.075010 0.000010 0.000010
0.000010 0.000010 0.980257 0.000010 0.000010 0.019703
0.115915 0.000010 0.884045 0.000010 0.000010 0.000010
0.000010 0.000010 0.908886 0.000010 0.000010 0.091074
0.018874 0.000013 0.864019 0.079161 0.000010 0.037922
0.135563 0.000010 0.764285 0.000010 0.000010 0.100122
0.163413 0.000010 0.836547 0.000010 0.000010 0.000010
0.121059 0.000010 0.711113 0.134707 0.033101 0.000010
0.052960 0.000010 0.915252 0.000010 0.000010 0.031758
0.109559 0.000010 0.575301 0.219062 0.000010 0.096058
0.032879 0.000010 0.737629 0.229463 0.000010 0.000010
0.163532 0.000010 0.732509 0.097792 0.006147 0.000010
0.089709 0.000010 0.790934 0.119327 0.000010 0.000010
0.000010 0.000010 0.000010 0.000010 0.000010 0.999950
0.048531 0.000010 0.000010 0.000010 0.012557 0.938882
0.000010 0.000010 0.000010 0.000010 0.000010 0.999950
0.000010 0.000010 0.000010 0.304991 0.000010 0.694969
0.000010 0.000010 0.000010 0.250558 0.000010 0.749402
0.000010 0.000010 0.000010 0.094378 0.000010 0.905582
0.000010 0.000010 0.006210 0.232419 0.000010 0.761341
0.052686 0.000010 0.000010 0.056439 0.000010 0.890845
0.000010 0.000010 0.000010 0.000010 0.000010 0.999950
0.000010 0.000010 0.000010 0.100857 0.007922 0.891190
0.000010 0.000010 0.000010 0.000010 0.000010 0.999950
0.061832 0.000010 0.000010 0.000010 0.000010 0.938128
0.000010 0.000010 0.000010 0.000010 0.999950 0.000010
0.000010 0.000014 0.000010 0.231848 0.000010 0.768108
0.000010 0.000010 0.056179 0.068961 0.000010 0.874830
0.000010 0.000010 0.000010 0.000010 0.000010 0.999950
0.000010 0.000010 0.000010 0.000010 0.000010 0.999950
0.099620 0.000010 0.000010 0.000017 0.000010 0.900333
0.000010 0.000010 0.000010 0.085661 0.000010 0.914299
0.000010 0.000010 0.000010 0.050751 0.000010 0.949209
0.000010 0.000010 0.179487 0.000010 0.000010 0.820473
0.000010 0.000010 0.096722 0.000010 0.000010 0.903238
0.000010 0.000010 0.059578 0.000010 0.000010 0.940382
0.000010 0.000010 0.023633 0.000010 0.000010 0.976327
0.000010 0.000010 0.000010 0.000010 0.000010 0.999950
0.067119 0.000010 0.000010 0.000010 0.000010 0.932841
0.000010 0.000010 0.000010 0.000010 0.017377 0.982583
0.000010 0.000010 0.125068 0.033629 0.000010 0.841272
0.000010 0.000010 0.000010 0.087719 0.000010 0.912241
0.082763 0.000010 0.000010 0.091404 0.000010 0.825803
0.000010 0.000010 0.180930 0.000010 0.000010 0.819030
0.039401 0.000010 0.178519 0.147387 0.000010 0.634674
0.000010 0.000010 0.000010 0.048817 0.000010 0.951143
0.000010 0.000010 0.999950 0.000010 0.000010 0.000010
0.074824 0.000010 0.000010 0.040992 0.000010 0.884154
0.114977 0.000010 0.000010 0.118679 0.000010 0.766314
0.036454 0.000010 0.000010 0.000010 0.000010 0.963506
0.000010 0.000010 0.000010 0.000010 0.000010 0.999950
0.000010 0.000010 0.000010 0.026072 0.000010 0.973888
0.000010 0.000010 0.130313 0.122101 0.000010 0.747556
0.000010 0.000010 0.000010 0.051029 0.000010 0.948931
0.126048 0.000010 0.030226 0.177970 0.000010 0.665736
0.000010 0.000010 0.000010 0.000010 0.000010 0.999950
0.000010 0.000010 0.000010 0.000010 0.000010 0.999950
0.136488 0.000010 0.000010 0.079673 0.000010 0.783809
0.010094 0.000010 0.000010 0.086752 0.000010 0.903124
0.000010 0.000010 0.059881 0.187344 0.000010 0.752745
0.000010 0.000010 0.000010 0.042008 0.000010 0.957952
0.000010 0.000010 0.000010 0.073528 0.000010 0.926432
0.000010 0.000010 0.000010 0.000010 0.000010 0.999950
0.000010 0.000010 0.000010 0.139622 0.000010 0.860338
0.148519 0.000010 0.000010 0.135527 0.000010 0.715924
0.000010 0.000010 0.000010 0.000010 0.000010 0.999950
0.000010 0.000010 0.145419 0.000010 0.024826 0.829726
0.000010 0.000010 0.000010 0.000010 0.017589 0.982371
0.000010 0.000010 0.021893 0.049502 0.000010 0.928576
0.000010 0.000010 0.000010 0.142609 0.000010 0.857351
0.000010 0.000010 0.000010 0.000010 0.000010 0.999950
0.000010 0.000010 0.002140 0.175519 0.000010 0.822311
0.000010 0.000010 0.000010 0.201256 0.000010 0.798704
0.000010 0.068894 0.000010 0.000010 0.000010 0.931066
0.000010 0.000010 0.000010 0.209290 0.000010 0.790670
0.000010 0.000010 0.000010 0.126112 0.000010 0.873848
0.023313 0.000010 0.105333 0.000010 0.000010 0.871324
0.000010 0.000010 0.076641 0.027069 0.000010 0.896259
0.000010 0.000010 0.000010 0.017411 0.000010 0.982549
0.000010 0.000010 0.000010 0.000010 0.999950 0.000010
0.000010 0.000010 0.000010 0.000010 0.000010 0.999950
0.000010 0.000010 0.000010 0.000010 0.000010 0.999950
0.000010 0.000010 0.000010 0.000010 0.003557 0.996403
0.000010 0.000010 0.000010 0.062674 0.008511 0.928785
0.000010 0.000010 0.014572 0.211594 0.000010 0.773804
0.000010 0.000010 0.000010 0.000010 0.000010 0.999950
0.056694 0.000010 0.000010 0.124555 0.018234 0.800496
0.000010 0.000010 0.000010 0.294889 0.000010 0.705071
0.000010 0.000010 0.000010 0.337578 0.000010 0.662382
0.000010 0.000010 0.056633 0.075348 0.000010 0.867989
0.000010 0.000010 0.000010 0.191770 0.000010 0.808190
0.000010 0.000010 0.069544 0.158365 0.000010 0.772061
0.056661 0.000010 0.000010 0.000010 0.000010 0.943299
0.000010 0.000010 0.002639 0.094404 0.000010 0.902927
0.000010 0.000010 0.000010 0.032587 0.000010 0.967373
0.999950 0.000010 0.000010 0.000010 0.000010 0.000010
0.949911 0.000010 0.036398 0.000010 0.000010 0.013661
0.864680 0.000010 0.099009 0.030168 0.006123 0.000010
0.660366 0.000010 0.164088 0.148706 0.000010 0.026820
0.886392 0.000010 0.000010 0.113568 0.000010 0.000010
0.999950 0.000010 0.000010 0.000010 0.000010 0.000010
0.999950 0.000010 0.000010 0.000010 0.000010 0.000010
0.881721 0.000010 0.000010 0.000010 0.000010 0.118239
0.723975 0.000010 0.000010 0.275985 0.000010 0.000010
0.992286 0.000010 0.000010 0.000010 0.000010 0.007674
0.807932 0.000010 0.098404 0.093634 0.000010 0.000010
0.942091 0.000010 0.007848 0.050030 0.000010 0.000010
0.716617 0.000010 0.199337 0.000011 0.000010 0.084015
0.987649 0.000010 0.000010 0.000010 0.012311 0.000010
0.869869 0.000010 0.000010 0.130091 0.000010 0.000010
0.000010 0.000010 0.000010 0.000010 0.999950 0.000010
0.999950 0.000010 0.000010 0.000010 0.000010 0.000010
0.867901 0.000010 0.000010 0.000010 0.000010 0.132059
0.738199 0.000010 0.028938 0.128055 0.000010 0.104788
0.980562 0.000010 0.000015 0.000010 0.019392 0.000010
0.509151 0.000010 0.405592 0.000010 0.000010 0.085226
0.999950 0.000010 0.000010 0.000010 0.000010 0.000010
0.678014 0.000010 0.000010 0.321946 0.000010 0.000010
0.994558 0.000010 0.000010 0.000010 0.000010 0.005402
0.999950 0.000010 0.000010 0.000010 0.000010 0.000010
0.751203 0.000010 0.000010 0.248757 0.000010 0.000010
0.722039 0.000010 0.000010 0.277921 0.000010 0.000010
0.939327 0.000010 0.000014 0.060629 0.000010 0.000010
0.857437 0.000010 0.000010 0.142523 0.000010 0.000010
0.999950 0.000010 0.000010 0.000010 0.000010 0.000010
0.999950 0.000010 0.000010 0.000010 0.000010 0.000010
0.999950 0.000010 0.000010 0.000010 0.000010 0.000010
0.999950 0.000010 0.000010 0.000010 0.000010 0.000010
0.999950 0.000010 0.000010 0.000010 0.000010 0.000010
0.913943 0.000010 0.000010 0.086017 0.000010 0.000010
0.000010 0.000010 0.000010 0.000010 0.999950 0.000010
0.999950 0.000010 0.000010 0.000010 0.000010 0.000010
0.999950 0.000010 0.000010 0.000010 0.000010 0.000010
0.000012 0.000010 0.000011 0.000010 0.999946 0.000010
0.928326 0.000010 0.000010 0.071634 0.000010 0.000010
0.905882 0.000010 0.000010 0.000010 0.000010 0.094078
0.943467 0.000010 0.000010 0.000010 0.000010 0.056493
0.956687 0.000010 0.000010 0.043273 0.000010 0.000010
0.999950 0.000010 0.000010 0.000010 0.000010 0.000010
0.877121 0.000010 0.122839 0.000010 0.000010 0.000010
0.986327 0.000010 0.000010 0.000010 0.013633 0.000010
0.000010 0.000010 0.000010 0.000010 0.999950 0.000010
0.999950 0.000010 0.000010 0.000010 0.000010 0.000010
0.976723 0.000010 0.023237 0.000010 0.000010 0.000010
0.999950 0.000010 0.000010 0.000010 0.000010 0.000010
0.924339 0.000010 0.000010 0.075621 0.000010 0.000010
0.999950 0.000010 0.000010 0.000010 0.000010 0.000010
0.000010 0.000010 0.139795 0.000010 0.000010 0.860165
