0.000010 0.206136 0.202498 0.201271 0.230482 0.153684 0.005889 0.000010 0.000010 0.000010
0.000010 0.000010 0.588640 0.344859 0.000010 0.000010 0.000010 0.000010 0.000010 0.066431
0.000010 0.000010 0.000010 0.916127 0.000010 0.000010 0.000010 0.083793 0.000010 0.000010
0.000010 0.000010 0.000010 0.999910 0.000010 0.000010 0.000010 0.000010 0.000010 0.000010
0.000010 0.040335 0.451543 0.236725 0.000010 0.000010 0.000010 0.120613 0.000010 0.150735
0.000010 0.000010 0.000010 0.807959 0.000010 0.000010 0.000010 0.191961 0.000010 0.000010
0.000010 0.000010 0.000010 0.979658 0.000010 0.000010 0.000010 0.000010 0.000010 0.020262
0.000010 0.000010 0.999910 0.000010 0.000010 0.000010 0.000010 0.000010 0.000010 0.000010
0.000010 0.000010 0.000010 0.894130 0.000010 0.000010 0.000010 0.000010 0.000010 0.105790
0.000010 0.000010 0.000010 0.000010 0.000010 0.000010 0.000010 0.000010 0.999910 0.000010
0.000010 0.000010 0.000010 0.000010 0.000010 0.000010 0.000010 0.000010 0.999910 0.000010
0.000010 0.000010 0.385023 0.363275 0.185598 0.066043 0.000010 0.000010 0.000010 0.000010
0.000010 0.000010 0.443529 0.464086 0.092315 0.000010 0.000010 0.000010 0.000010 0.000010
0.000010 0.190364 0.229667 0.403248 0.000010 0.000010 0.000010 0.000010 0.000010 0.176661
0.000010 0.000010 0.000010 0.999910 0.000010 0.000010 0.000010 0.000010 0.000010 0.000010
0.000010 0.000010 0.498366 0.160235 0.099256 0.000010 0.000010 0.192972 0.000010 0.049121
0.000010 0.000010 0.000010 0.999910 0.000010 0.000010 0.000010 0.000010 0.000010 0.000010
0.000010 0.000010 0.000012 0.795564 0.133776 0.070587 0.000010 0.000010 0.000010 0.000010
0.000010 0.000010 0.377422 0.334919 0.095220 0.048796 0.000010 0.000010 0.000010 0.143593
0.000010 0.000010 0.999910 0.000010 0.000010 0.000010 0.000010 0.000010 0.000010 0.000010
0.000010 0.193860 0.000010 0.806060 0.000010 0.000010 0.000010 0.000010 0.000010 0.000010
0.000010 0.000010 0.284472 0.715448 0.000010 0.000010 0.000010 0.000010 0.000010 0.000010
0.000010 0.132085 0.687462 0.113126 0.000010 0.000010 0.000010 0.000010 0.000010 0.067267
0.000010 0.000010 0.299512 0.527854 0.000010 0.000010 0.000010 0.000010 0.036518 0.136056
0.000010 0.000010 0.285031 0.714889 0.000010 0.000010 0.000010 0.000010 0.000010 0.000010
0.000010 0.000010 0.531969 0.430245 0.000010 0.000010 0.009887 0.027838 0.000010 0.000010
0.000010 0.000010 0.264940 0.603291 0.000010 0.000010 0.000010 0.000010 0.000010 0.131699
0.000010 0.054889 0.008389 0.000010 0.050896 0.134394 0.000010 0.184118 0.000010 0.567273
0.000010 0.759997 0.158642 0.000010 0.000010 0.000010 0.000010 0.000010 0.000010 0.081291
0.000010 0.503564 0.464351 0.000010 0.000010 0.032015 0.000010 0.000010 0.000010 0.000010
0.000010 0.000010 0.000010 0.000010 0.000010 0.000010 0.000010 0.000010 0.999910 0.000010
0.000010 0.942691 0.000010 0.000010 0.000010 0.000010 0.000010 0.000010 0.000010 0.057229
0.000010 0.999910 0.000010 0.000010 0.000010 0.000010 0.000010 0.000010 0.000010 0.000010
0.000010 0.000010 0.318819 0.000010 0.000010 0.000010 0.000010 0.000010 0.681101 0.000010
0.000010 0.000010 0.000010 0.000010 0.000010 0.000010 0.000010 0.000010 0.999910 0.000010
0.000010 0.000010 0.000010 0.000010 0.000010 0.000010 0.000010 0.000010 0.999910 0.000010
0.000010 0.549772 0.164660 0.250750 0.000010 0.000010 0.000010 0.000010 0.000010 0.034758
0.000010 0.000010 0.000010 0.000010 0.000010 0.000010 0.000010 0.000010 0.999910 0.000010
0.000018 0.421179 0.155217 0.263120 0.000010 0.000010 0.000010 0.160417 0.000010 0.000010
0.000010 0.581917 0.334720 0.000010 0.000010 0.000012 0.000010 0.073961 0.000010 0.009341
0.000010 0.689018 0.000010 0.197620 0.000010 0.113292 0.000010 0.000010 0.000010 0.000010
0.000010 0.993869 0.000010 0.000010 0.000010 0.000010 0.000010 0.006051 0.000010 0.000010
0.000010 0.686511 0.202899 0.000010 0.000010 0.000010 0.000010 0.110520 0.000010 0.000010
0.000010 0.861125 0.138795 0.000010 0.000010 0.000010 0.000010 0.000010 0.000010 0.000010
0.999910 0.000010 0.000010 0.000010 0.000010 0.000010 0.000010 0.000010 0.000010 0.000010
0.007490 0.850529 0.000010 0.055519 0.000010 0.005055 0.000010 0.081357 0.000010 0.000010
0.007392 0.387853 0.000010 0.284547 0.168696 0.000010 0.000010 0.151461 0.000010 0.000010
0.000010 0.447586 0.000010 0.303076 0.193538 0.055740 0.000010 0.000010 0.000010 0.000010
0.005454 0.410374 0.098955 0.000010 0.098408 0.000010 0.000010 0.000010 0.243658 0.143111
0.999910 0.000010 0.000010 0.000010 0.000010 0.000010 0.000010 0.000010 0.000010 0.000010
0.000010 0.565608 0.339929 0.000010 0.000010 0.000010 0.000010 0.094393 0.000010 0.000010
0.000010 0.820580 0.000010 0.000010 0.063090 0.000010 0.000010 0.116260 0.000010 0.000010
0.999910 0.000010 0.000010 0.000010 0.000010 0.000010 0.000010 0.000010 0.000010 0.000010
0.000010 0.595647 0.000010 0.116552 0.000010 0.000010 0.000010 0.048751 0.069915 0.169086
0.999910 0.000010 0.000010 0.000010 0.000010 0.000010 0.000010 0.000010 0.000010 0.000010
0.999910 0.000010 0.000010 0.000010 0.000010 0.000010 0.000010 0.000010 0.000010 0.000010
0.000010 0.485280 0.000010 0.374589 0.000010 0.140062 0.000010 0.000010 0.000010 0.000010
0.999910 0.000010 0.000010 0.000010 0.000010 0.000010 0.000010 0.000010 0.000010 0.000010
0.000010 0.999910 0.000010 0.000010 0.000010 0.000010 0.000010 0.000010 0.000010 0.000010
0.999910 0.000010 0.000010 0.000010 0.000010 0.000010 0.000010 0.000010 0.000010 0.000010
0.000010 0.999910 0.000010 0.000010 0.000010 0.000010 0.000010 0.000010 0.000010 0.000010
0.000010 0.999910 0.000010 0.000010 0.000010 0.000010 0.000010 0.000010 0.000010 0.000010
0.000010 0.602809 0.281887 0.000010 0.000010 0.000010 0.000010 0.000010 0.000010 0.115233
0.000010 0.232815 0.209637 0.312453 0.000010 0.000010 0.000010 0.000010 0.000010 0.245035
0.000010 0.999910 0.000010 0.000010 0.000010 0.000010 0.000010 0.000010 0.000010 0.000010
0.000010 0.000010 0.000010 0.000010 0.000010 0.853103 0.000010 0.146817 0.000010 0.000010
0.000010 0.000010 0.000010 0.037746 0.000010 0.000010 0.000010 0.635210 0.000010 0.326974
0.000010 0.000010 0.000010 0.000010 0.000010 0.099626 0.000010 0.449113 0.000010 0.451191
0.000010 0.000010 0.000010 0.000010 0.260891 0.638753 0.000010 0.100287 0.000010 0.000010
0.000010 0.000010 0.000010 0.000010 0.000010 0.844387 0.000010 0.000010 0.000010 0.155533
0.000010 0.000010 0.157778 0.000010 0.000010 0.493158 0.000010 0.000010 0.000010 0.348994
0.000010 0.000010 0.000010 0.000010 0.000010 0.537687 0.000010 0.110515 0.000010 0.351728
0.005374 0.000010 0.000010 0.061053 0.000010 0.339582 0.000010 0.593931 0.000010 0.000010
0.160071 0.000010 0.000010 0.000010 0.000010 0.000010 0.839849 0.000010 0.000010 0.000010
0.000010 0.031258 0.000010 0.000010 0.000010 0.034509 0.000010 0.443635 0.000010 0.490538
0.000010 0.000010 0.000010 0.169841 0.359991 0.462464 0.000010 0.000010 0.000010 0.007644
0.000010 0.000010 0.130120 0.000010 0.000010 0.525442 0.000010 0.159843 0.000010 0.184535
0.000010 0.000010 0.000010 0.000010 0.000010 0.000010 0.000010 0.999910 0.000010 0.000010
0.000011 0.000010 0.000010 0.000010 0.077061 0.633414 0.000010 0.000010 0.000010 0.289454
0.000010 0.000010 0.000010 0.000010 0.000010 0.756889 0.000010 0.000010 0.000010 0.243031
0.000010 0.000010 0.000010 0.000010 0.000010 0.279616 0.000010 0.647901 0.000010 0.072413
0.000010 0.000010 0.589408 0.277833 0.000010 0.000010 0.000010 0.000010 0.000010 0.132689
0.000010 0.000010 0.149372 0.143156 0.000010 0.023443 0.000010 0.139728 0.000010 0.544251
0.000010 0.000010 0.000010 0.000010 0.000010 0.000010 0.999910 0.000010 0.000010 0.000010
0.000010 0.034251 0.000010 0.000010 0.000010 0.338512 0.000010 0.000010 0.000010 0.627167
0.000010 0.000010 0.000010 0.000010 0.000010 0.409117 0.000010 0.000010 0.000010 0.590803
0.000010 0.000010 0.145938 0.000010 0.000010 0.306715 0.000010 0.000010 0.000010 0.547277
0.000010 0.000010 0.000010 0.085529 0.000010 0.373985 0.000010 0.353628 0.000010 0.186797
0.000010 0.000010 0.000010 0.000010 0.000010 0.000010 0.000010 0.708399 0.000010 0.291521
0.000010 0.000010 0.000010 0.000010 0.000010 0.000010 0.999910 0.000010 0.000010 0.000010
0.000010 0.000010 0.000010 0.000010 0.000010 0.363345 0.000010 0.000010 0.000010 0.636575
0.000010 0.073701 0.000010 0.000010 0.000010 0.926219 0.000010 0.000010 0.000010 0.000010
0.000010 0.000010 0.000010 0.000010 0.000010 0.000010 0.999910 0.000010 0.000010 0.000010
0.000010 0.000010 0.000010 0.000010 0.000010 0.999910 0.000010 0.000010 0.000010 0.000010
0.000010 0.000010 0.000010 0.000010 0.000010 0.000010 0.999910 0.000010 0.000010 0.000010
0.000010 0.000010 0.000010 0.000010 0.000010 0.000010 0.999910 0.000010 0.000010 0.000010
0.205570 0.000010 0.000010 0.000010 0.000010 0.000010 0.794350 0.000010 0.000010 0.000010
0.006387 0.000010 0.000010 0.000010 0.000010 0.508182 0.000010 0.000010 0.000010 0.485361
0.000010 0.000010 0.069888 0.000010 0.000010 0.000010 0.000010 0.577920 0.000010 0.352122
0.000010 0.000010 0.000010 0.000010 0.898474 0.101446 0.000010 0.000010 0.000010 0.000010
0.000010 0.005316 0.016132 0.000010 0.765995 0.000010 0.000010 0.000010 0.000010 0.212497
0.000010 0.000010 0.013386 0.191576 0.722753 0.000010 0.016370 0.000010 0.000010 0.055865
0.000010 0.078104 0.000010 0.000010 0.802899 0.000010 0.000010 0.000010 0.000010 0.118927
0.021991 0.000010 0.000010 0.000010 0.620277 0.130336 0.000010 0.066823 0.000010 0.160523
0.000010 0.000010 0.132915 0.000010 0.867005 0.000010 0.000010 0.000010 0.000010 0.000010
0.000010 0.000010 0.000010 0.000010 0.000010 0.305612 0.000010 0.508860 0.000010 0.185459
0.085362 0.000010 0.000010 0.000010 0.000010 0.000010 0.914558 0.000010 0.000010 0.000010
0.000010 0.000010 0.000010 0.000010 0.000010 0.187522 0.000010 0.523002 0.000010 0.289406
0.000010 0.000010 0.000010 0.000010 0.000010 0.708137 0.000010 0.074044 0.000010 0.217749
0.000010 0.000010 0.042444 0.000010 0.000010 0.000010 0.000010 0.153865 0.000010 0.803620
0.000010 0.000010 0.000010 0.000010 0.000010 0.000010 0.999910 0.000010 0.000010 0.000010
0.000010 0.000010 0.000010 0.000010 0.000010 0.126141 0.000010 0.524694 0.000010 0.349094
0.000010 0.000010 0.000010 0.000010 0.000010 0.396502 0.000010 0.000010 0.000010 0.603418
0.000010 0.027388 0.000010 0.000010 0.087856 0.332349 0.014963 0.000010 0.000010 0.537394
0.000010 0.000010 0.000010 0.000010 0.000010 0.471639 0.000010 0.000010 0.000010 0.528281
0.000010 0.000010 0.199579 0.000010 0.000010 0.476666 0.000010 0.000010 0.000010 0.323685
0.000010 0.000010 0.000010 0.000010 0.000010 0.569217 0.000010 0.332264 0.000010 0.098449
0.000010 0.000010 0.000010 0.000010 0.036928 0.192073 0.000010 0.416924 0.000010 0.354015
0.000010 0.077341 0.000010 0.000010 0.000010 0.445686 0.000010 0.274846 0.000010 0.202067
0.000010 0.000010 0.000010 0.078778 0.107524 0.076688 0.000010 0.462888 0.000010 0.274073
0.000010 0.000010 0.000010 0.000010 0.000010 0.000010 0.999910 0.000010 0.000010 0.000010
0.000010 0.000010 0.000010 0.000010 0.000010 0.999910 0.000010 0.000010 0.000010 0.000010
0.000010 0.000010 0.000010 0.000010 0.000010 0.000010 0.000010 0.558268 0.000010 0.441652
0.000010 0.000010 0.000010 0.000010 0.000010 0.159928 0.000010 0.476758 0.000010 0.363244
0.000010 0.000010 0.000010 0.000010 0.000010 0.999910 0.000010 0.000010 0.000010 0.000010
0.000010 0.000010 0.000010 0.000010 0.000010 0.000010 0.000010 0.000010 0.000010 0.999910
0.001217 0.000010 0.000010 0.000010 0.000010 0.440061 0.000010 0.307393 0.000010 0.251269
0.000010 0.000010 0.000010 0.000010 0.000010 0.000010 0.000010 0.000010 0.000010 0.999910
0.000010 0.000010 0.000010 0.000010 0.000010 0.188199 0.000010 0.343334 0.000010 0.468397
0.000010 0.076636 0.023824 0.000010 0.000010 0.659399 0.000010 0.235764 0.000010 0.004327
0.000010 0.000010 0.000010 0.000010 0.000010 0.000010 0.000010 0.000010 0.000010 0.999910
0.000010 0.000010 0.000010 0.000010 0.000010 0.393433 0.000010 0.000010 0.000010 0.606487
0.000010 0.000010 0.000010 0.144538 0.000010 0.308101 0.000010 0.097169 0.000010 0.450132
0.000010 0.000010 0.000010 0.000010 0.000010 0.999910 0.000010 0.000010 0.000010 0.000010
0.000010 0.000010 0.000010 0.000010 0.000010 0.000010 0.000010 0.401300 0.000010 0.598620
0.010043 0.000010 0.177242 0.000010 0.000010 0.000010 0.000010 0.570517 0.000010 0.242138
0.000010 0.000010 0.000010 0.000010 0.000010 0.311736 0.000010 0.317965 0.000010 0.370229
0.000010 0.000010 0.000010 0.000010 0.000010 0.999910 0.000010 0.000010 0.000010 0.000010
0.000010 0.127903 0.000010 0.000010 0.000010 0.740012 0.000010 0.132015 0.000010 0.000010
0.000010 0.000010 0.000010 0.045307 0.000010 0.436022 0.000010 0.110501 0.000010 0.408110
0.000010 0.000010 0.000010 0.000010 0.007481 0.242412 0.000010 0.606503 0.000010 0.143544
0.000010 0.000010 0.000010 0.000010 0.000010 0.000010 0.999910 0.000010 0.000010 0.000010
0.000010 0.000010 0.000010 0.000010 0.000010 0.000010 0.999910 0.000010 0.000010 0.000010
0.000010 0.056285 0.000010 0.005271 0.000010 0.130766 0.000010 0.240876 0.000010 0.566752
0.000010 0.000010 0.000010 0.000010 0.000010 0.000010 0.999910 0.000010 0.000010 0.000010
0.000010 0.000010 0.081126 0.000010 0.000010 0.100706 0.000010 0.136556 0.000010 0.681552
0.000010 0.000010 0.000010 0.000010 0.000010 0.097780 0.000010 0.411147 0.000010 0.491003
0.000010 0.000010 0.000010 0.000010 0.000010 0.000010 0.999910 0.000010 0.000010 0.000010
0.000010 0.000010 0.000010 0.000010 0.000010 0.000010 0.999910 0.000010 0.000010 0.000010
0.000010 0.000010 0.000010 0.000010 0.000010 0.000010 0.000010 0.522228 0.000010 0.477692
0.000010 0.000010 0.000010 0.000010 0.000010 0.000010 0.999910 0.000010 0.000010 0.000010
0.000010 0.000010 0.000010 0.000010 0.000010 0.000010 0.999910 0.000010 0.000010 0.000010
0.096687 0.000010 0.000010 0.000010 0.000010 0.000010 0.903223 0.000019 0.000010 0.000010
0.000010 0.000010 0.571067 0.287236 0.000010 0.141627 0.000010 0.000010 0.000010 0.000010
0.000010 0.000010 0.727961 0.118692 0.000010 0.000010 0.000010 0.118019 0.000010 0.035268
0.000010 0.000010 0.999910 0.000010 0.000010 0.000010 0.000010 0.000010 0.000010 0.000010
0.000010 0.000010 0.068948 0.930972 0.000010 0.000010 0.000010 0.000010 0.000010 0.000010
0.734897 0.000010 0.000010 0.000010 0.000018 0.000010 0.265011 0.000015 0.000010 0.000010
0.000010 0.000010 0.000010 0.000010 0.000010 0.000010 0.000010 0.413128 0.000010 0.586792
0.000010 0.076982 0.543071 0.295600 0.000010 0.000010 0.000010 0.084287 0.000010 0.000010
0.018838 0.000010 0.000010 0.838105 0.142986 0.000010 0.000010 0.000010 0.000010 0.000010
0.000010 0.169985 0.550777 0.000010 0.065045 0.214133 0.000010 0.000010 0.000010 0.000010
0.040543 0.000010 0.221610 0.580294 0.000010 0.000010 0.000010 0.014796 0.000010 0.142708
0.000010 0.085880 0.000010 0.684270 0.137589 0.000010 0.000010 0.000010 0.000010 0.092201
0.000010 0.000010 0.999910 0.000010 0.000010 0.000010 0.000010 0.000010 0.000010 0.000010
0.000010 0.000010 0.000010 0.951717 0.000010 0.048203 0.000010 0.000010 0.000010 0.000010
0.000010 0.208855 0.259442 0.479221 0.000010 0.008562 0.000010 0.000010 0.043871 0.000010
0.000010 0.000010 0.000010 0.901392 0.012672 0.080667 0.005208 0.000010 0.000010 0.000010
0.021411 0.000010 0.028309 0.893942 0.000010 0.056278 0.000010 0.000010 0.000010 0.000010
0.000010 0.136667 0.086421 0.563238 0.021361 0.088476 0.000010 0.103796 0.000010 0.000010
0.007924 0.000010 0.460293 0.491647 0.000010 0.000010 0.000010 0.040076 0.000010 0.000010
0.000010 0.000010 0.468842 0.410632 0.000010 0.118442 0.002024 0.000010 0.000010 0.000010
0.000010 0.000010 0.000010 0.956214 0.000010 0.000010 0.000010 0.000010 0.000010 0.043706
0.000010 0.000010 0.999910 0.000010 0.000010 0.000010 0.000010 0.000010 0.000010 0.000010
0.000010 0.000010 0.396640 0.603280 0.000010 0.000010 0.000010 0.000010 0.000010 0.000010
0.000010 0.000010 0.469477 0.396921 0.000010 0.000010 0.000010 0.133532 0.000010 0.000010
0.000010 0.000010 0.000010 0.538243 0.115020 0.230861 0.000010 0.023941 0.000010 0.091885
0.000010 0.000010 0.000010 0.999910 0.000010 0.000010 0.000010 0.000010 0.000010 0.000010
0.000010 0.000010 0.278061 0.721859 0.000010 0.000010 0.000010 0.000010 0.000010 0.000010
0.012945 0.015775 0.138825 0.703901 0.000010 0.000010 0.000010 0.000010 0.000010 0.128504
0.999906 0.000010 0.000010 0.000010 0.000010 0.000010 0.000010 0.000014 0.000010 0.000010
0.000010 0.000011 0.405231 0.396099 0.000010 0.000010 0.016293 0.182316 0.000010 0.000010
0.022658 0.000010 0.348516 0.426874 0.143295 0.058608 0.000010 0.000010 0.000010 0.000010
0.000010 0.000010 0.000010 0.999910 0.000010 0.000010 0.000010 0.000010 0.000010 0.000010
0.999910 0.000010 0.000010 0.000010 0.000010 0.000010 0.000010 0.000010 0.000010 0.000010
0.000010 0.000010 0.999910 0.000010 0.000010 0.000010 0.000010 0.000010 0.000010 0.000010
0.999910 0.000010 0.000010 0.000010 0.000010 0.000010 0.000010 0.000010 0.000010 0.000010
0.000010 0.064835 0.034613 0.852763 0.000010 0.000010 0.000010 0.000010 0.000010 0.047729
0.000010 0.000010 0.260496 0.656772 0.000010 0.082662 0.000010 0.000010 0.000010 0.000010
0.000010 0.179784 0.467199 0.352947 0.000010 0.000010 0.000010 0.000010 0.000010 0.000010
0.000010 0.146877 0.209286 0.461799 0.000010 0.000010 0.000010 0.087906 0.000010 0.094082
0.000010 0.000010 0.374011 0.481838 0.000010 0.144081 0.000010 0.000010 0.000010 0.000010
0.000010 0.000010 0.000010 0.714231 0.000010 0.285689 0.000010 0.000010 0.000010 0.000010
0.000010 0.000010 0.079024 0.779033 0.118291 0.000010 0.000010 0.000010 0.000010 0.023592
0.023114 0.271262 0.000010 0.592449 0.000010 0.046733 0.000010 0.066393 0.000010 0.000010
0.000010 0.000010 0.000010 0.908686 0.000010 0.000010 0.000010 0.033781 0.000010 0.057464
0.000010 0.348591 0.271801 0.153513 0.000010 0.000010 0.000010 0.098257 0.000010 0.127787
0.000010 0.000010 0.759153 0.086187 0.154590 0.000010 0.000010 0.000010 0.000010 0.000010
0.000010 0.000010 0.064750 0.668621 0.198892 0.067677 0.000010 0.000010 0.000010 0.000010
0.000010 0.000010 0.550068 0.414598 0.011305 0.000010 0.000010 0.000010 0.000010 0.023969
0.000010 0.000010 0.000010 0.000010 0.000010 0.843507 0.000010 0.000010 0.000010 0.156413
0.000010 0.000010 0.000010 0.000010 0.036794 0.197123 0.008440 0.059515 0.000010 0.698078
0.000010 0.000010 0.000010 0.000010 0.000010 0.651848 0.000010 0.000010 0.000010 0.348072
0.000010 0.000010 0.000010 0.000010 0.127581 0.000010 0.000010 0.000010 0.000010 0.872339
0.000010 0.000010 0.089868 0.000010 0.000010 0.000010 0.000010 0.526835 0.000010 0.383227
0.000010 0.000010 0.000010 0.000010 0.000010 0.000010 0.000010 0.170438 0.000010 0.829482
0.000010 0.180427 0.000010 0.000010 0.000010 0.219541 0.000010 0.532798 0.000010 0.067174
0.000010 0.059535 0.000010 0.000010 0.000010 0.044117 0.000010 0.536334 0.000010 0.359954
0.000010 0.000010 0.000010 0.000010 0.000010 0.462451 0.000010 0.508613 0.000010 0.028866
0.009937 0.013629 0.015431 0.000010 0.000010 0.263180 0.000010 0.069135 0.000010 0.628647
0.000010 0.000010 0.000010 0.000010 0.000010 0.208660 0.000010 0.499841 0.000010 0.291429
0.000010 0.000010 0.000010 0.000010 0.056087 0.235113 0.000010 0.263464 0.000010 0.445277
0.999910 0.000010 0.000010 0.000010 0.000010 0.000010 0.000010 0.000010 0.000010 0.000010
0.000010 0.000010 0.000010 0.000010 0.000010 0.026843 0.000010 0.409111 0.087477 0.476509
0.000010 0.000010 0.000010 0.053886 0.000010 0.289446 0.000010 0.301295 0.000010 0.355313
0.000010 0.000010 0.059841 0.000010 0.000010 0.240634 0.000010 0.630999 0.000010 0.068466
0.000010 0.000010 0.159099 0.000010 0.000010 0.000010 0.000010 0.490238 0.000010 0.350592
0.000010 0.000010 0.000010 0.000010 0.022794 0.456129 0.000010 0.292772 0.000010 0.228245
0.000010 0.084388 0.000010 0.000010 0.000010 0.272010 0.000010 0.223344 0.000010 0.420198
0.000010 0.000010 0.114272 0.000010 0.000010 0.235888 0.000010 0.315216 0.000010 0.334564
0.000010 0.000010 0.000010 0.165314 0.000010 0.000010 0.000010 0.000010 0.000010 0.834606
0.000010 0.000010 0.000010 0.114443 0.000010 0.000010 0.000010 0.207271 0.000010 0.678216
0.000010 0.000010 0.057384 0.000010 0.000010 0.155067 0.000010 0.315365 0.000010 0.472123
0.000010 0.000010 0.000010 0.000010 0.000010 0.000010 0.000010 0.999910 0.000010 0.000010
0.000010 0.000010 0.000010 0.000010 0.000010 0.402421 0.000010 0.289986 0.000010 0.307523
0.000010 0.000010 0.000010 0.000010 0.054270 0.282344 0.000010 0.514797 0.000010 0.148529
0.000010 0.000010 0.005193 0.000010 0.000010 0.167181 0.016653 0.435043 0.000010 0.375880
0.000010 0.074421 0.000010 0.000010 0.000010 0.000010 0.000010 0.494203 0.000010 0.431306
0.000010 0.051454 0.000010 0.000010 0.000010 0.000010 0.000010 0.144493 0.000010 0.803983
0.000010 0.000010 0.000010 0.000010 0.096437 0.218160 0.000010 0.086513 0.000010 0.598830
0.000010 0.000010 0.149912 0.000010 0.000010 0.000010 0.000010 0.539356 0.000010 0.310663
0.000010 0.000010 0.352958 0.000010 0.000010 0.312009 0.000010 0.334963 0.000010 0.000010
0.000010 0.000010 0.000010 0.000010 0.000010 0.000010 0.000010 0.640184 0.000010 0.359736
0.000010 0.000010 0.000010 0.976308 0.000010 0.000010 0.023612 0.000010 0.000010 0.000010
0.000010 0.000010 0.000010 0.000010 0.029990 0.000010 0.000010 0.870995 0.000010 0.098945
0.000010 0.000010 0.108181 0.000010 0.000010 0.000010 0.000010 0.891739 0.000010 0.000010
0.000010 0.000010 0.000010 0.000010 0.000010 0.000010 0.000010 0.624506 0.000010 0.375414
0.000010 0.000010 0.000010 0.000010 0.000010 0.029296 0.000010 0.000010 0.000010 0.970624
0.000010 0.000010 0.000010 0.000010 0.000010 0.117486 0.000010 0.402703 0.000010 0.479741
0.000010 0.051780 0.111228 0.000010 0.000010 0.161734 0.000010 0.114456 0.000010 0.560752
0.000010 0.000010 0.062286 0.000010 0.000010 0.000010 0.000010 0.000010 0.000010 0.937634
0.000010 0.000010 0.093497 0.000010 0.083996 0.368747 0.000010 0.453700 0.000010 0.000010
0.000010 0.000010 0.000010 0.000010 0.000010 0.377632 0.000010 0.148087 0.000010 0.474211
0.000010 0.000010 0.000010 0.000010 0.000010 0.070401 0.000010 0.363945 0.000010 0.565584
0.000010 0.000010 0.127777 0.000010 0.059609 0.000010 0.000010 0.437671 0.000010 0.374883
0.000010 0.000010 0.000010 0.000010 0.028556 0.163199 0.000010 0.470028 0.000010 0.338157
0.000010 0.080026 0.000010 0.000010 0.000010 0.320703 0.000010 0.599200 0.000010 0.000010
0.000010 0.000010 0.068167 0.000010 0.000010 0.260930 0.000010 0.323563 0.000010 0.347280
0.000010 0.000010 0.000010 0.000010 0.000010 0.000012 0.000010 0.389538 0.000010 0.610380
0.013712 0.000010 0.000010 0.000010 0.000010 0.491298 0.000010 0.492847 0.000010 0.002083
0.000010 0.000010 0.084198 0.000010 0.000010 0.000010 0.000010 0.000010 0.000010 0.915722
0.000010 0.000010 0.000010 0.000010 0.135424 0.700310 0.000010 0.000010 0.000010 0.164196
0.000010 0.000010 0.000010 0.000010 0.000010 0.000010 0.000010 0.313591 0.000010 0.686329
0.000010 0.000010 0.067931 0.000010 0.000010 0.156831 0.028033 0.747144 0.000010 0.000010
0.000010 0.000010 0.020018 0.000010 0.000010 0.131372 0.006101 0.000010 0.000010 0.842449
0.000010 0.000010 0.113779 0.000010 0.000010 0.123466 0.000010 0.332181 0.000010 0.430514
0.000010 0.000010 0.000010 0.000010 0.000010 0.275067 0.000010 0.418678 0.000010 0.306185
0.000010 0.000010 0.000010 0.000010 0.000010 0.198508 0.000010 0.507344 0.000010 0.294078
0.003716 0.000010 0.129131 0.000010 0.000010 0.000010 0.000010 0.610574 0.000010 0.256519
0.000010 0.000010 0.000010 0.000010 0.000010 0.000010 0.000010 0.000010 0.000010 0.999910
0.000010 0.000010 0.000010 0.000010 0.000010 0.000010 0.000010 0.999910 0.000010 0.000010
0.000010 0.000010 0.000010 0.000010 0.000010 0.000010 0.000010 0.000010 0.000010 0.999910
0.000010 0.000010 0.000010 0.000010 0.000010 0.292673 0.000010 0.705887 0.000010 0.001371
0.000010 0.000010 0.141674 0.000010 0.000010 0.000010 0.000010 0.349353 0.000010 0.508902
0.000010 0.000010 0.000010 0.000010 0.000010 0.595427 0.000010 0.404493 0.000010 0.000010
0.000010 0.000010 0.000010 0.000010 0.000010 0.000010 0.000010 0.391183 0.000010 0.608737
0.000010 0.000010 0.000010 0.000010 0.000010 0.000010 0.999910 0.000010 0.000010 0.000010
0.000010 0.000010 0.000010 0.000010 0.000010 0.000010 0.000010 0.000010 0.000010 0.999910
0.000010 0.000010 0.000010 0.000010 0.000010 0.000010 0.000010 0.000010 0.000010 0.999910
0.000010 0.000010 0.000010 0.000010 0.000010 0.349055 0.000010 0.389104 0.000010 0.261771
0.000010 0.000010 0.000010 0.000010 0.000010 0.267128 0.000010 0.485957 0.000010 0.246844
0.000010 0.012576 0.000010 0.000010 0.000010 0.600947 0.000010 0.386406 0.000010 0.000010
0.000010 0.000010 0.000010 0.000010 0.000010 0.298995 0.000010 0.000010 0.000010 0.700925
0.000010 0.000010 0.000010 0.000010 0.000010 0.748910 0.000010 0.251010 0.000010 0.000010
0.000010 0.000010 0.084928 0.000010 0.000010 0.914992 0.000010 0.000010 0.000010 0.000010
0.000010 0.000010 0.088778 0.000010 0.000010 0.911142 0.000010 0.000010 0.000010 0.000010
0.000010 0.000010 0.109612 0.000010 0.000010 0.000010 0.000010 0.890308 0.000010 0.000010
0.000010 0.000010 0.082283 0.000010 0.000010 0.251550 0.000010 0.240378 0.000010 0.425729
0.000010 0.144671 0.000010 0.000010 0.000010 0.000010 0.000010 0.403004 0.000010 0.452255
0.000010 0.000010 0.000010 0.000010 0.035257 0.335097 0.000010 0.585515 0.000010 0.044071
0.000010 0.000010 0.051682 0.000010 0.000010 0.290746 0.000010 0.479792 0.000010 0.177720
0.000010 0.000010 0.000010 0.000010 0.000010 0.390351 0.000010 0.534234 0.000010 0.075345
0.000010 0.000010 0.000010 0.000010 0.999910 0.000010 0.000010 0.000010 0.000010 0.000010
0.000010 0.000010 0.180003 0.000010 0.704475 0.008293 0.000010 0.107169 0.000010 0.000010
0.000010 0.000010 0.000010 0.185298 0.814622 0.000010 0.000010 0.000010 0.000010 0.000010
0.000010 0.342313 0.084011 0.000010 0.458802 0.088944 0.000010 0.025880 0.000010 0.000010
0.000010 0.000010 0.247493 0.000010 0.752427 0.000010 0.000010 0.000010 0.000010 0.000010
0.000010 0.000010 0.088467 0.000010 0.911453 0.000010 0.000010 0.000010 0.000010 0.000010
0.000010 0.000010 0.000010 0.000010 0.839532 0.000010 0.000010 0.160388 0.000010 0.000010
0.000010 0.000010 0.000010 0.000010 0.814116 0.000010 0.000010 0.185804 0.000010 0.000010
0.000010 0.013222 0.278209 0.000010 0.700684 0.000010 0.007826 0.000010 0.000010 0.000010
0.000010 0.000010 0.000010 0.000010 0.879273 0.010549 0.000010 0.110108 0.000010 0.000010
0.000010 0.000010 0.604068 0.000010 0.395852 0.000010 0.000010 0.000010 0.000010 0.000010
0.000010 0.000010 0.230613 0.000010 0.665712 0.000010 0.000010 0.000010 0.000010 0.103604
0.000010 0.275237 0.000010 0.000010 0.567601 0.000010 0.000010 0.000010 0.000010 0.157092
0.012783 0.000010 0.000010 0.000010 0.987137 0.000010 0.000010 0.000010 0.000010 0.000010
0.000010 0.000010 0.482758 0.000010 0.517162 0.000010 0.000010 0.000010 0.000010 0.000010
0.776279 0.000010 0.000010 0.000010 0.000010 0.000010 0.223641 0.000010 0.000010 0.000010
0.000010 0.000010 0.240669 0.000010 0.759251 0.000010 0.000010 0.000010 0.000010 0.000010
0.000010 0.000010 0.000010 0.000010 0.826937 0.000010 0.000010 0.000010 0.000010 0.172983
0.000010 0.000010 0.098230 0.000010 0.646037 0.255663 0.000010 0.000010 0.000010 0.000010
0.000010 0.000010 0.000010 0.043730 0.942963 0.000010 0.013236 0.000010 0.000010 0.000010
0.000010 0.032220 0.536603 0.000010 0.267363 0.000010 0.000010 0.000010 0.000010 0.163754
0.000010 0.000010 0.000010 0.070438 0.929482 0.000010 0.000010 0.000010 0.000010 0.000010
0.000010 0.000010 0.000010 0.000010 0.766290 0.150566 0.000010 0.083074 0.000010 0.000010
0.000010 0.000010 0.000010 0.000010 0.906143 0.000010 0.000010 0.000010 0.000010 0.093777
0.000010 0.029081 0.000010 0.000010 0.882147 0.000010 0.000010 0.000010 0.000010 0.088702
0.000010 0.000010 0.000010 0.104477 0.681806 0.213648 0.000010 0.000010 0.000010 0.000010
0.000010 0.000010 0.156482 0.000010 0.843438 0.000010 0.000010 0.000010 0.000010 0.000010
0.000010 0.089934 0.000010 0.000010 0.909986 0.000010 0.000010 0.000010 0.000010 0.000010
0.000010 0.000010 0.141582 0.000010 0.858338 0.000010 0.000010 0.000010 0.000010 0.000010
0.000010 0.000010 0.000010 0.000010 0.987993 0.000010 0.000010 0.011927 0.000010 0.000010
0.000010 0.000010 0.156706 0.000010 0.843214 0.000010 0.000010 0.000010 0.000010 0.000010
0.000010 0.000010 0.128890 0.000010 0.857511 0.000010 0.000010 0.000010 0.000010 0.013529
0.000010 0.000010 0.006858 0.000010 0.906471 0.000010 0.000010 0.000010 0.000010 0.086601
0.000010 0.000010 0.000010 0.000010 0.999910 0.000010 0.000010 0.000010 0.000010 0.000010
0.000010 0.000010 0.275354 0.000010 0.724566 0.000010 0.000010 0.000010 0.000010 0.000010
0.802326 0.000010 0.000010 0.000010 0.000010 0.000010 0.197594 0.000010 0.000010 0.000010
0.000010 0.000010 0.000010 0.000010 0.999910 0.000010 0.000010 0.000010 0.000010 0.000010
0.000010 0.000010 0.000010 0.000010 0.900497 0.000010 0.000010 0.000010 0.000010 0.099423
0.979260 0.000010 0.000010 0.000010 0.000010 0.000010 0.020660 0.000010 0.000010 0.000010
0.000010 0.054637 0.036612 0.000010 0.899472 0.000010 0.000010 0.000010 0.009219 0.000010
0.000010 0.000010 0.138186 0.000010 0.808130 0.000010 0.000010 0.000010 0.000010 0.053614
0.000010 0.000010 0.000010 0.000010 0.851163 0.000010 0.000010 0.056380 0.000010 0.092387
0.000010 0.000010 0.000010 0.000010 0.882684 0.117236 0.000010 0.000010 0.000010 0.000010
0.000010 0.011091 0.000010 0.000010 0.885979 0.000010 0.000010 0.000010 0.102860 0.000010
0.000010 0.000010 0.032066 0.145237 0.793627 0.029010 0.000010 0.000010 0.000010 0.000010
0.022100 0.000010 0.000010 0.000010 0.925766 0.052063 0.000010 0.000010 0.000010 0.000010
0.547799 0.000010 0.000010 0.000010 0.000010 0.000010 0.452121 0.000010 0.000010 0.000010
0.000010 0.000010 0.000010 0.000010 0.999910 0.000010 0.000010 0.000010 0.000010 0.000010
0.000010 0.000010 0.000010 0.000010 0.836627 0.000010 0.000010 0.000010 0.000010 0.163293
0.000010 0.000010 0.000010 0.000010 0.925793 0.000010 0.000010 0.074127 0.000010 0.000010
0.000010 0.060137 0.000010 0.000010 0.853382 0.000010 0.000010 0.000010 0.000010 0.086410
0.000010 0.206906 0.000010 0.000010 0.755152 0.000010 0.000010 0.000010 0.000010 0.037872
0.000010 0.000010 0.020657 0.000010 0.000010 0.000010 0.000010 0.979263 0.000010 0.000010
