0.000010 0.000010 0.290965 0.504210 0.121407 0.039772 0.004721 0.038885 0.000010 0.000010
0.002145 0.030969 0.448180 0.360363 0.158293 0.000010 0.000010 0.000010 0.000010 0.000010
0.000010 0.000010 0.000010 0.825959 0.000010 0.000010 0.000010 0.173961 0.000010 0.000010
0.000010 0.000010 0.000010 0.999910 0.000010 0.000010 0.000010 0.000010 0.000010 0.000010
0.000010 0.000010 0.373572 0.400078 0.000010 0.000010 0.000010 0.000010 0.000010 0.226280
0.000010 0.000010 0.000010 0.842609 0.000010 0.000010 0.000010 0.000010 0.000010 0.157311
0.000010 0.000010 0.438695 0.500285 0.000010 0.060950 0.000010 0.000010 0.000010 0.000010
0.000010 0.000010 0.304182 0.530051 0.000010 0.142658 0.023048 0.000010 0.000010 0.000010
0.000010 0.000010 0.466143 0.423250 0.000010 0.045589 0.000010 0.000010 0.000010 0.064959
0.000010 0.000010 0.000010 0.388253 0.000010 0.000010 0.000010 0.000010 0.611667 0.000010
0.000010 0.000010 0.000010 0.640247 0.000010 0.000010 0.000010 0.000010 0.359673 0.000010
0.000010 0.000010 0.615945 0.114574 0.226799 0.000010 0.000010 0.000010 0.004057 0.038575
0.000010 0.000010 0.663916 0.153429 0.140945 0.041650 0.000010 0.000010 0.000010 0.000010
0.000010 0.017674 0.480839 0.348522 0.000010 0.000010 0.000010 0.152906 0.000010 0.000010
0.000010 0.065591 0.000010 0.892246 0.000010 0.000010 0.000010 0.042093 0.000010 0.000010
0.000010 0.000010 0.618939 0.043112 0.071343 0.000010 0.000010 0.000010 0.000010 0.266546
0.000012 0.000010 0.000010 0.999908 0.000010 0.000010 0.000010 0.000010 0.000010 0.000010
0.000010 0.000010 0.145034 0.669653 0.073255 0.000010 0.000010 0.024396 0.000010 0.087613
0.000010 0.000010 0.420739 0.443763 0.000010 0.000010 0.000010 0.135428 0.000010 0.000010
0.009312 0.000010 0.383765 0.593857 0.000010 0.000010 0.000010 0.013006 0.000010 0.000010
0.000010 0.000010 0.220902 0.548794 0.000010 0.000010 0.000010 0.000010 0.019443 0.210800
0.000010 0.000010 0.639063 0.360857 0.000010 0.000010 0.000010 0.000010 0.000010 0.000010
0.000010 0.066278 0.391049 0.542603 0.000010 0.000010 0.000010 0.000010 0.000010 0.000010
0.000010 0.074078 0.878839 0.000010 0.047012 0.000010 0.000010 0.000010 0.000010 0.000010
0.000010 0.000010 0.000010 0.999910 0.000010 0.000010 0.000010 0.000010 0.000010 0.000010
0.000010 0.000010 0.574073 0.370441 0.055416 0.000010 0.000010 0.000010 0.000010 0.000010
0.000010 0.000010 0.535308 0.216795 0.159733 0.000010 0.000010 0.088104 0.000010 0.000010
0.000010 0.348418 0.158705 0.000010 0.026067 0.119364 0.000010 0.074200 0.000010 0.273205
0.000010 0.186267 0.557331 0.000010 0.000010 0.009717 0.000010 0.000010 0.246625 0.000010
0.000010 0.030291 0.313898 0.058550 0.055218 0.000010 0.011902 0.000010 0.449741 0.080369
0.000010 0.000010 0.000010 0.000010 0.000010 0.000010 0.000010 0.000010 0.999910 0.000010
0.000010 0.066489 0.662036 0.000010 0.000010 0.000010 0.000010 0.000010 0.271405 0.000010
0.000010 0.153569 0.519341 0.000010 0.110943 0.000010 0.000010 0.000010 0.216086 0.000010
0.000010 0.000010 0.000010 0.000010 0.000010 0.000010 0.000010 0.000010 0.999910 0.000010
0.000010 0.000010 0.000010 0.000010 0.000010 0.000010 0.000010 0.000010 0.999910 0.000010
0.000010 0.000010 0.244297 0.000010 0.000010 0.000010 0.000010 0.038710 0.716922 0.000010
0.000010 0.216840 0.000010 0.466574 0.000010 0.000010 0.000010 0.106164 0.210362 0.000010
0.000010 0.000010 0.000010 0.000010 0.000010 0.000010 0.000010 0.000010 0.999910 0.000010
0.000010 0.219503 0.307544 0.246433 0.069886 0.000010 0.000010 0.000010 0.142656 0.013938
0.000010 0.146185 0.472198 0.000010 0.087042 0.000010 0.000010 0.000010 0.148080 0.146445
0.000010 0.102947 0.896973 0.000010 0.000010 0.000010 0.000010 0.000010 0.000010 0.000010
0.000010 0.000010 0.720654 0.000010 0.000010 0.122142 0.000144 0.000010 0.157000 0.000010
0.000010 0.000010 0.423197 0.000010 0.000010 0.000010 0.000010 0.378120 0.198612 0.000010
0.000010 0.000010 0.792460 0.000010 0.000010 0.102044 0.044134 0.000010 0.061302 0.000010
0.999910 0.000010 0.000010 0.000010 0.000010 0.000010 0.000010 0.000010 0.000010 0.000010
0.038332 0.000010 0.626487 0.000010 0.000010 0.018882 0.000010 0.000010 0.082690 0.233559
0.000010 0.000010 0.102813 0.258677 0.154984 0.049732 0.017477 0.000010 0.242441 0.173845
0.000010 0.000010 0.000010 0.472913 0.000010 0.000010 0.000010 0.110566 0.416451 0.000010
0.030013 0.000010 0.024537 0.262568 0.096962 0.000010 0.000010 0.150433 0.322092 0.113364
0.999910 0.000010 0.000010 0.000010 0.000010 0.000010 0.000010 0.000010 0.000010 0.000010
0.000010 0.154692 0.380838 0.209271 0.000010 0.000010 0.000010 0.000010 0.255138 0.000010
0.000010 0.000010 0.739934 0.000010 0.142081 0.000010 0.000010 0.117915 0.000010 0.000010
0.999910 0.000010 0.000010 0.000010 0.000010 0.000010 0.000010 0.000010 0.000010 0.000010
0.000010 0.147330 0.143244 0.182952 0.000010 0.031968 0.000010 0.042405 0.452062 0.000010
0.999910 0.000010 0.000010 0.000010 0.000010 0.000010 0.000010 0.000010 0.000010 0.000010
0.999910 0.000010 0.000010 0.000010 0.000010 0.000010 0.000010 0.000010 0.000010 0.000010
0.000010 0.272129 0.111318 0.160100 0.259897 0.000010 0.000448 0.000010 0.163836 0.032242
0.999910 0.000010 0.000010 0.000010 0.000010 0.000010 0.000010 0.000010 0.000010 0.000010
0.000010 0.000010 0.000010 0.000010 0.000010 0.000010 0.000010 0.000010 0.999910 0.000010
0.999910 0.000010 0.000010 0.000010 0.000010 0.000010 0.000010 0.000010 0.000010 0.000010
0.000010 0.000010 0.000010 0.000010 0.000010 0.018297 0.000010 0.000010 0.981623 0.000010
0.000010 0.000010 0.579990 0.000010 0.151204 0.000010 0.000010 0.000010 0.268736 0.000010
0.000010 0.356712 0.373205 0.249167 0.000010 0.000010 0.000010 0.000010 0.020855 0.000010
0.000010 0.000010 0.391118 0.000010 0.083227 0.000010 0.000010 0.000010 0.288411 0.237184
0.000010 0.000010 0.311400 0.186153 0.240827 0.000010 0.000010 0.036237 0.225332 0.000010
0.000010 0.656561 0.000010 0.000010 0.000010 0.130064 0.000010 0.000010 0.000010 0.213306
0.000010 0.143752 0.000010 0.000010 0.000010 0.231866 0.001396 0.165957 0.000010 0.456979
0.000010 0.000010 0.000010 0.000010 0.000010 0.625984 0.000010 0.373936 0.000010 0.000010
0.000010 0.000010 0.083135 0.000010 0.000010 0.075192 0.000010 0.841603 0.000010 0.000010
0.000010 0.531134 0.000010 0.000010 0.000010 0.000010 0.000010 0.468786 0.000010 0.000010
0.000010 0.386366 0.000010 0.000010 0.000010 0.274403 0.000010 0.339160 0.000010 0.000010
0.000010 0.999910 0.000010 0.000010 0.000010 0.000010 0.000010 0.000010 0.000010 0.000010
0.000010 0.132075 0.018766 0.000010 0.000010 0.237226 0.000010 0.000010 0.000010 0.611873
0.160678 0.000010 0.000010 0.000010 0.000010 0.000010 0.839242 0.000010 0.000010 0.000010
0.000010 0.198211 0.000010 0.000010 0.000010 0.275916 0.000010 0.241359 0.000010 0.284455
0.000010 0.000010 0.000010 0.000010 0.000010 0.000010 0.000010 0.999910 0.000010 0.000010
0.000010 0.088223 0.000010 0.000010 0.000010 0.175090 0.000010 0.364450 0.000010 0.372178
0.000010 0.000010 0.000010 0.000010 0.000010 0.000010 0.000010 0.641880 0.000010 0.358040
0.000010 0.267152 0.000010 0.000010 0.000010 0.318468 0.000010 0.414310 0.000010 0.000010
0.000010 0.304594 0.000010 0.000010 0.000010 0.088907 0.000010 0.299414 0.000010 0.307025
0.000010 0.000010 0.000010 0.000010 0.000010 0.203578 0.000010 0.000010 0.000010 0.796342
0.000010 0.000010 0.886041 0.000010 0.000010 0.000010 0.000010 0.000010 0.000010 0.113879
0.000010 0.000010 0.000010 0.114985 0.000010 0.101058 0.000010 0.000010 0.000010 0.783886
0.000010 0.000010 0.000010 0.000010 0.000010 0.000010 0.999910 0.000010 0.000010 0.000010
0.000010 0.000010 0.000010 0.000010 0.000010 0.000010 0.000010 0.000010 0.000010 0.999910
0.000010 0.000010 0.000010 0.000010 0.000010 0.129140 0.000010 0.293054 0.000010 0.577736
0.000010 0.632512 0.005572 0.000010 0.000010 0.032149 0.000010 0.325399 0.000010 0.004318
0.000010 0.000010 0.000010 0.050989 0.000010 0.185091 0.000010 0.467269 0.000010 0.296591
0.000010 0.166685 0.022409 0.000010 0.112785 0.000010 0.000010 0.000010 0.000010 0.698061
0.000010 0.000010 0.000010 0.000010 0.000010 0.000010 0.999910 0.000010 0.000010 0.000010
0.000010 0.133576 0.000010 0.000010 0.033384 0.480286 0.000010 0.026302 0.000010 0.326401
0.000010 0.397410 0.000010 0.000010 0.000010 0.000010 0.000010 0.602510 0.000010 0.000010
0.069715 0.000010 0.000010 0.000010 0.000010 0.000010 0.930205 0.000010 0.000010 0.000010
0.000010 0.336990 0.000010 0.000010 0.000010 0.000010 0.000010 0.662930 0.000010 0.000010
0.000010 0.000010 0.000010 0.000010 0.000010 0.000010 0.999910 0.000010 0.000010 0.000010
0.000010 0.000010 0.000010 0.000010 0.000010 0.000010 0.999910 0.000010 0.000010 0.000010
0.104807 0.000010 0.000010 0.000010 0.000010 0.000010 0.895113 0.000010 0.000010 0.000010
0.000010 0.000010 0.000010 0.000010 0.000010 0.279703 0.000010 0.720217 0.000010 0.000010
0.000010 0.000010 0.000010 0.000010 0.000010 0.000010 0.000010 0.488809 0.000010 0.511111
0.000010 0.115597 0.000010 0.288004 0.522071 0.000010 0.000010 0.035307 0.038970 0.000010
0.000010 0.000010 0.000010 0.000010 0.906520 0.000010 0.000010 0.093400 0.000010 0.000010
0.000010 0.161945 0.000010 0.285044 0.552942 0.000010 0.000010 0.000010 0.000010 0.000010
0.000010 0.000010 0.000010 0.000010 0.956028 0.000010 0.000010 0.000010 0.000010 0.043892
0.032972 0.085566 0.000010 0.123368 0.657898 0.007989 0.000010 0.000010 0.000010 0.092167
0.000010 0.000010 0.000010 0.000010 0.833451 0.000010 0.000010 0.166469 0.000010 0.000010
0.000010 0.186494 0.000010 0.000010 0.000010 0.000010 0.000010 0.275413 0.000010 0.538023
0.090418 0.000010 0.000010 0.000010 0.000010 0.000010 0.909502 0.000010 0.000010 0.000010
0.000010 0.000010 0.000010 0.000010 0.000010 0.113388 0.000010 0.293752 0.000010 0.592790
0.000010 0.146806 0.000010 0.000010 0.000010 0.000010 0.007122 0.846001 0.000010 0.000010
0.000010 0.081045 0.000010 0.000010 0.000010 0.346993 0.000010 0.174975 0.000010 0.396928
0.000010 0.000010 0.000010 0.000010 0.000010 0.000010 0.999910 0.000010 0.000010 0.000010
0.000010 0.210505 0.000010 0.000010 0.000010 0.084719 0.000010 0.355010 0.000010 0.349706
0.000010 0.999910 0.000010 0.000010 0.000010 0.000010 0.000010 0.000010 0.000010 0.000010
0.000010 0.165033 0.000010 0.000010 0.071457 0.327187 0.000010 0.194059 0.000010 0.242214
0.000010 0.999910 0.000010 0.000010 0.000010 0.000010 0.000010 0.000010 0.000010 0.000010
0.000010 0.301784 0.000010 0.000010 0.088371 0.484998 0.000010 0.000010 0.000010 0.124788
0.000010 0.000010 0.000010 0.000010 0.000010 0.231851 0.000010 0.768069 0.000010 0.000010
0.000010 0.121876 0.000010 0.000010 0.000010 0.000010 0.000010 0.441288 0.000010 0.436766
0.000010 0.489592 0.000010 0.000010 0.000010 0.151707 0.000010 0.000010 0.000010 0.358632
0.000010 0.000010 0.008957 0.000010 0.079438 0.041054 0.000010 0.253252 0.021945 0.595314
0.000010 0.000010 0.000010 0.000010 0.000010 0.000010 0.999910 0.000010 0.000010 0.000010
0.000010 0.000010 0.000010 0.000010 0.000010 0.000010 0.000010 0.999910 0.000010 0.000010
0.000010 0.289778 0.000010 0.000010 0.000010 0.000010 0.000010 0.062824 0.000010 0.647328
0.000010 0.302417 0.000010 0.000010 0.000010 0.000010 0.000010 0.076281 0.000010 0.621232
0.000010 0.000010 0.000010 0.000010 0.000010 0.000010 0.000010 0.999910 0.000010 0.000010
0.000010 0.000010 0.000010 0.000010 0.000010 0.999910 0.000010 0.000010 0.000010 0.000010
0.000010 0.036867 0.000010 0.000010 0.000010 0.342258 0.000010 0.207184 0.000010 0.413630
0.000010 0.000010 0.000010 0.000010 0.000010 0.999910 0.000010 0.000010 0.000010 0.000010
0.000010 0.000010 0.000010 0.000010 0.000010 0.193086 0.000010 0.355151 0.000010 0.451692
0.000010 0.442914 0.000010 0.000010 0.000010 0.471575 0.000010 0.000010 0.000010 0.085440
0.000010 0.243087 0.000010 0.000010 0.000010 0.756833 0.000010 0.000010 0.000010 0.000010
0.000010 0.290573 0.076008 0.000010 0.000010 0.094352 0.000010 0.202758 0.000010 0.336260
0.000010 0.999910 0.000010 0.000010 0.000010 0.000010 0.000010 0.000010 0.000010 0.000010
0.000010 0.000010 0.000010 0.000010 0.000010 0.000010 0.000010 0.999910 0.000010 0.000010
0.000010 0.136269 0.000010 0.000010 0.000010 0.539416 0.000010 0.189030 0.000010 0.135225
0.026507 0.236547 0.023750 0.000010 0.000010 0.000010 0.000010 0.000010 0.035162 0.677984
0.000010 0.095224 0.000010 0.000010 0.000010 0.094579 0.000010 0.425077 0.000010 0.385061
0.000010 0.039397 0.000010 0.000010 0.000010 0.000010 0.000010 0.750077 0.000010 0.210456
0.000010 0.530734 0.000010 0.000010 0.000010 0.000010 0.000010 0.469186 0.000010 0.000010
0.000010 0.999910 0.000010 0.000010 0.000010 0.000010 0.000010 0.000010 0.000010 0.000010
0.000010 0.439084 0.000010 0.000010 0.000010 0.000010 0.000010 0.015272 0.000010 0.545574
0.000010 0.000010 0.000010 0.000010 0.000010 0.000010 0.999910 0.000010 0.000010 0.000010
0.000010 0.000010 0.000010 0.000010 0.000010 0.000010 0.999910 0.000010 0.000010 0.000010
0.000010 0.475722 0.000010 0.000010 0.000010 0.351969 0.000010 0.000010 0.000010 0.172239
0.000010 0.000010 0.000010 0.000010 0.000010 0.000010 0.999910 0.000010 0.000010 0.000010
0.000010 0.000010 0.000010 0.000010 0.000010 0.602948 0.000010 0.396972 0.000010 0.000010
0.000010 0.000010 0.000010 0.000010 0.000010 0.134617 0.000010 0.865303 0.000010 0.000010
0.000010 0.000010 0.000010 0.000010 0.000010 0.000010 0.999910 0.000010 0.000010 0.000010
0.000010 0.000010 0.000010 0.000010 0.000010 0.000010 0.999910 0.000010 0.000010 0.000010
0.000010 0.106131 0.000010 0.000010 0.000010 0.000010 0.000010 0.000010 0.000010 0.893789
0.000010 0.000010 0.000010 0.000010 0.000010 0.000010 0.999910 0.000010 0.000010 0.000010
0.000010 0.000010 0.000010 0.000010 0.000010 0.000010 0.999910 0.000010 0.000010 0.000010
0.000010 0.000010 0.000010 0.000010 0.000010 0.000010 0.999910 0.000010 0.000010 0.000010
0.000010 0.000010 0.564496 0.348564 0.000010 0.000010 0.000010 0.086870 0.000010 0.000010
0.000010 0.000010 0.558498 0.229061 0.173314 0.000010 0.000010 0.000010 0.000010 0.039067
0.000010 0.000010 0.820248 0.170822 0.008860 0.000010 0.000010 0.000010 0.000010 0.000010
0.000010 0.000010 0.253042 0.648321 0.000010 0.000010 0.000010 0.000010 0.000010 0.098566
0.856205 0.000010 0.000010 0.000010 0.000010 0.000010 0.143715 0.000010 0.000010 0.000010
0.000010 0.436896 0.000010 0.093054 0.036333 0.290487 0.000010 0.095094 0.000010 0.048096
0.000010 0.000010 0.592345 0.380240 0.000010 0.000010 0.000010 0.010048 0.000010 0.017307
0.038361 0.000010 0.000010 0.733432 0.027643 0.200503 0.000010 0.000010 0.000010 0.000010
0.000010 0.000010 0.774791 0.067169 0.152351 0.000010 0.000010 0.005629 0.000010 0.000010
0.000010 0.000010 0.662650 0.319898 0.000010 0.000010 0.000010 0.017382 0.000010 0.000010
0.000010 0.105341 0.775049 0.087175 0.000010 0.000010 0.000010 0.000010 0.000010 0.032375
0.000010 0.000010 0.696162 0.286200 0.017569 0.000010 0.000010 0.000010 0.000010 0.000010
0.000010 0.106995 0.270763 0.427909 0.000010 0.114269 0.000010 0.000010 0.080015 0.000010
0.000010 0.000010 0.407825 0.571468 0.000010 0.000010 0.000010 0.020637 0.000010 0.000010
0.000010 0.000010 0.000010 0.999910 0.000010 0.000010 0.000010 0.000010 0.000010 0.000010
0.000010 0.000010 0.000010 0.999910 0.000010 0.000010 0.000010 0.000010 0.000010 0.000010
0.000010 0.000010 0.678921 0.265877 0.000010 0.000010 0.000010 0.055132 0.000010 0.000010
0.000010 0.051683 0.475735 0.341681 0.089645 0.000010 0.000010 0.000010 0.041205 0.000010
0.000010 0.000010 0.753588 0.140141 0.000010 0.000010 0.000010 0.106201 0.000010 0.000010
0.000010 0.000010 0.500673 0.499247 0.000010 0.000010 0.000010 0.000010 0.000010 0.000010
0.000010 0.000010 0.999910 0.000010 0.000010 0.000010 0.000010 0.000010 0.000010 0.000010
0.000010 0.000010 0.419071 0.427156 0.007006 0.106826 0.000010 0.000010 0.000010 0.039892
0.000010 0.000010 0.760058 0.000010 0.000010 0.000010 0.000010 0.239862 0.000010 0.000010
0.004498 0.000010 0.293376 0.626632 0.000010 0.000010 0.000010 0.000010 0.000010 0.075434
0.000010 0.000010 0.298704 0.530762 0.070361 0.063859 0.000010 0.000010 0.000010 0.036264
0.000010 0.000010 0.459550 0.540370 0.000010 0.000010 0.000010 0.000010 0.000010 0.000010
0.025460 0.000010 0.777771 0.000010 0.074296 0.000010 0.000010 0.122413 0.000010 0.000010
0.999910 0.000010 0.000010 0.000010 0.000010 0.000010 0.000010 0.000010 0.000010 0.000010
0.000010 0.000010 0.714648 0.277544 0.007738 0.000010 0.000010 0.000010 0.000010 0.000010
0.000010 0.000010 0.000010 0.692440 0.215266 0.000010 0.000010 0.000010 0.000010 0.092224
0.000010 0.000010 0.999910 0.000010 0.000010 0.000010 0.000010 0.000010 0.000010 0.000010
0.999910 0.000010 0.000010 0.000010 0.000010 0.000010 0.000010 0.000010 0.000010 0.000010
0.000010 0.000010 0.999910 0.000010 0.000010 0.000010 0.000010 0.000010 0.000010 0.000010
0.999910 0.000010 0.000010 0.000010 0.000010 0.000010 0.000010 0.000010 0.000010 0.000010
0.000010 0.000010 0.999910 0.000010 0.000010 0.000010 0.000010 0.000010 0.000010 0.000010
0.000010 0.000010 0.000010 0.999910 0.000010 0.000010 0.000010 0.000010 0.000010 0.000010
0.000010 0.086630 0.913290 0.000010 0.000010 0.000010 0.000010 0.000010 0.000010 0.000010
0.000010 0.092364 0.907556 0.000010 0.000010 0.000010 0.000010 0.000010 0.000010 0.000010
0.001712 0.094393 0.350683 0.553153 0.000010 0.000010 0.000010 0.000010 0.000010 0.000010
0.000010 0.239436 0.760484 0.000010 0.000010 0.000010 0.000010 0.000010 0.000010 0.000010
0.000010 0.000010 0.507782 0.492138 0.000010 0.000010 0.000010 0.000010 0.000010 0.000010
0.000010 0.012132 0.286508 0.322632 0.158518 0.000010 0.019386 0.200785 0.000010 0.000010
0.000010 0.000010 0.000010 0.999910 0.000010 0.000010 0.000010 0.000010 0.000010 0.000010
0.000010 0.000010 0.648759 0.098493 0.100539 0.000010 0.000010 0.000010 0.000010 0.152149
0.000010 0.080610 0.636768 0.282551 0.000010 0.000010 0.000010 0.000010 0.000010 0.000010
0.000010 0.213823 0.499143 0.189031 0.097943 0.000010 0.000010 0.000010 0.000010 0.000010
0.000010 0.008513 0.000010 0.582156 0.222500 0.000010 0.000010 0.186771 0.000010 0.000010
0.000010 0.421393 0.000010 0.000010 0.000010 0.233946 0.000010 0.000010 0.000010 0.344592
0.000010 0.075041 0.000010 0.030533 0.000010 0.432169 0.000010 0.219877 0.000010 0.242329
0.000010 0.339132 0.000010 0.000010 0.000010 0.311452 0.000010 0.000010 0.000010 0.349345
0.000010 0.000010 0.000010 0.000010 0.000010 0.074202 0.000010 0.000010 0.000010 0.925718
0.000010 0.336294 0.000010 0.000010 0.000010 0.000010 0.000010 0.000010 0.000010 0.663626
0.000010 0.062528 0.052531 0.000010 0.000010 0.103688 0.000010 0.411455 0.000010 0.369748
0.000010 0.240712 0.000010 0.011584 0.075910 0.009450 0.003049 0.247555 0.000010 0.411710
0.000010 0.312337 0.000010 0.000010 0.000010 0.000010 0.000010 0.518836 0.031432 0.137335
0.000010 0.145138 0.000010 0.035091 0.000010 0.000010 0.000010 0.471364 0.000010 0.348347
0.000010 0.316922 0.000010 0.079027 0.000010 0.000010 0.000010 0.542631 0.000010 0.061360
0.000010 0.000010 0.000010 0.000010 0.000010 0.066328 0.000010 0.421276 0.000010 0.512326
0.000010 0.323050 0.000010 0.000010 0.000010 0.347071 0.000010 0.329809 0.000010 0.000010
0.953893 0.000010 0.000010 0.000010 0.000010 0.000010 0.046027 0.000010 0.000010 0.000010
0.000010 0.000010 0.000010 0.000010 0.000010 0.438532 0.000010 0.277670 0.000010 0.283729
0.000010 0.642340 0.000010 0.000010 0.000010 0.000010 0.000010 0.000010 0.000010 0.357580
0.000010 0.014759 0.000010 0.000010 0.000010 0.029842 0.000010 0.115947 0.000010 0.839393
0.000010 0.000010 0.059239 0.000010 0.000010 0.000010 0.000010 0.514580 0.000010 0.426111
0.000010 0.420990 0.000010 0.000010 0.000010 0.067506 0.000010 0.216633 0.000010 0.294811
0.000010 0.231928 0.000010 0.000010 0.000412 0.315687 0.000010 0.270937 0.000010 0.180987
0.000010 0.223768 0.000010 0.000010 0.000010 0.236236 0.000010 0.472192 0.000010 0.067743
0.000010 0.128684 0.000010 0.000010 0.000010 0.000010 0.000010 0.871236 0.000010 0.000010
0.000010 0.000010 0.000010 0.000010 0.000010 0.000010 0.000010 0.272950 0.000010 0.726970
0.000010 0.000010 0.000010 0.000010 0.000010 0.000010 0.000010 0.611038 0.000010 0.388882
0.000010 0.000010 0.000010 0.106732 0.000010 0.133806 0.000010 0.383359 0.000010 0.376043
0.000010 0.512519 0.000010 0.000010 0.000010 0.000010 0.000010 0.000010 0.000010 0.487401
0.000010 0.000010 0.000010 0.000010 0.000010 0.000010 0.000010 0.481464 0.000010 0.518456
0.000010 0.000010 0.000010 0.000010 0.000010 0.000010 0.000010 0.570736 0.000010 0.429184
0.000010 0.000010 0.000010 0.028552 0.000010 0.075807 0.000010 0.200801 0.000010 0.694779
0.000010 0.500749 0.000010 0.000010 0.000010 0.499171 0.000010 0.000010 0.000010 0.000010
0.000010 0.608571 0.097689 0.000010 0.000010 0.293669 0.000010 0.000010 0.000010 0.000010
0.000010 0.142609 0.095401 0.000010 0.044311 0.000010 0.000010 0.396478 0.000010 0.321150
0.000010 0.152885 0.000010 0.000010 0.140333 0.087092 0.000010 0.405049 0.000010 0.214592
0.000010 0.312261 0.000010 0.000010 0.000010 0.049531 0.000010 0.000010 0.000010 0.638137
0.000010 0.000010 0.294918 0.503665 0.190414 0.000010 0.000010 0.010943 0.000010 0.000010
0.000010 0.236771 0.000010 0.000010 0.141193 0.017873 0.000010 0.253412 0.000010 0.350702
0.000010 0.000010 0.000010 0.000010 0.000010 0.000010 0.000010 0.000010 0.000010 0.999910
0.000010 0.000010 0.000010 0.000010 0.000010 0.000010 0.000010 0.552032 0.000010 0.447888
0.000010 0.099173 0.000010 0.000010 0.000010 0.000010 0.000010 0.900747 0.000010 0.000010
0.000010 0.184831 0.000010 0.000010 0.000010 0.082458 0.000010 0.279066 0.000010 0.453584
0.000010 0.293027 0.000010 0.000010 0.000010 0.255728 0.000010 0.073384 0.073028 0.304783
0.000010 0.073866 0.000010 0.000010 0.000010 0.058187 0.000010 0.751904 0.000010 0.115983
0.000010 0.143409 0.000010 0.054401 0.034465 0.246034 0.000010 0.521641 0.000010 0.000010
0.000010 0.149083 0.000010 0.000010 0.029480 0.294041 0.000010 0.527335 0.000010 0.000010
0.000010 0.000010 0.000010 0.000010 0.000010 0.000010 0.000010 0.000010 0.000010 0.999910
0.000010 0.133353 0.000010 0.000010 0.125902 0.222314 0.000010 0.203013 0.000010 0.315368
0.000010 0.000010 0.000010 0.000010 0.000010 0.362252 0.000010 0.341357 0.000010 0.296321
0.000010 0.440642 0.000010 0.000010 0.000010 0.000010 0.000010 0.374200 0.000010 0.185089
0.000010 0.199123 0.011544 0.000010 0.000010 0.525608 0.002454 0.261220 0.000010 0.000010
0.000010 0.000010 0.000010 0.000010 0.000010 0.079561 0.000010 0.000010 0.000010 0.920359
0.000010 0.000010 0.000010 0.000010 0.000010 0.313666 0.000010 0.212018 0.000010 0.474246
0.000010 0.000010 0.000010 0.000010 0.000010 0.999910 0.000010 0.000010 0.000010 0.000010
0.000010 0.338001 0.000010 0.093165 0.000010 0.000010 0.000010 0.004453 0.000010 0.564321
0.000010 0.085336 0.000010 0.000010 0.000010 0.323143 0.000010 0.197938 0.000010 0.393523
0.000010 0.000010 0.000010 0.000010 0.070552 0.128135 0.000010 0.194242 0.000010 0.607010
0.000010 0.260802 0.000010 0.000010 0.035731 0.302476 0.000010 0.351516 0.000010 0.049425
0.000010 0.649063 0.000010 0.000010 0.000010 0.000010 0.000010 0.000010 0.000010 0.350857
0.000010 0.224271 0.000010 0.000010 0.000010 0.329611 0.000010 0.000010 0.000010 0.446047
0.000010 0.052290 0.000010 0.000010 0.000010 0.000010 0.000010 0.308423 0.000010 0.639216
0.000010 0.000010 0.041103 0.000010 0.053832 0.245777 0.000010 0.194968 0.000010 0.464271
0.000010 0.000010 0.000010 0.000010 0.000010 0.999910 0.000010 0.000010 0.000010 0.000010
0.000010 0.000010 0.000010 0.000010 0.035194 0.000010 0.000010 0.000010 0.000010 0.964726
0.000010 0.000010 0.000010 0.000010 0.000010 0.999910 0.000010 0.000010 0.000010 0.000010
0.000010 0.050023 0.000010 0.000010 0.000010 0.081441 0.000010 0.037318 0.000010 0.831158
0.000010 0.000010 0.000010 0.000010 0.000010 0.000010 0.000010 0.000010 0.000010 0.999910
0.000010 0.070114 0.000010 0.000010 0.000010 0.000010 0.000010 0.417134 0.000010 0.512682
0.000010 0.143829 0.000010 0.000010 0.000010 0.391896 0.000010 0.000010 0.000010 0.464206
0.000010 0.000010 0.000010 0.000010 0.000010 0.000010 0.999910 0.000010 0.000010 0.000010
0.000010 0.102732 0.000010 0.000010 0.000010 0.098119 0.000010 0.619714 0.000010 0.179375
0.000010 0.305256 0.000010 0.000010 0.000010 0.530843 0.000010 0.120479 0.000010 0.043362
0.000010 0.142792 0.000010 0.012645 0.000010 0.157880 0.000010 0.359709 0.000010 0.326924
0.000010 0.054827 0.000010 0.000010 0.000016 0.162985 0.000010 0.395825 0.000010 0.386296
0.012597 0.297635 0.000010 0.000010 0.000010 0.000010 0.000010 0.454308 0.000010 0.235400
0.000010 0.234899 0.000010 0.000010 0.000010 0.584389 0.000010 0.180641 0.000010 0.000010
0.000010 0.168362 0.000010 0.020675 0.000010 0.365133 0.000010 0.279003 0.000010 0.166776
0.000010 0.000010 0.000010 0.000010 0.000010 0.999910 0.000010 0.000010 0.000010 0.000010
0.000010 0.000010 0.000010 0.000010 0.000010 0.999910 0.000010 0.000010 0.000010 0.000010
0.000010 0.098955 0.000010 0.054308 0.000010 0.117212 0.000010 0.270735 0.000010 0.458740
0.000010 0.026072 0.000010 0.000010 0.000010 0.382694 0.000010 0.000010 0.000010 0.591165
0.000010 0.000010 0.021865 0.000010 0.000010 0.141766 0.000010 0.230541 0.000010 0.605769
0.000010 0.344073 0.000010 0.000010 0.063362 0.106620 0.000010 0.485885 0.000010 0.000010
0.000010 0.029574 0.000010 0.000010 0.000010 0.000010 0.000010 0.122043 0.000010 0.848313
0.000010 0.000010 0.000010 0.000010 0.000010 0.659590 0.000010 0.340330 0.000010 0.000010
0.000010 0.035506 0.000010 0.000010 0.964414 0.000010 0.000010 0.000010 0.000010 0.000010
0.000010 0.000010 0.000010 0.061432 0.723669 0.000010 0.024671 0.190168 0.000010 0.000010
0.034839 0.000010 0.000010 0.001171 0.834466 0.064031 0.000010 0.000010 0.065443 0.000010
0.000010 0.000010 0.000010 0.283486 0.553574 0.000010 0.000010 0.162870 0.000010 0.000010
0.000010 0.000010 0.185249 0.000010 0.814671 0.000010 0.000010 0.000010 0.000010 0.000010
0.000010 0.000010 0.000010 0.000010 0.999910 0.000010 0.000010 0.000010 0.000010 0.000010
0.000010 0.000010 0.091037 0.000010 0.867192 0.000010 0.000010 0.000010 0.000010 0.041701
0.000010 0.000010 0.000010 0.000010 0.838097 0.000010 0.000010 0.161823 0.000010 0.000010
0.000010 0.000010 0.000010 0.000010 0.912441 0.000010 0.000010 0.000010 0.087479 0.000010
0.000010 0.000010 0.007490 0.063906 0.763216 0.000010 0.000010 0.165328 0.000010 0.000010
0.003182 0.000010 0.000010 0.047905 0.822763 0.041853 0.000010 0.084248 0.000010 0.000010
0.000010 0.000010 0.192221 0.000010 0.710990 0.000010 0.000010 0.000010 0.000010 0.096719
0.000010 0.252739 0.056941 0.000010 0.683355 0.000010 0.000010 0.000010 0.000010 0.006905
0.000010 0.000010 0.000010 0.000010 0.892027 0.000010 0.000010 0.107893 0.000010 0.000010
0.000010 0.000010 0.071962 0.000010 0.859897 0.000010 0.000010 0.068071 0.000010 0.000010
0.999910 0.000010 0.000010 0.000010 0.000010 0.000010 0.000010 0.000010 0.000010 0.000010
0.000010 0.000010 0.000010 0.000010 0.901520 0.098400 0.000010 0.000010 0.000010 0.000010
0.000010 0.059396 0.000010 0.000010 0.858616 0.057340 0.000010 0.024588 0.000010 0.000010
0.000010 0.000010 0.000010 0.000010 0.703423 0.296497 0.000010 0.000010 0.000010 0.000010
0.000010 0.062830 0.000010 0.000010 0.937090 0.000010 0.000010 0.000010 0.000010 0.000010
0.000010 0.000010 0.352249 0.000010 0.581430 0.066251 0.000010 0.000010 0.000010 0.000010
0.000010 0.000010 0.000010 0.000010 0.957184 0.000010 0.000010 0.000010 0.000010 0.042736
0.005038 0.000010 0.000010 0.000010 0.778977 0.000010 0.000010 0.215914 0.000010 0.000010
0.000010 0.058685 0.000010 0.059949 0.826510 0.000010 0.000010 0.000010 0.000010 0.054796
0.000010 0.000010 0.000010 0.000010 0.923609 0.076311 0.000010 0.000010 0.000010 0.000010
0.011727 0.000010 0.000010 0.179077 0.634323 0.105687 0.000010 0.000010 0.000010 0.069136
0.000010 0.000010 0.000010 0.000010 0.999910 0.000010 0.000010 0.000010 0.000010 0.000010
0.011527 0.000010 0.095371 0.000010 0.893032 0.000010 0.000010 0.000010 0.000010 0.000010
0.000010 0.000010 0.000010 0.000010 0.924869 0.000010 0.000010 0.075051 0.000010 0.000010
0.000010 0.000010 0.000010 0.000010 0.766760 0.000010 0.000010 0.233160 0.000010 0.000010
0.000010 0.000010 0.151693 0.000010 0.827053 0.021184 0.000010 0.000010 0.000010 0.000010
0.000010 0.000010 0.055131 0.000010 0.814677 0.000010 0.000010 0.068375 0.000010 0.061757
0.000010 0.000010 0.007771 0.000010 0.992149 0.000010 0.000010 0.000010 0.000010 0.000010
0.000010 0.029714 0.000010 0.020968 0.850605 0.033241 0.000010 0.000010 0.000010 0.065421
0.000010 0.046748 0.000010 0.000010 0.953172 0.000010 0.000010 0.000010 0.000010 0.000010
0.820237 0.000010 0.000010 0.000010 0.000010 0.000010 0.179683 0.000010 0.000010 0.000010
0.000010 0.000010 0.000010 0.085277 0.874051 0.000010 0.000010 0.038262 0.002350 0.000010
0.003441 0.019224 0.000010 0.000010 0.967423 0.009853 0.000010 0.000010 0.000010 0.000010
0.839206 0.000010 0.000010 0.000010 0.000010 0.000010 0.160714 0.000010 0.000010 0.000010
0.003013 0.000010 0.000010 0.000010 0.965719 0.031198 0.000010 0.000010 0.000010 0.000010
0.000010 0.000010 0.000010 0.000010 0.807694 0.083244 0.000010 0.108992 0.000010 0.000010
0.000010 0.000010 0.000010 0.000010 0.737715 0.262205 0.000010 0.000010 0.000010 0.000010
0.000010 0.000010 0.000010 0.164855 0.767214 0.000010 0.000010 0.067861 0.000010 0.000010
0.000010 0.000010 0.129854 0.000010 0.870066 0.000010 0.000010 0.000010 0.000010 0.000010
0.000010 0.000010 0.000010 0.103598 0.745455 0.000010 0.000010 0.150877 0.000010 0.000010
0.011968 0.000010 0.000010 0.000010 0.849681 0.138281 0.000010 0.000010 0.000010 0.000010
0.490392 0.000010 0.000010 0.000010 0.000010 0.000010 0.509528 0.000010 0.000010 0.000010
0.000010 0.000010 0.000010 0.000010 0.999910 0.000010 0.000010 0.000010 0.000010 0.000010
0.000010 0.000010 0.000010 0.000010 0.882557 0.117363 0.000010 0.000010 0.000010 0.000010
0.000010 0.000010 0.000010 0.000010 0.885299 0.000010 0.000010 0.000010 0.000010 0.114621
0.000010 0.000010 0.000010 0.075015 0.905342 0.000010 0.000010 0.000010 0.000010 0.019573
0.000010 0.000010 0.000010 0.000010 0.759276 0.080518 0.000010 0.000010 0.000010 0.160136
0.000010 0.000010 0.000010 0.141716 0.037480 0.292256 0.000010 0.055583 0.000010 0.472915
