0.000010 0.605890 0.295292 0.009766 0.000010 0.000010 0.089021
0.038357 0.961593 0.000010 0.000010 0.000010 0.000010 0.000010
0.000010 0.903454 0.000010 0.009911 0.000010 0.000010 0.086594
0.000010 0.999940 0.000010 0.000010 0.000010 0.000010 0.000010
0.204158 0.795792 0.000010 0.000010 0.000010 0.000010 0.000010
0.057224 0.942726 0.000010 0.000010 0.000010 0.000010 0.000010
0.049630 0.910044 0.000010 0.000010 0.005596 0.034700 0.000010
0.000010 0.786659 0.030356 0.030158 0.000010 0.000010 0.152797
0.038354 0.960779 0.000010 0.000010 0.000828 0.000010 0.000010
0.000010 0.000010 0.000010 0.000010 0.000010 0.999940 0.000010
0.000010 0.264552 0.000010 0.000010 0.000010 0.735398 0.000010
0.000010 0.618063 0.281527 0.000010 0.000010 0.000010 0.100370
0.000010 0.833367 0.166583 0.000010 0.000010 0.000010 0.000010
0.176010 0.823940 0.000010 0.000010 0.000010 0.000010 0.000010
0.000010 0.999940 0.000010 0.000010 0.000010 0.000010 0.000010
0.199447 0.626677 0.164898 0.008947 0.000010 0.000010 0.000010
0.000010 0.999940 0.000010 0.000010 0.000010 0.000010 0.000010
0.000010 0.725997 0.129543 0.000010 0.000010 0.000010 0.144421
0.202522 0.637707 0.159732 0.000010 0.000010 0.000010 0.000010
0.000010 0.999940 0.000010 0.000010 0.000010 0.000010 0.000010
0.000010 0.999940 0.000010 0.000010 0.000010 0.000010 0.000010
0.000010 0.999940 0.000010 0.000010 0.000010 0.000010 0.000010
0.088476 0.869001 0.013740 0.000010 0.028754 0.000010 0.000010
0.148808 0.851142 0.000010 0.000010 0.000010 0.000010 0.000010
0.000010 0.986439 0.000010 0.000010 0.013511 0.000010 0.000010
0.047313 0.930813 0.011097 0.010747 0.000010 0.000010 0.000010
0.104490 0.895460 0.000010 0.000010 0.000010 0.000010 0.000010
0.849793 0.000010 0.113840 0.000010 0.000010 0.000010 0.036327
0.115981 0.883969 0.000010 0.000010 0.000010 0.000010 0.000010
0.000010 0.915744 0.000010 0.000010 0.000010 0.000010 0.084206
0.000010 0.999940 0.000010 0.000010 0.000010 0.000010 0.000010
0.111926 0.625402 0.090576 0.000010 0.020252 0.151824 0.000010
0.076879 0.617030 0.206537 0.000010 0.000010 0.099524 0.000010
0.000010 0.999940 0.000010 0.000010 0.000010 0.000010 0.000010
0.000010 0.000010 0.000010 0.000010 0.000010 0.999940 0.000010
0.000010 0.050019 0.157943 0.000010 0.000010 0.743381 0.048627
0.080494 0.919456 0.000010 0.000010 0.000010 0.000010 0.000010
0.000010 0.999940 0.000010 0.000010 0.000010 0.000010 0.000010
0.000010 0.816199 0.000010 0.000010 0.000010 0.035263 0.148498
0.044142 0.859257 0.000010 0.000010 0.000010 0.000010 0.096562
0.000010 0.932353 0.000010 0.000010 0.008977 0.000010 0.058630
0.000010 0.926073 0.000010 0.000010 0.000010 0.000010 0.073877
0.000010 0.727732 0.124167 0.000010 0.000010 0.085868 0.062204
0.000010 0.934431 0.000010 0.000010 0.000010 0.065519 0.000010
0.000010 0.000010 0.000010 0.000010 0.999940 0.000010 0.000010
0.000010 0.848512 0.025239 0.000010 0.008612 0.000010 0.117607
0.001900 0.615456 0.205404 0.000010 0.015940 0.000010 0.161280
0.000010 0.711804 0.288146 0.000010 0.000010 0.000010 0.000010
0.119185 0.718346 0.162429 0.000010 0.000010 0.000010 0.000010
0.000010 0.000010 0.000010 0.000010 0.999940 0.000010 0.000010
0.000010 0.879209 0.105935 0.000010 0.008816 0.000010 0.006010
0.122541 0.755553 0.112539 0.000010 0.009338 0.000010 0.000010
0.000010 0.000010 0.000010 0.000010 0.999940 0.000010 0.000010
0.195775 0.709712 0.000010 0.000010 0.000010 0.094473 0.000010
0.000010 0.000010 0.000010 0.000010 0.999940 0.000010 0.000010
0.000010 0.000010 0.000010 0.000010 0.999940 0.000010 0.000010
0.000010 0.795491 0.186019 0.000010 0.009283 0.000010 0.009177
0.000010 0.000010 0.000010 0.000010 0.999940 0.000010 0.000010
0.000010 0.000010 0.000010 0.000010 0.000010 0.999940 0.000010
0.000010 0.000010 0.000010 0.000010 0.999940 0.000010 0.000010
0.000010 0.000010 0.000010 0.000010 0.000010 0.999940 0.000010
0.000010 0.999940 0.000010 0.000010 0.000010 0.000010 0.000010
0.052857 0.855959 0.091143 0.000010 0.000010 0.000010 0.000010
0.257758 0.742192 0.000010 0.000010 0.000010 0.000010 0.000010
0.000010 0.822650 0.142300 0.000010 0.000010 0.000010 0.035010
0.000010 0.000010 0.000010 0.000010 0.000010 0.000010 0.999940
0.422276 0.000010 0.000010 0.002127 0.000010 0.000010 0.575557
0.487933 0.000010 0.000010 0.000010 0.000010 0.000010 0.512017
0.000010 0.000010 0.238459 0.000010 0.000010 0.000010 0.761491
0.204906 0.000010 0.000010 0.000010 0.000010 0.000010 0.795044
0.359684 0.065628 0.028997 0.000010 0.000010 0.000010 0.545661
0.296742 0.000010 0.000010 0.000010 0.000010 0.000010 0.703208
0.211754 0.028538 0.000010 0.000010 0.010668 0.000010 0.749011
0.000010 0.000010 0.000010 0.840783 0.159167 0.000010 0.000010
0.608211 0.000010 0.000010 0.000010 0.000010 0.000010 0.391739
0.000010 0.000010 0.458848 0.000010 0.000010 0.000010 0.541102
0.222954 0.000010 0.028486 0.000010 0.000010 0.000010 0.748520
0.000010 0.000010 0.000010 0.000010 0.000010 0.000010 0.999940
0.277161 0.000010 0.053204 0.000010 0.000010 0.000010 0.669595
0.252155 0.000010 0.000010 0.000010 0.000010 0.000010 0.747795
0.243260 0.000010 0.000010 0.000010 0.000010 0.000010 0.756690
0.000010 0.779676 0.089230 0.000010 0.000010 0.000010 0.131055
0.543247 0.319652 0.000010 0.000010 0.000010 0.000010 0.137061
0.000010 0.000010 0.000010 0.999940 0.000010 0.000010 0.000010
0.632567 0.000010 0.000010 0.000010 0.000010 0.000010 0.367383
0.634088 0.000010 0.000010 0.000010 0.000010 0.000010 0.365862
0.671007 0.044539 0.034859 0.000010 0.000010 0.000010 0.249565
0.263314 0.054495 0.000010 0.000010 0.000010 0.000010 0.682151
0.460425 0.000010 0.000010 0.000010 0.000010 0.000010 0.539525
0.000010 0.000010 0.000010 0.999940 0.000010 0.000010 0.000010
0.593390 0.000010 0.000010 0.000010 0.000010 0.000010 0.406560
0.000010 0.000010 0.000010 0.000010 0.000010 0.000010 0.999940
0.000010 0.000010 0.000010 0.999940 0.000010 0.000010 0.000010
0.000010 0.000010 0.000010 0.000010 0.000010 0.000010 0.999940
0.000010 0.000010 0.000010 0.999940 0.000010 0.000010 0.000010
0.000010 0.000010 0.000010 0.999940 0.000010 0.000010 0.000010
0.000010 0.000010 0.000010 0.794253 0.205697 0.000010 0.000010
0.492096 0.000010 0.000010 0.000010 0.002132 0.000010 0.505732
0.407458 0.068699 0.000010 0.000010 0.000010 0.000010 0.523803
0.000010 0.000010 0.944970 0.000010 0.000010 0.000010 0.054980
0.173890 0.000010 0.826060 0.000010 0.000010 0.000010 0.000010
0.094583 0.070506 0.810878 0.010336 0.013676 0.000010 0.000010
0.193476 0.000010 0.806474 0.000010 0.000010 0.000010 0.000010
0.202362 0.000010 0.618863 0.000010 0.022719 0.000010 0.156025
0.000010 0.000010 0.999940 0.000010 0.000010 0.000010 0.000010
0.295629 0.000010 0.000010 0.000010 0.000010 0.000010 0.704321
0.000010 0.000010 0.000010 0.915277 0.084673 0.000010 0.000010
0.415424 0.000010 0.000010 0.000010 0.000010 0.000010 0.584526
0.192304 0.000010 0.000010 0.000010 0.000010 0.000010 0.807646
0.868832 0.000010 0.000010 0.000010 0.000010 0.000010 0.131118
0.000010 0.000010 0.000010 0.999940 0.000010 0.000010 0.000010
0.512126 0.000010 0.000010 0.000010 0.000010 0.000010 0.487824
0.597297 0.000010 0.000010 0.000010 0.000010 0.000010 0.402653
0.600781 0.000010 0.063955 0.017665 0.000010 0.000010 0.317569
0.523832 0.000010 0.000010 0.000010 0.000010 0.000010 0.476118
0.371987 0.002978 0.093950 0.000010 0.000010 0.000010 0.531055
0.190252 0.000010 0.000010 0.000010 0.000010 0.000010 0.809698
0.575692 0.000010 0.013268 0.000010 0.000010 0.000010 0.411000
0.205080 0.016074 0.000010 0.001817 0.000010 0.000010 0.776998
0.443355 0.000010 0.142066 0.000010 0.000010 0.000010 0.414539
0.000010 0.000010 0.000010 0.999940 0.000010 0.000010 0.000010
0.000010 0.000010 0.000010 0.000010 0.000010 0.000010 0.999940
0.590018 0.000010 0.000010 0.000010 0.000010 0.000010 0.409932
0.439401 0.000010 0.000010 0.000010 0.000010 0.000010 0.560549
0.000010 0.000010 0.000010 0.000010 0.000010 0.000010 0.999940
0.999940 0.000010 0.000010 0.000010 0.000010 0.000010 0.000010
0.365126 0.000010 0.000010 0.000010 0.005249 0.000010 0.629585
0.999940 0.000010 0.000010 0.000010 0.000010 0.000010 0.000010
0.556199 0.000010 0.000010 0.000010 0.000010 0.000010 0.443751
0.047679 0.031787 0.000010 0.000010 0.000010 0.000010 0.920494
0.999940 0.000010 0.000010 0.000010 0.000010 0.000010 0.000010
0.613160 0.000010 0.000010 0.000010 0.000010 0.000010 0.386790
0.397528 0.099324 0.000010 0.000010 0.000010 0.000010 0.503109
0.000010 0.000010 0.000010 0.000010 0.000010 0.000010 0.999940
0.765916 0.000010 0.000010 0.000010 0.000010 0.000010 0.234034
0.434979 0.000156 0.000010 0.000010 0.011870 0.000010 0.552966
0.483732 0.000010 0.000010 0.000010 0.000010 0.000010 0.516218
0.000010 0.000010 0.000010 0.000010 0.000010 0.000010 0.999940
0.000010 0.000010 0.000010 0.000010 0.000010 0.000010 0.999940
0.335169 0.000010 0.059758 0.000010 0.000010 0.000010 0.605033
0.278263 0.000010 0.000010 0.000010 0.000010 0.000010 0.721687
0.000010 0.000010 0.000010 0.999940 0.000010 0.000010 0.000010
0.000010 0.000010 0.000010 0.999940 0.000010 0.000010 0.000010
0.682777 0.015016 0.000010 0.000010 0.000010 0.000010 0.302167
0.000010 0.000010 0.000010 0.999940 0.000010 0.000010 0.000010
0.796258 0.000010 0.000010 0.000010 0.000010 0.000010 0.203692
0.618770 0.000010 0.000010 0.000010 0.000010 0.000010 0.381180
0.000010 0.000010 0.000010 0.999940 0.000010 0.000010 0.000010
0.000010 0.000010 0.000010 0.999940 0.000010 0.000010 0.000010
0.655173 0.000010 0.000010 0.000010 0.000010 0.000010 0.344777
0.000010 0.000010 0.000010 0.999940 0.000010 0.000010 0.000010
0.000010 0.000010 0.000010 0.999940 0.000010 0.000010 0.000010
0.000010 0.000010 0.000010 0.917582 0.082368 0.000010 0.000010
0.000010 0.975328 0.024027 0.000010 0.000010 0.000010 0.000605
0.106285 0.799896 0.085123 0.000010 0.000010 0.000010 0.008666
0.000010 0.915297 0.000010 0.000010 0.000010 0.000010 0.084653
0.000010 0.999940 0.000010 0.000010 0.000010 0.000010 0.000010
0.000010 0.000010 0.000010 0.266805 0.733145 0.000010 0.000010
0.585831 0.000010 0.000010 0.000010 0.000010 0.000010 0.414119
0.000010 0.950528 0.000010 0.000010 0.000010 0.000010 0.049422
0.000010 0.852744 0.124051 0.000010 0.023165 0.000010 0.000010
0.000010 0.566984 0.265544 0.000010 0.000010 0.000010 0.167432
0.168822 0.793317 0.000010 0.037821 0.000010 0.000010 0.000010
0.038161 0.821074 0.124216 0.016519 0.000010 0.000010 0.000010
0.000010 0.828822 0.171128 0.000010 0.000010 0.000010 0.000010
0.000010 0.967767 0.000010 0.000010 0.000010 0.000010 0.032183
0.000010 0.999940 0.000010 0.000010 0.000010 0.000010 0.000010
0.000010 0.981954 0.000010 0.017996 0.000010 0.000010 0.000010
0.000010 0.881139 0.026075 0.000010 0.021268 0.000010 0.071488
0.000010 0.850960 0.000010 0.000010 0.000010 0.000010 0.148990
0.000010 0.869201 0.041217 0.012000 0.000010 0.000010 0.077552
0.000010 0.990512 0.000010 0.009438 0.000010 0.000010 0.000010
0.002864 0.997086 0.000010 0.000010 0.000010 0.000010 0.000010
0.000010 0.933562 0.066388 0.000010 0.000010 0.000010 0.000010
0.000010 0.999940 0.000010 0.000010 0.000010 0.000010 0.000010
0.000010 0.895769 0.000010 0.000010 0.000010 0.000010 0.104181
0.131439 0.537722 0.103851 0.000010 0.000847 0.000010 0.226121
0.000010 0.924639 0.075311 0.000010 0.000010 0.000010 0.000010
0.000010 0.999940 0.000010 0.000010 0.000010 0.000010 0.000010
0.106418 0.884892 0.000010 0.000010 0.008649 0.000010 0.000010
0.000010 0.000010 0.000010 0.000010 0.999940 0.000010 0.000010
0.057170 0.831587 0.000010 0.020131 0.000010 0.000010 0.091082
0.000010 0.730161 0.170023 0.019989 0.000010 0.000010 0.079797
0.000010 0.999940 0.000010 0.000010 0.000010 0.000010 0.000010
0.000010 0.000010 0.000010 0.000010 0.999940 0.000010 0.000010
0.000010 0.999940 0.000010 0.000010 0.000010 0.000010 0.000010
0.000010 0.000010 0.000010 0.000010 0.999940 0.000010 0.000010
0.000010 0.999940 0.000010 0.000010 0.000010 0.000010 0.000010
0.000010 0.854029 0.000010 0.000010 0.000010 0.000010 0.145921
0.000010 0.868998 0.130952 0.000010 0.000010 0.000010 0.000010
0.163538 0.836412 0.000010 0.000010 0.000010 0.000010 0.000010
0.000010 0.890146 0.015387 0.000010 0.000010 0.000010 0.094427
0.000010 0.758174 0.098688 0.000010 0.000010 0.000010 0.143098
0.000010 0.823637 0.168591 0.007732 0.000010 0.000010 0.000010
0.000010 0.786360 0.074647 0.000010 0.035065 0.000010 0.103898
0.001964 0.873698 0.051711 0.000010 0.000010 0.000010 0.072597
0.197024 0.709690 0.055903 0.000010 0.000010 0.000010 0.037353
0.000010 0.937578 0.062372 0.000010 0.000010 0.000010 0.000010
0.000010 0.817753 0.167793 0.014415 0.000010 0.000010 0.000010
0.013032 0.799508 0.187420 0.000010 0.000010 0.000010 0.000010
0.242326 0.000010 0.000010 0.000010 0.000010 0.000010 0.757624
0.735394 0.000010 0.034546 0.000010 0.015317 0.000010 0.214713
0.378888 0.000010 0.000010 0.000010 0.000010 0.000010 0.621062
0.869556 0.000010 0.130394 0.000010 0.000010 0.000010 0.000010
0.577742 0.071917 0.000010 0.000010 0.000010 0.000010 0.350300
0.999940 0.000010 0.000010 0.000010 0.000010 0.000010 0.000010
0.252429 0.097972 0.000010 0.000010 0.000010 0.000010 0.649559
0.367449 0.000010 0.051428 0.000010 0.000010 0.000010 0.581083
0.310722 0.000010 0.000010 0.000010 0.000010 0.000010 0.689228
0.625058 0.000010 0.000010 0.000010 0.010355 0.000010 0.364547
0.587512 0.000010 0.000010 0.000010 0.000010 0.000010 0.412438
0.520880 0.000010 0.037691 0.000010 0.000010 0.000010 0.441389
0.000010 0.000010 0.000010 0.000010 0.999940 0.000010 0.000010
0.589467 0.049489 0.000010 0.000010 0.000010 0.000010 0.361004
0.418164 0.047649 0.000010 0.000010 0.000010 0.000010 0.534147
0.294075 0.000010 0.000010 0.000010 0.000010 0.000010 0.705875
0.496571 0.000010 0.000010 0.000010 0.000010 0.000010 0.503379
0.300219 0.000010 0.049059 0.000010 0.000010 0.000010 0.650682
0.517242 0.000010 0.008250 0.000010 0.001471 0.000010 0.473007
0.538869 0.000010 0.000010 0.000010 0.000010 0.000010 0.461081
0.890026 0.109924 0.000010 0.000010 0.000010 0.000010 0.000010
0.887345 0.092225 0.020391 0.000010 0.000010 0.000010 0.000010
0.587919 0.043468 0.000010 0.000010 0.000996 0.000010 0.367587
0.142362 0.000010 0.000010 0.000010 0.000010 0.000010 0.857588
0.387664 0.000010 0.000010 0.000010 0.000010 0.000010 0.612286
0.331291 0.000010 0.042375 0.000010 0.000010 0.000010 0.626294
0.389120 0.000010 0.000010 0.017249 0.000010 0.000010 0.593590
0.626166 0.084610 0.000010 0.000010 0.000010 0.000010 0.289184
0.999940 0.000010 0.000010 0.000010 0.000010 0.000010 0.000010
0.654681 0.000010 0.101786 0.000010 0.000010 0.000010 0.243493
0.497547 0.121291 0.030205 0.000010 0.000010 0.000010 0.350928
0.259964 0.191267 0.056357 0.000010 0.000010 0.000010 0.492382
0.423804 0.000010 0.000010 0.000010 0.000010 0.000010 0.576146
0.000010 0.987921 0.000010 0.012029 0.000010 0.000010 0.000010
0.625662 0.000010 0.058372 0.000010 0.000010 0.000010 0.315926
0.016304 0.052934 0.000010 0.000010 0.000010 0.000010 0.930722
0.701903 0.000010 0.000010 0.000010 0.000010 0.000010 0.298047
0.999940 0.000010 0.000010 0.000010 0.000010 0.000010 0.000010
0.585205 0.000010 0.000010 0.000010 0.000010 0.000010 0.414745
0.664704 0.134636 0.000010 0.000010 0.000010 0.000010 0.200620
0.999940 0.000010 0.000010 0.000010 0.000010 0.000010 0.000010
0.255319 0.035531 0.136935 0.000010 0.000010 0.000010 0.572185
0.570175 0.000010 0.000010 0.000010 0.000010 0.000010 0.429775
0.571567 0.000010 0.000010 0.000010 0.000010 0.000010 0.428383
0.676053 0.061812 0.107580 0.000010 0.000010 0.000010 0.154524
0.354743 0.000010 0.000010 0.000010 0.000010 0.000010 0.645207
0.073284 0.097391 0.000010 0.000010 0.000010 0.000010 0.829285
0.474954 0.000010 0.000010 0.000010 0.000010 0.000010 0.524996
0.659963 0.000010 0.000010 0.000010 0.000010 0.000010 0.339987
0.003621 0.000010 0.000010 0.000010 0.012729 0.000010 0.983610
0.999940 0.000010 0.000010 0.000010 0.000010 0.000010 0.000010
0.228856 0.000010 0.160688 0.000010 0.000010 0.000010 0.610416
0.853008 0.000010 0.000010 0.000010 0.000010 0.000010 0.146942
0.000010 0.090388 0.000010 0.000010 0.029822 0.000010 0.879751
0.976553 0.000010 0.000010 0.000010 0.023397 0.000010 0.000010
0.551357 0.053857 0.000010 0.000010 0.000010 0.000010 0.394747
0.425147 0.000010 0.000010 0.000010 0.005549 0.000010 0.569265
0.386249 0.000010 0.000010 0.000010 0.000010 0.000010 0.613701
0.522296 0.039909 0.000010 0.000010 0.003508 0.000010 0.434257
0.999940 0.000010 0.000010 0.000010 0.000010 0.000010 0.000010
0.364049 0.000010 0.000010 0.000010 0.000010 0.067456 0.568455
0.999940 0.000010 0.000010 0.000010 0.000010 0.000010 0.000010
0.251784 0.000010 0.000010 0.000010 0.000010 0.000010 0.748166
0.759065 0.058410 0.000010 0.000010 0.000010 0.000010 0.182486
0.000010 0.000010 0.000010 0.000010 0.000010 0.000010 0.999940
0.999940 0.000010 0.000010 0.000010 0.000010 0.000010 0.000010
0.000010 0.000010 0.000010 0.999940 0.000010 0.000010 0.000010
0.999940 0.000010 0.000010 0.000010 0.000010 0.000010 0.000010
0.999940 0.000010 0.000010 0.000010 0.000010 0.000010 0.000010
0.273206 0.000010 0.000010 0.000010 0.000010 0.000010 0.726744
0.391708 0.000010 0.000010 0.000010 0.006031 0.000010 0.602221
0.000010 0.000010 0.000010 0.000010 0.000010 0.000010 0.999940
0.728960 0.000010 0.000010 0.000010 0.000010 0.000010 0.270990
0.000010 0.000010 0.000010 0.000010 0.000128 0.000010 0.999822
0.000010 0.000010 0.000010 0.000010 0.000010 0.000010 0.999940
0.000010 0.000010 0.000010 0.000010 0.000010 0.000010 0.999940
0.311762 0.051909 0.000010 0.000010 0.000010 0.000010 0.636288
0.489977 0.000010 0.000010 0.000010 0.000010 0.000010 0.509973
0.627977 0.126847 0.000010 0.000010 0.004456 0.000010 0.240690
0.060706 0.000010 0.035688 0.000010 0.000010 0.000010 0.903566
0.384384 0.015747 0.000010 0.000010 0.000010 0.000010 0.599829
0.094429 0.000010 0.000010 0.000010 0.000010 0.000010 0.905521
0.000010 0.000010 0.999940 0.000010 0.000010 0.000010 0.000010
0.000010 0.000010 0.909614 0.000010 0.000010 0.000010 0.090336
0.000010 0.131272 0.861574 0.000010 0.007113 0.000010 0.000010
0.000010 0.253061 0.600253 0.000010 0.000010 0.000010 0.146645
0.000010 0.000010 0.999940 0.000010 0.000010 0.000010 0.000010
0.000010 0.000010 0.999940 0.000010 0.000010 0.000010 0.000010
0.000010 0.000010 0.815600 0.000010 0.000010 0.000010 0.184350
0.000010 0.000010 0.834128 0.000010 0.000010 0.000010 0.165822
0.000010 0.261561 0.732363 0.006036 0.000010 0.000010 0.000010
0.000010 0.000010 0.871109 0.000010 0.000010 0.000010 0.128841
0.000010 0.079560 0.833957 0.000010 0.000010 0.000010 0.086443
0.123069 0.000010 0.876881 0.000010 0.000010 0.000010 0.000010
0.150562 0.206391 0.643007 0.000010 0.000010 0.000010 0.000010
0.000010 0.000010 0.987177 0.000500 0.012282 0.000010 0.000010
0.000010 0.000010 0.999940 0.000010 0.000010 0.000010 0.000010
0.000020 0.000010 0.000018 0.225382 0.774550 0.000010 0.000010
0.000010 0.000010 0.999940 0.000010 0.000010 0.000010 0.000010
0.161524 0.000010 0.838426 0.000010 0.000010 0.000010 0.000010
0.000010 0.032270 0.714785 0.000010 0.000010 0.000010 0.252904
0.000010 0.000010 0.981227 0.018723 0.000010 0.000010 0.000010
0.194423 0.318787 0.486750 0.000010 0.000010 0.000010 0.000010
0.000010 0.000010 0.999940 0.000010 0.000010 0.000010 0.000010
0.000010 0.000010 0.786473 0.000010 0.000010 0.000010 0.213477
0.091646 0.000010 0.908304 0.000010 0.000010 0.000010 0.000010
0.086845 0.000010 0.913105 0.000010 0.000010 0.000010 0.000010
0.000010 0.000010 0.777560 0.000010 0.002593 0.000010 0.219807
0.000010 0.081588 0.918362 0.000010 0.000010 0.000010 0.000010
0.000010 0.000010 0.999940 0.000010 0.000010 0.000010 0.000010
0.000010 0.081885 0.918065 0.000010 0.000010 0.000010 0.000010
0.000010 0.000010 0.969925 0.000010 0.000010 0.000010 0.030025
0.000010 0.000010 0.999940 0.000010 0.000010 0.000010 0.000010
0.033544 0.000010 0.966406 0.000010 0.000010 0.000010 0.000010
0.080239 0.000010 0.919711 0.000010 0.000010 0.000010 0.000010
0.000010 0.000010 0.999940 0.000010 0.000010 0.000010 0.000010
0.000010 0.017999 0.981951 0.000010 0.000010 0.000010 0.000010
0.000010 0.000010 0.000010 0.195803 0.804147 0.000010 0.000010
0.000010 0.000010 0.999940 0.000010 0.000010 0.000010 0.000010
0.022018 0.000010 0.977932 0.000010 0.000010 0.000010 0.000010
0.000010 0.000010 0.000010 0.015178 0.984772 0.000010 0.000010
0.000010 0.000010 0.999940 0.000010 0.000010 0.000010 0.000010
0.117367 0.000010 0.882583 0.000010 0.000010 0.000010 0.000010
0.134460 0.000010 0.865490 0.000010 0.000010 0.000010 0.000010
0.000010 0.000010 0.918548 0.000010 0.000010 0.000010 0.081402
0.000010 0.000010 0.999940 0.000010 0.000010 0.000010 0.000010
0.000010 0.096984 0.899371 0.003605 0.000010 0.000010 0.000010
0.002664 0.000010 0.970598 0.000010 0.026698 0.000010 0.000010
0.000010 0.000010 0.000010 0.450919 0.549031 0.000010 0.000010
0.000010 0.000010 0.999940 0.000010 0.000010 0.000010 0.000010
0.139528 0.000010 0.859153 0.001279 0.000010 0.000010 0.000010
0.000010 0.000010 0.999940 0.000010 0.000010 0.000010 0.000010
0.129138 0.000010 0.870812 0.000010 0.000010 0.000010 0.000010
0.110309 0.000010 0.889641 0.000010 0.000010 0.000010 0.000010
0.000010 0.075442 0.000010 0.000010 0.000010 0.000010 0.924508
