0.000010 0.890791 0.108723 0.000010 0.000446 0.000010 0.000010
0.051797 0.798188 0.149975 0.000010 0.000010 0.000010 0.000010
0.047422 0.952528 0.000010 0.000010 0.000010 0.000010 0.000010
0.000010 0.999940 0.000010 0.000010 0.000010 0.000010 0.000010
0.181289 0.814765 0.000010 0.003907 0.000010 0.000010 0.000010
0.000010 0.847484 0.000010 0.000010 0.000010 0.000010 0.152466
0.019059 0.980891 0.000010 0.000010 0.000010 0.000010 0.000010
0.000010 0.890422 0.050789 0.000010 0.000010 0.000010 0.058749
0.000010 0.972753 0.000010 0.000010 0.000010 0.000010 0.027197
0.000010 0.000010 0.000010 0.000010 0.000010 0.999940 0.000010
0.000010 0.000010 0.000010 0.000010 0.000010 0.999940 0.000010
0.000010 0.776523 0.180243 0.000010 0.000010 0.000010 0.043194
0.000010 0.873707 0.126243 0.000010 0.000010 0.000010 0.000010
0.144424 0.855526 0.000010 0.000010 0.000010 0.000010 0.000010
0.056596 0.943354 0.000010 0.000010 0.000010 0.000010 0.000010
0.000010 0.773407 0.024030 0.000010 0.000010 0.000010 0.202523
0.000010 0.988972 0.000010 0.010978 0.000010 0.000010 0.000010
0.000010 0.823178 0.028179 0.000010 0.000010 0.000010 0.148603
0.000010 0.889991 0.040318 0.011439 0.000010 0.000010 0.058222
0.000010 0.990638 0.000010 0.009312 0.000010 0.000010 0.000010
0.000010 0.898279 0.000010 0.000010 0.000010 0.000010 0.101671
0.000010 0.999940 0.000010 0.000010 0.000010 0.000010 0.000010
0.000010 0.999940 0.000010 0.000010 0.000010 0.000010 0.000010
0.000010 0.920679 0.079271 0.000010 0.000010 0.000010 0.000010
0.000010 0.902058 0.090883 0.000010 0.007019 0.000010 0.000010
0.000010 0.914227 0.085723 0.000010 0.000010 0.000010 0.000010
0.000010 0.810393 0.119359 0.000010 0.000010 0.000010 0.070207
0.784616 0.000010 0.215334 0.000010 0.000010 0.000010 0.000010
0.117717 0.882233 0.000010 0.000010 0.000010 0.000010 0.000010
0.069723 0.909328 0.000010 0.000010 0.020909 0.000010 0.000010
0.000010 0.999940 0.000010 0.000010 0.000010 0.000010 0.000010
0.000010 0.999940 0.000010 0.000010 0.000010 0.000010 0.000010
0.000010 0.789443 0.131849 0.000010 0.000010 0.023709 0.054969
0.000010 0.997770 0.000010 0.002180 0.000010 0.000010 0.000010
0.000010 0.000010 0.000010 0.000010 0.000010 0.999940 0.000010
0.000010 0.417209 0.000010 0.000010 0.000010 0.561707 0.021043
0.055811 0.787413 0.000010 0.000010 0.000010 0.000010 0.156736
0.000010 0.999940 0.000010 0.000010 0.000010 0.000010 0.000010
0.000010 0.912191 0.062990 0.000010 0.000010 0.000010 0.024779
0.091874 0.610559 0.116484 0.001239 0.000010 0.063753 0.116082
0.000010 0.706633 0.000010 0.000010 0.000010 0.175975 0.117353
0.120365 0.839868 0.000010 0.000010 0.007273 0.032464 0.000010
0.000010 0.705764 0.033190 0.000010 0.000010 0.000010 0.261006
0.022504 0.917577 0.000010 0.000010 0.044161 0.000010 0.015728
0.000010 0.000010 0.000010 0.999940 0.000010 0.000010 0.000010
0.085726 0.884442 0.000010 0.029791 0.000010 0.000010 0.000010
0.115583 0.581120 0.157727 0.015962 0.000010 0.072294 0.057304
0.000010 0.999940 0.000010 0.000010 0.000010 0.000010 0.000010
0.000010 0.765025 0.035348 0.038400 0.000010 0.000010 0.161198
0.000010 0.000010 0.000010 0.999940 0.000010 0.000010 0.000010
0.000010 0.959296 0.000010 0.000010 0.000010 0.040654 0.000010
0.048841 0.729051 0.185847 0.006067 0.000010 0.000010 0.030173
0.000010 0.000010 0.000010 0.999940 0.000010 0.000010 0.000010
0.000010 0.999940 0.000010 0.000010 0.000010 0.000010 0.000010
0.000010 0.000010 0.000010 0.999940 0.000010 0.000010 0.000010
0.000010 0.000010 0.000010 0.999940 0.000010 0.000010 0.000010
0.000010 0.547259 0.219352 0.000010 0.000010 0.000010 0.233349
0.000010 0.000010 0.000010 0.999940 0.000010 0.000010 0.000010
0.000010 0.000010 0.000010 0.000010 0.000010 0.999940 0.000010
0.000010 0.000010 0.000010 0.999940 0.000010 0.000010 0.000010
0.000010 0.000010 0.000010 0.000010 0.000010 0.999940 0.000010
0.000010 0.506485 0.259817 0.000010 0.000010 0.233658 0.000010
0.000010 0.910407 0.000010 0.000010 0.000010 0.000010 0.089543
0.000010 0.787718 0.063897 0.000010 0.000010 0.000010 0.148345
0.000010 0.767047 0.232903 0.000010 0.000010 0.000010 0.000010
0.239071 0.000010 0.000010 0.000010 0.000010 0.000010 0.760879
0.564516 0.000010 0.000010 0.000010 0.000010 0.000010 0.435434
0.621861 0.000010 0.000010 0.000010 0.000010 0.050236 0.327862
0.290757 0.103609 0.048667 0.000010 0.000010 0.000010 0.556937
0.000010 0.000010 0.000010 0.000010 0.000010 0.000010 0.999940
0.722768 0.000010 0.000010 0.005952 0.000010 0.000010 0.271241
0.452658 0.000010 0.000010 0.000010 0.000939 0.000010 0.546363
0.661518 0.045725 0.000010 0.000010 0.000010 0.000010 0.292717
0.000010 0.000010 0.000010 0.159718 0.840232 0.000010 0.000010
0.631718 0.000010 0.006829 0.000010 0.000010 0.000010 0.361413
0.107073 0.036980 0.000010 0.000010 0.000010 0.000010 0.855906
0.504244 0.000010 0.000010 0.000010 0.000010 0.000010 0.495706
0.103620 0.000010 0.102865 0.000010 0.000010 0.000010 0.793475
0.637568 0.000010 0.000010 0.000010 0.000010 0.000010 0.362382
0.080149 0.000010 0.000010 0.000010 0.000010 0.000010 0.919801
0.956981 0.000010 0.000010 0.000010 0.000010 0.000010 0.042969
0.000010 0.945902 0.000010 0.000010 0.000010 0.027099 0.026959
0.498274 0.140995 0.000010 0.000010 0.000010 0.000010 0.360691
0.000010 0.000010 0.000010 0.000010 0.999940 0.000010 0.000010
0.130741 0.000010 0.000010 0.000010 0.000010 0.000010 0.869209
0.001637 0.068062 0.000010 0.000010 0.000010 0.000010 0.930261
0.000010 0.000010 0.000010 0.000010 0.000010 0.000010 0.999940
0.000010 0.044320 0.000010 0.000010 0.000010 0.000010 0.955630
0.465620 0.000010 0.130638 0.000010 0.000010 0.000010 0.403702
0.000010 0.000010 0.000010 0.000010 0.999940 0.000010 0.000010
0.641788 0.000010 0.055361 0.000010 0.000010 0.000010 0.302812
0.000010 0.000010 0.000010 0.000010 0.000010 0.000010 0.999940
0.000010 0.000010 0.000010 0.070925 0.929025 0.000010 0.000010
0.000010 0.000010 0.000010 0.000010 0.000010 0.000010 0.999940
0.000010 0.000010 0.000010 0.000010 0.999940 0.000010 0.000010
0.000010 0.000010 0.000010 0.000010 0.999940 0.000010 0.000010
0.000010 0.000010 0.000010 0.103818 0.896132 0.000010 0.000010
0.537242 0.000010 0.000010 0.000010 0.000010 0.000010 0.462708
0.293890 0.000010 0.000010 0.000010 0.000010 0.000010 0.706060
0.073186 0.249012 0.645235 0.000010 0.000010 0.032537 0.000010
0.000010 0.000010 0.999940 0.000010 0.000010 0.000010 0.000010
0.088464 0.143981 0.767515 0.000010 0.000010 0.000010 0.000010
0.000010 0.000010 0.999940 0.000010 0.000010 0.000010 0.000010
0.040702 0.168027 0.652142 0.031386 0.000010 0.000010 0.107722
0.000010 0.000010 0.930000 0.000010 0.000010 0.000010 0.069950
0.445144 0.000010 0.000010 0.000010 0.000010 0.000010 0.554806
0.000010 0.000010 0.000010 0.074807 0.925143 0.000010 0.000010
0.300213 0.000010 0.000010 0.000010 0.000010 0.000010 0.699737
0.000010 0.000010 0.000010 0.000010 0.020529 0.000010 0.979421
0.668303 0.000010 0.000010 0.000010 0.000010 0.000010 0.331647
0.000010 0.000010 0.000010 0.000010 0.999940 0.000010 0.000010
0.553567 0.000010 0.000010 0.000010 0.000010 0.000010 0.446383
0.754646 0.000010 0.041374 0.000010 0.000010 0.000010 0.203940
0.582727 0.000010 0.082189 0.000010 0.011815 0.000010 0.323238
0.671716 0.000010 0.000010 0.000010 0.000010 0.000010 0.328234
0.999940 0.000010 0.000010 0.000010 0.000010 0.000010 0.000010
0.319016 0.000010 0.000010 0.000010 0.000010 0.000010 0.680934
0.000010 0.000010 0.000010 0.000010 0.000010 0.000010 0.999940
0.558136 0.000010 0.000010 0.000010 0.000010 0.000010 0.441814
0.492218 0.027652 0.089189 0.000010 0.000010 0.000010 0.390911
0.000010 0.000010 0.000010 0.000010 0.999940 0.000010 0.000010
0.000010 0.000010 0.073758 0.000010 0.000010 0.000010 0.926192
0.422266 0.000010 0.000010 0.000010 0.000010 0.000010 0.577684
0.189495 0.000010 0.000010 0.000010 0.000010 0.000010 0.810455
0.000010 0.000010 0.000010 0.000010 0.000010 0.000010 0.999940
0.999940 0.000010 0.000010 0.000010 0.000010 0.000010 0.000010
0.728739 0.000010 0.000010 0.000010 0.000010 0.000010 0.271211
0.999940 0.000010 0.000010 0.000010 0.000010 0.000010 0.000010
0.450150 0.000010 0.000010 0.000010 0.000010 0.000010 0.549800
0.999940 0.000010 0.000010 0.000010 0.000010 0.000010 0.000010
0.999940 0.000010 0.000010 0.000010 0.000010 0.000010 0.000010
0.221751 0.071418 0.000010 0.000010 0.000010 0.000010 0.706791
0.000010 0.000010 0.000010 0.000010 0.000010 0.000010 0.999940
0.000010 0.000010 0.000010 0.000010 0.000010 0.000010 0.999940
0.602177 0.000010 0.000010 0.000010 0.000010 0.000010 0.397772
0.333593 0.109922 0.000010 0.026261 0.000010 0.000010 0.530194
0.776386 0.000010 0.000010 0.000010 0.000010 0.000010 0.223564
0.000010 0.000010 0.000010 0.000010 0.000010 0.000010 0.999940
0.000010 0.000010 0.000010 0.000010 0.000010 0.000010 0.999940
0.000010 0.000010 0.000010 0.000010 0.000010 0.000010 0.999940
0.201693 0.000010 0.000010 0.000010 0.000010 0.000010 0.798257
0.000010 0.000010 0.000010 0.000010 0.999940 0.000010 0.000010
0.000010 0.000010 0.000010 0.000010 0.999940 0.000010 0.000010
0.674692 0.000010 0.000010 0.000010 0.000010 0.000010 0.325258
0.000010 0.000010 0.000010 0.000010 0.999940 0.000010 0.000010
0.999940 0.000010 0.000010 0.000010 0.000010 0.000010 0.000010
0.539030 0.000010 0.000010 0.000010 0.000010 0.000010 0.460920
0.000010 0.000010 0.000010 0.000010 0.999940 0.000010 0.000010
0.000010 0.000011 0.000010 0.000010 0.999939 0.000010 0.000010
0.504941 0.000010 0.000010 0.000010 0.000010 0.000010 0.495009
0.000010 0.000010 0.000010 0.000010 0.999940 0.000010 0.000010
0.000010 0.000010 0.000010 0.000010 0.999940 0.000010 0.000010
0.000010 0.000010 0.000010 0.000010 0.999940 0.000010 0.000010
0.000010 0.999940 0.000010 0.000010 0.000010 0.000010 0.000010
0.000010 0.731850 0.268100 0.000010 0.000010 0.000010 0.000010
0.000010 0.947443 0.048239 0.000010 0.000010 0.000010 0.004278
0.000010 0.973952 0.000010 0.000010 0.000010 0.000010 0.025998
0.000010 0.000010 0.000010 0.853596 0.146354 0.000010 0.000010
0.576256 0.000010 0.149480 0.000010 0.000010 0.000010 0.274224
0.000327 0.999623 0.000010 0.000010 0.000010 0.000010 0.000010
0.169167 0.806096 0.000010 0.024697 0.000010 0.000010 0.000010
0.000010 0.784937 0.215013 0.000010 0.000010 0.000010 0.000010
0.000010 0.999940 0.000010 0.000010 0.000010 0.000010 0.000010
0.000010 0.861045 0.000010 0.000010 0.025237 0.000010 0.113678
0.000010 0.999940 0.000010 0.000010 0.000010 0.000010 0.000010
0.026518 0.890209 0.000010 0.000010 0.000010 0.000010 0.083233
0.000010 0.965787 0.000010 0.000010 0.000010 0.034163 0.000010
0.000010 0.999940 0.000010 0.000010 0.000010 0.000010 0.000010
0.000010 0.999940 0.000010 0.000010 0.000010 0.000010 0.000010
0.000010 0.833233 0.166717 0.000010 0.000010 0.000010 0.000010
0.000010 0.885922 0.114028 0.000010 0.000010 0.000010 0.000010
0.001411 0.998539 0.000010 0.000010 0.000010 0.000010 0.000010
0.000010 0.999940 0.000010 0.000010 0.000010 0.000010 0.000010
0.000010 0.974464 0.025486 0.000010 0.000010 0.000010 0.000010
0.000010 0.929826 0.000012 0.000010 0.000010 0.000010 0.070121
0.021590 0.938132 0.000010 0.000010 0.000010 0.000010 0.040238
0.059482 0.914645 0.000010 0.025832 0.000010 0.000010 0.000010
0.000010 0.913975 0.085975 0.000010 0.000010 0.000010 0.000010
0.000010 0.999940 0.000010 0.000010 0.000010 0.000010 0.000010
0.000010 0.772953 0.201895 0.025112 0.000010 0.000010 0.000010
0.000010 0.000010 0.000010 0.999940 0.000010 0.000010 0.000010
0.000010 0.993264 0.006686 0.000010 0.000010 0.000010 0.000010
0.000010 0.695341 0.304609 0.000010 0.000010 0.000010 0.000010
0.000010 0.990084 0.000010 0.009866 0.000010 0.000010 0.000010
0.000010 0.000010 0.000010 0.982182 0.017768 0.000010 0.000010
0.000010 0.999940 0.000010 0.000010 0.000010 0.000010 0.000010
0.000010 0.000010 0.000010 0.999940 0.000010 0.000010 0.000010
0.000010 0.999940 0.000010 0.000010 0.000010 0.000010 0.000010
0.000010 0.997428 0.000010 0.002522 0.000010 0.000010 0.000010
0.000010 0.961547 0.000010 0.000010 0.000010 0.000010 0.038403
0.000010 0.891973 0.050652 0.000010 0.000010 0.057335 0.000010
0.000010 0.956551 0.000010 0.018332 0.000010 0.000010 0.025077
0.237459 0.762491 0.000010 0.000010 0.000010 0.000010 0.000010
0.000010 0.999940 0.000010 0.000010 0.000010 0.000010 0.000010
0.000010 0.688876 0.107489 0.000010 0.018926 0.000010 0.184679
0.000010 0.999940 0.000010 0.000010 0.000010 0.000010 0.000010
0.073971 0.776699 0.149289 0.000010 0.000010 0.000010 0.000010
0.023153 0.976797 0.000010 0.000010 0.000010 0.000010 0.000010
0.107554 0.693301 0.175532 0.000010 0.003862 0.019731 0.000010
0.058207 0.619997 0.321756 0.000010 0.000010 0.000010 0.000010
0.763625 0.000010 0.000010 0.000010 0.000010 0.000010 0.236325
0.627014 0.053539 0.000010 0.000010 0.000010 0.000010 0.319407
0.999940 0.000010 0.000010 0.000010 0.000010 0.000010 0.000010
0.628585 0.000010 0.000010 0.000010 0.000010 0.000010 0.371365
0.661924 0.000010 0.000010 0.000010 0.000010 0.000010 0.338026
0.426233 0.013357 0.028720 0.000010 0.000010 0.000010 0.531660
0.503648 0.060024 0.032375 0.000010 0.007777 0.000010 0.396156
0.000010 0.000010 0.000010 0.000010 0.000010 0.000010 0.999940
0.000010 0.000010 0.000010 0.000010 0.000010 0.000010 0.999940
0.000010 0.000010 0.000010 0.000010 0.000010 0.000010 0.999940
0.000010 0.000010 0.000010 0.000010 0.000010 0.000010 0.999940
0.655692 0.000010 0.000010 0.000010 0.000010 0.032451 0.311817
0.000010 0.000010 0.000010 0.952855 0.047095 0.000010 0.000010
0.613206 0.000010 0.000010 0.000010 0.000010 0.000010 0.386744
0.618672 0.000010 0.000010 0.000010 0.000010 0.000010 0.381278
0.377588 0.000010 0.000010 0.000010 0.000010 0.000010 0.622362
0.000010 0.114531 0.000010 0.000010 0.000010 0.000010 0.885419
0.437032 0.000010 0.000010 0.000010 0.000010 0.000010 0.562918
0.745570 0.000010 0.026776 0.001395 0.000010 0.000010 0.226229
0.737087 0.000010 0.000010 0.000010 0.000010 0.000010 0.262863
0.500890 0.117242 0.000010 0.000010 0.000010 0.000010 0.381828
0.639720 0.000010 0.000010 0.000010 0.000010 0.000010 0.360230
0.520672 0.000010 0.000010 0.000010 0.000010 0.000010 0.479278
0.700333 0.000010 0.000010 0.000010 0.000010 0.000010 0.299617
0.249084 0.000010 0.000010 0.000010 0.000010 0.000010 0.750866
0.403323 0.000010 0.000010 0.000010 0.000010 0.000010 0.596627
0.514112 0.000010 0.000010 0.000010 0.000010 0.000010 0.485838
0.431588 0.000010 0.000010 0.000010 0.000010 0.000010 0.568362
0.999940 0.000010 0.000010 0.000010 0.000010 0.000010 0.000010
0.752821 0.141613 0.000010 0.000010 0.000010 0.000010 0.105526
0.185288 0.091429 0.083756 0.000010 0.000010 0.000010 0.639497
0.547644 0.000010 0.204709 0.000010 0.000010 0.000010 0.247607
0.544406 0.000010 0.000010 0.000010 0.000010 0.000010 0.455544
0.000010 0.793298 0.206652 0.000010 0.000010 0.000010 0.000010
0.457785 0.000010 0.158218 0.000010 0.000010 0.000010 0.383957
0.000010 0.000010 0.057895 0.000010 0.000010 0.000010 0.942055
0.322169 0.000010 0.000010 0.000010 0.000010 0.000010 0.677781
0.000010 0.000010 0.000010 0.000010 0.000010 0.000010 0.999940
0.539587 0.000010 0.000010 0.000010 0.000010 0.000010 0.460363
0.498941 0.031074 0.000010 0.000010 0.000010 0.042914 0.427041
0.679469 0.000010 0.000010 0.000010 0.000010 0.000010 0.320481
0.379453 0.000772 0.088822 0.000010 0.000010 0.000010 0.530923
0.508336 0.000010 0.046437 0.000010 0.000010 0.000010 0.445187
0.538826 0.000010 0.000010 0.000010 0.000010 0.000010 0.461124
0.469318 0.000010 0.153397 0.000010 0.000010 0.000010 0.377246
0.679909 0.000010 0.000010 0.000010 0.000010 0.000010 0.320041
0.531683 0.000010 0.030523 0.000010 0.000010 0.000010 0.437754
0.999940 0.000010 0.000010 0.000010 0.000010 0.000010 0.000010
0.538506 0.043322 0.000010 0.000010 0.000010 0.000010 0.418132
0.438456 0.000010 0.000010 0.000010 0.000010 0.000010 0.561494
0.999940 0.000010 0.000010 0.000010 0.000010 0.000010 0.000010
0.250365 0.110835 0.000010 0.000010 0.000010 0.000010 0.638759
0.654914 0.000010 0.000010 0.000010 0.000010 0.000010 0.345036
0.420150 0.000010 0.089047 0.000010 0.000010 0.000010 0.490762
0.809040 0.000010 0.040329 0.000010 0.000010 0.000010 0.150590
0.829562 0.000010 0.170388 0.000010 0.000010 0.000010 0.000010
0.820742 0.000010 0.000010 0.000010 0.000010 0.000010 0.179208
0.000010 0.000010 0.000010 0.000010 0.000010 0.000010 0.999940
0.983070 0.000010 0.016880 0.000010 0.000010 0.000010 0.000010
0.999940 0.000010 0.000010 0.000010 0.000010 0.000010 0.000010
0.000010 0.000010 0.040313 0.000010 0.000010 0.000010 0.959637
0.999940 0.000010 0.000010 0.000010 0.000010 0.000010 0.000010
0.385018 0.000010 0.000010 0.000010 0.000010 0.000010 0.614932
0.298285 0.000010 0.022926 0.000010 0.000010 0.000010 0.678749
0.000010 0.000010 0.000010 0.000010 0.000010 0.000010 0.999940
0.938488 0.000010 0.000010 0.000010 0.000010 0.000010 0.061462
0.000010 0.000010 0.000010 0.000010 0.999940 0.000010 0.000010
0.601366 0.000010 0.000010 0.000010 0.000010 0.000010 0.398584
0.999940 0.000010 0.000010 0.000010 0.000010 0.000010 0.000010
0.420714 0.000010 0.000010 0.000010 0.000010 0.000010 0.579236
0.437681 0.000010 0.000010 0.000010 0.000010 0.000010 0.562269
0.528028 0.000010 0.000010 0.000010 0.000010 0.000010 0.471922
0.835552 0.000010 0.000010 0.000010 0.000010 0.000010 0.164398
0.999940 0.000010 0.000010 0.000010 0.000010 0.000010 0.000010
0.999940 0.000010 0.000010 0.000010 0.000010 0.000010 0.000010
0.863014 0.000010 0.000010 0.000010 0.000010 0.136936 0.000010
0.421906 0.016214 0.000010 0.000010 0.000010 0.000010 0.561840
0.687716 0.000010 0.000010 0.000010 0.000010 0.000010 0.312234
0.333374 0.000010 0.000010 0.005454 0.000010 0.000010 0.661132
0.274482 0.000010 0.098877 0.000010 0.000010 0.000010 0.626601
0.401053 0.000010 0.000010 0.000010 0.000010 0.000010 0.598897
0.999940 0.000010 0.000010 0.000010 0.000010 0.000010 0.000010
0.000010 0.000010 0.999940 0.000010 0.000010 0.000010 0.000010
0.000010 0.000010 0.844122 0.000010 0.028669 0.000010 0.127169
0.000010 0.000010 0.958239 0.041711 0.000010 0.000010 0.000010
0.000010 0.327214 0.524634 0.000010 0.000010 0.000010 0.148112
0.000010 0.150219 0.849731 0.000010 0.000010 0.000010 0.000010
0.000010 0.000010 0.999940 0.000010 0.000010 0.000010 0.000010
0.000010 0.000010 0.999940 0.000010 0.000010 0.000010 0.000010
0.000010 0.000010 0.962494 0.000010 0.000010 0.000010 0.037456
0.000010 0.052461 0.947489 0.000010 0.000010 0.000010 0.000010
0.000010 0.094535 0.876801 0.000010 0.000010 0.000010 0.028624
0.001482 0.000010 0.995471 0.003007 0.000010 0.000010 0.000010
0.000010 0.165312 0.792576 0.000010 0.000010 0.000010 0.042072
0.108919 0.086515 0.741398 0.000010 0.000010 0.000010 0.063138
0.000010 0.000010 0.999940 0.000010 0.000010 0.000010 0.000010
0.000010 0.000010 0.999940 0.000010 0.000010 0.000010 0.000010
0.000010 0.000010 0.000010 0.999940 0.000010 0.000010 0.000010
0.036830 0.000010 0.963120 0.000010 0.000010 0.000010 0.000010
0.000010 0.000010 0.982089 0.000010 0.000010 0.000010 0.017861
0.271679 0.000010 0.728271 0.000010 0.000010 0.000010 0.000010
0.000010 0.000010 0.999940 0.000010 0.000010 0.000010 0.000010
0.078250 0.288035 0.633675 0.000010 0.000010 0.000010 0.000010
0.000010 0.000010 0.999940 0.000010 0.000010 0.000010 0.000010
0.000010 0.000010 0.922229 0.003803 0.000010 0.000010 0.073928
0.000010 0.000010 0.867323 0.000010 0.000010 0.000010 0.132627
0.050096 0.000010 0.949854 0.000010 0.000010 0.000010 0.000010
0.137039 0.131407 0.713125 0.018399 0.000010 0.000010 0.000010
0.000010 0.000010 0.999940 0.000010 0.000010 0.000010 0.000010
0.000010 0.000010 0.989849 0.010101 0.000010 0.000010 0.000010
0.000010 0.000010 0.999940 0.000010 0.000010 0.000010 0.000010
0.000010 0.000010 0.851051 0.000010 0.000010 0.000010 0.148899
0.000010 0.000010 0.999940 0.000010 0.000010 0.000010 0.000010
0.000010 0.000010 0.892399 0.000010 0.000010 0.000010 0.107551
0.000010 0.000010 0.999940 0.000010 0.000010 0.000010 0.000010
0.062749 0.000010 0.937201 0.000010 0.000010 0.000010 0.000010
0.032652 0.000010 0.967298 0.000010 0.000010 0.000010 0.000010
0.000010 0.000010 0.000010 0.817607 0.182343 0.000010 0.000010
0.000010 0.000010 0.999937 0.000010 0.000010 0.000013 0.000010
0.000010 0.000010 0.997632 0.002318 0.000010 0.000010 0.000010
0.000010 0.000010 0.000010 0.838637 0.161313 0.000010 0.000010
0.000010 0.000010 0.999940 0.000010 0.000010 0.000010 0.000010
0.100728 0.000010 0.899222 0.000010 0.000010 0.000010 0.000010
0.175819 0.000010 0.824131 0.000010 0.000010 0.000010 0.000010
0.000010 0.000010 0.999940 0.000010 0.000010 0.000010 0.000010
0.000010 0.000010 0.999940 0.000010 0.000010 0.000010 0.000010
0.000010 0.000010 0.903202 0.000010 0.000010 0.000010 0.096748
0.074339 0.000010 0.899332 0.026288 0.000010 0.000010 0.000010
0.000010 0.000010 0.000010 0.487394 0.512556 0.000010 0.000010
0.000010 0.000010 0.999940 0.000010 0.000010 0.000010 0.000010
0.000010 0.000010 0.999940 0.000010 0.000010 0.000010 0.000010
0.000010 0.000010 0.999940 0.000010 0.000010 0.000010 0.000010
0.000010 0.000010 0.999940 0.000010 0.000010 0.000010 0.000010
0.126309 0.000010 0.873641 0.000010 0.000010 0.000010 0.000010
0.854567 0.082272 0.063121 0.000010 0.000010 0.000010 0.000010
