0.097842 0.000010 0.290764 0.242359 0.070629 0.297363 0.001022 0.000010
0.000010 0.000010 0.000010 0.000010 0.000010 0.771673 0.000010 0.228267
0.000010 0.025894 0.000010 0.000010 0.136109 0.837947 0.000010 0.000010
0.130321 0.000010 0.000010 0.000010 0.000010 0.869619 0.000010 0.000010
0.000010 0.109861 0.000010 0.333548 0.000010 0.327815 0.000010 0.228736
0.000010 0.265079 0.000010 0.000010 0.000010 0.734861 0.000010 0.000010
0.000010 0.000010 0.000010 0.000010 0.000010 0.936432 0.000010 0.063508
0.062789 0.151281 0.052793 0.069759 0.000010 0.628627 0.025047 0.009694
0.143741 0.000010 0.000010 0.000010 0.000010 0.794904 0.000010 0.061305
0.000010 0.000010 0.000010 0.000010 0.000010 0.999930 0.000010 0.000010
0.000010 0.000010 0.000010 0.000010 0.000010 0.999930 0.000010 0.000010
0.178888 0.000010 0.245449 0.182403 0.000799 0.392431 0.000010 0.000010
0.150027 0.000010 0.175169 0.000010 0.000010 0.674754 0.000010 0.000010
0.000010 0.000010 0.064401 0.200090 0.000010 0.504827 0.000010 0.230642
0.000010 0.015538 0.000010 0.000010 0.000010 0.898363 0.000010 0.086049
0.000010 0.138251 0.168692 0.000010 0.000010 0.561852 0.000010 0.131165
0.133334 0.000010 0.000010 0.000010 0.000010 0.866606 0.000010 0.000010
0.161866 0.000010 0.187631 0.000010 0.000010 0.650453 0.000010 0.000010
0.000010 0.000010 0.104674 0.000010 0.152556 0.631191 0.000010 0.111539
0.000010 0.044180 0.049648 0.000010 0.028045 0.878087 0.000010 0.000010
0.028979 0.000010 0.000010 0.168182 0.000010 0.802789 0.000010 0.000010
0.000010 0.000010 0.000010 0.101017 0.000010 0.864226 0.000010 0.034707
0.000479 0.112282 0.009740 0.359476 0.000010 0.487399 0.003557 0.027057
0.000010 0.000010 0.000010 0.038550 0.109887 0.699619 0.000010 0.151904
0.000010 0.000010 0.000010 0.000010 0.000010 0.999930 0.000010 0.000010
0.212628 0.000010 0.000294 0.000010 0.000010 0.786909 0.000129 0.000010
0.000010 0.000010 0.000010 0.000010 0.000010 0.854229 0.000010 0.145711
0.214240 0.042374 0.075865 0.009367 0.244495 0.000010 0.000010 0.413639
0.056654 0.000010 0.000010 0.580148 0.000010 0.219361 0.000010 0.143797
0.026617 0.000010 0.000010 0.641537 0.106015 0.225791 0.000010 0.000010
0.000010 0.000010 0.000010 0.999930 0.000010 0.000010 0.000010 0.000010
0.100840 0.000010 0.000010 0.740099 0.000010 0.000010 0.009852 0.149170
0.000010 0.000010 0.008878 0.796871 0.000010 0.000010 0.000010 0.194201
0.000010 0.000010 0.000010 0.999930 0.000010 0.000010 0.000010 0.000010
0.000010 0.000010 0.000010 0.000010 0.000010 0.999930 0.000010 0.000010
0.170100 0.000010 0.055075 0.097718 0.000010 0.677067 0.000010 0.000010
0.000010 0.000010 0.000010 0.547059 0.000010 0.279986 0.000010 0.172905
0.000010 0.000010 0.000010 0.999930 0.000010 0.000010 0.000010 0.000010
0.034088 0.163791 0.000010 0.384248 0.039249 0.378592 0.000012 0.000010
0.339294 0.000010 0.000010 0.602637 0.000010 0.058020 0.000010 0.000010
0.164082 0.000010 0.001203 0.571712 0.119876 0.143097 0.000010 0.000010
0.000010 0.117991 0.000010 0.881949 0.000010 0.000010 0.000010 0.000010
0.000010 0.133758 0.034571 0.720842 0.000010 0.110788 0.000010 0.000010
0.000010 0.000010 0.000010 0.941597 0.000010 0.000010 0.000010 0.058343
0.012235 0.000010 0.000010 0.000010 0.000010 0.000010 0.987705 0.000010
0.050050 0.000010 0.000010 0.579390 0.067763 0.213783 0.000010 0.088984
0.060631 0.086357 0.200848 0.395911 0.010712 0.212304 0.002693 0.030544
0.000010 0.000010 0.240987 0.473332 0.175070 0.110571 0.000010 0.000010
0.000010 0.000010 0.000010 0.869955 0.000010 0.000010 0.000010 0.129985
0.000010 0.000010 0.000010 0.000010 0.000010 0.000010 0.999930 0.000010
0.306531 0.000010 0.000010 0.693409 0.000010 0.000010 0.000010 0.000010
0.189816 0.000010 0.000010 0.810124 0.000010 0.000010 0.000010 0.000010
0.000010 0.000010 0.000010 0.000010 0.000010 0.000010 0.999930 0.000010
0.123843 0.000010 0.000010 0.651424 0.000010 0.000010 0.000010 0.224683
0.000010 0.000010 0.000010 0.000010 0.000010 0.000010 0.999930 0.000010
0.000010 0.000010 0.000010 0.000010 0.000010 0.000010 0.999930 0.000010
0.191169 0.000010 0.148525 0.383532 0.000010 0.268320 0.008424 0.000010
0.000010 0.000010 0.000010 0.000010 0.000010 0.023288 0.976652 0.000010
0.000010 0.000010 0.000010 0.999930 0.000010 0.000010 0.000010 0.000010
0.000010 0.000010 0.000010 0.000010 0.000010 0.000010 0.999930 0.000010
0.000010 0.000010 0.000010 0.999930 0.000010 0.000010 0.000010 0.000010
0.050630 0.000010 0.000010 0.949310 0.000010 0.000010 0.000010 0.000010
0.000010 0.000010 0.000010 0.812612 0.000010 0.000010 0.000010 0.187328
0.184274 0.000010 0.000010 0.027366 0.000010 0.581611 0.000010 0.206709
0.121035 0.000010 0.077439 0.801476 0.000010 0.000010 0.000010 0.000010
0.719011 0.018816 0.000010 0.000010 0.262124 0.000010 0.000010 0.000010
0.323003 0.509019 0.000010 0.000010 0.000010 0.000010 0.000010 0.167929
0.069069 0.209960 0.000010 0.000010 0.357177 0.000010 0.000010 0.363754
0.000010 0.054175 0.273234 0.000010 0.672542 0.000010 0.000010 0.000010
0.521667 0.000010 0.000010 0.000010 0.478273 0.000010 0.000010 0.000010
0.248048 0.035507 0.021698 0.064759 0.150615 0.000010 0.000010 0.479353
0.770637 0.000010 0.000010 0.000010 0.000010 0.000010 0.000010 0.229303
0.000010 0.675028 0.000010 0.000010 0.309590 0.002386 0.012957 0.000010
0.000010 0.000010 0.000010 0.000010 0.000010 0.000010 0.999930 0.000010
0.000010 0.452729 0.000010 0.010148 0.255370 0.000010 0.000010 0.281713
0.000010 0.000010 0.445229 0.000010 0.502248 0.042839 0.000010 0.009644
0.000010 0.356493 0.000010 0.000010 0.524510 0.000010 0.000010 0.118947
0.000010 0.944666 0.000010 0.000010 0.055274 0.000010 0.000010 0.000010
0.000010 0.067543 0.024394 0.000010 0.584511 0.000010 0.000010 0.323512
0.425566 0.000010 0.000010 0.000010 0.542660 0.000010 0.000010 0.031724
0.266970 0.732970 0.000010 0.000010 0.000010 0.000010 0.000010 0.000010
0.000010 0.002347 0.173637 0.019326 0.032906 0.603707 0.000010 0.168057
0.000010 0.006662 0.000010 0.154185 0.278824 0.086761 0.000010 0.473538
0.000010 0.000010 0.000010 0.000010 0.000010 0.000010 0.999930 0.000010
0.370290 0.000010 0.000010 0.000010 0.308182 0.000010 0.000010 0.321478
0.117728 0.000010 0.000010 0.000010 0.472493 0.000010 0.000010 0.409729
0.532723 0.000010 0.000010 0.000010 0.149621 0.000010 0.000010 0.317605
0.000010 0.453050 0.000010 0.000010 0.374356 0.061973 0.000010 0.110580
0.351366 0.547707 0.000010 0.000010 0.000010 0.000010 0.000010 0.100877
0.000010 0.000010 0.000010 0.000010 0.000010 0.000010 0.999930 0.000010
0.217798 0.112560 0.000010 0.000010 0.308249 0.000010 0.000010 0.361354
0.200498 0.211046 0.000010 0.000010 0.588406 0.000010 0.000010 0.000010
0.000010 0.000010 0.000010 0.000010 0.000010 0.000010 0.999930 0.000010
0.316971 0.000010 0.000010 0.000010 0.682969 0.000010 0.000010 0.000010
0.000010 0.000010 0.000010 0.000010 0.000010 0.000010 0.999930 0.000010
0.000010 0.000010 0.000010 0.000010 0.000010 0.000010 0.999930 0.000010
0.000010 0.000010 0.000010 0.000010 0.000010 0.000010 0.999930 0.000010
0.000010 0.000010 0.000010 0.000010 0.552693 0.000010 0.000010 0.447247
0.000010 0.685173 0.000010 0.000010 0.108997 0.000010 0.000010 0.205780
0.000010 0.000010 0.934376 0.000010 0.065564 0.000010 0.000010 0.000010
0.000010 0.000010 0.778456 0.000010 0.146543 0.000010 0.000010 0.074951
0.022512 0.000010 0.749994 0.000010 0.000010 0.117667 0.015256 0.094540
0.052337 0.000010 0.815091 0.009032 0.000010 0.000010 0.000010 0.123499
0.055294 0.021016 0.591255 0.000010 0.322504 0.000010 0.009901 0.000010
0.000010 0.040531 0.880972 0.000010 0.078446 0.000010 0.000010 0.000010
0.000010 0.691020 0.000010 0.000010 0.265178 0.000010 0.000010 0.043753
0.000010 0.000010 0.000010 0.000010 0.000010 0.000010 0.999930 0.000010
0.334494 0.441014 0.000010 0.000010 0.134055 0.000010 0.000010 0.090397
0.281348 0.082774 0.000010 0.000010 0.617138 0.000010 0.000010 0.018700
0.000010 0.000010 0.000010 0.000010 0.334916 0.000010 0.000010 0.665024
0.000010 0.000010 0.000010 0.000010 0.000010 0.000010 0.999930 0.000010
0.000010 0.625837 0.000010 0.000010 0.220538 0.000010 0.000010 0.153575
0.049407 0.002257 0.000010 0.000010 0.247952 0.000010 0.000010 0.700344
0.604884 0.000010 0.000010 0.000010 0.151842 0.000010 0.000010 0.243223
0.000010 0.000010 0.000010 0.000010 0.373010 0.000010 0.000010 0.626930
0.141927 0.051266 0.050415 0.000010 0.350311 0.050218 0.000010 0.355843
0.000010 0.301161 0.000010 0.000010 0.494991 0.000010 0.000010 0.203798
0.340892 0.397732 0.000010 0.000010 0.219146 0.000010 0.000010 0.042190
0.999930 0.000010 0.000010 0.000010 0.000010 0.000010 0.000010 0.000010
0.000010 0.441020 0.120007 0.000010 0.292473 0.000010 0.000010 0.146460
0.000010 0.000010 0.000010 0.000010 0.000010 0.000010 0.999930 0.000010
0.000010 0.000010 0.000010 0.000010 0.999930 0.000010 0.000010 0.000010
0.248835 0.631015 0.000010 0.000010 0.000010 0.000010 0.000010 0.120100
0.415504 0.387969 0.000010 0.000010 0.000010 0.000010 0.000010 0.196477
0.061925 0.000010 0.000010 0.000010 0.938015 0.000010 0.000010 0.000010
0.000010 0.000010 0.000010 0.000010 0.000010 0.000010 0.000010 0.999930
0.225389 0.336515 0.000010 0.000010 0.273708 0.000010 0.000010 0.164348
0.000010 0.000010 0.000010 0.000010 0.000010 0.000010 0.000010 0.999930
0.059368 0.314956 0.000010 0.000010 0.235283 0.000010 0.000010 0.390353
0.262177 0.249450 0.000010 0.012978 0.367824 0.000010 0.000010 0.107541
0.000010 0.000010 0.000010 0.000010 0.000010 0.000010 0.000010 0.999930
0.384754 0.000010 0.000010 0.000010 0.068301 0.000010 0.000010 0.546895
0.999930 0.000010 0.000010 0.000010 0.000010 0.000010 0.000010 0.000010
0.000010 0.000010 0.000010 0.000010 0.999930 0.000010 0.000010 0.000010
0.114831 0.261582 0.000010 0.000010 0.258385 0.000010 0.000010 0.365162
0.000010 0.836875 0.000010 0.021721 0.000846 0.000010 0.000222 0.140305
0.167783 0.320010 0.000010 0.000010 0.346809 0.000010 0.000010 0.165359
0.000010 0.000010 0.000010 0.000010 0.990382 0.000010 0.000010 0.009558
0.394004 0.072373 0.000010 0.099156 0.434426 0.000010 0.000010 0.000010
0.999930 0.000010 0.000010 0.000010 0.000010 0.000010 0.000010 0.000010
0.165323 0.610902 0.000010 0.000010 0.223725 0.000010 0.000010 0.000010
0.000010 0.000013 0.000010 0.000010 0.000010 0.000010 0.999927 0.000010
0.000010 0.000010 0.000010 0.000010 0.000010 0.000010 0.999930 0.000010
0.529386 0.000010 0.000010 0.000010 0.000010 0.000010 0.000010 0.470554
0.000010 0.000010 0.000010 0.000010 0.000010 0.000010 0.999930 0.000010
0.273091 0.000010 0.000010 0.000010 0.124706 0.000010 0.000010 0.602152
0.000010 0.332983 0.000010 0.000010 0.289195 0.000010 0.000010 0.377772
0.000010 0.000010 0.000010 0.000010 0.000010 0.000010 0.999930 0.000010
0.000010 0.000010 0.000010 0.000010 0.000010 0.000010 0.999930 0.000010
0.127351 0.453755 0.000010 0.000010 0.103171 0.000010 0.000010 0.315684
0.000010 0.000010 0.000010 0.000010 0.000010 0.000010 0.999930 0.000010
0.000010 0.000010 0.000010 0.000010 0.000010 0.000010 0.999930 0.000010
0.000010 0.000010 0.000010 0.000010 0.000010 0.000010 0.999930 0.000010
0.064321 0.000010 0.057409 0.000010 0.145230 0.733000 0.000010 0.000010
0.000010 0.106236 0.201840 0.027753 0.033228 0.539180 0.000010 0.091744
0.204738 0.000010 0.000010 0.080758 0.065542 0.648923 0.000010 0.000010
0.000010 0.037348 0.000010 0.136184 0.000010 0.826418 0.000010 0.000010
0.000010 0.000010 0.000010 0.000010 0.000010 0.000010 0.999930 0.000010
0.138216 0.301551 0.000010 0.000010 0.124776 0.000010 0.000010 0.435417
0.025077 0.063616 0.000010 0.193262 0.119337 0.598678 0.000010 0.000010
0.000010 0.000010 0.229871 0.000010 0.053173 0.698261 0.018654 0.000010
0.242953 0.000010 0.255071 0.210098 0.000010 0.291838 0.000010 0.000010
0.000010 0.004677 0.017544 0.011915 0.004812 0.692119 0.036839 0.232084
0.025096 0.000010 0.125823 0.086033 0.000010 0.598150 0.005837 0.159040
0.000010 0.060193 0.263819 0.000010 0.000010 0.675939 0.000010 0.000010
0.278355 0.000010 0.000010 0.000010 0.000010 0.721585 0.000010 0.000010
0.119127 0.000010 0.000010 0.419498 0.000010 0.461325 0.000010 0.000010
0.000010 0.000010 0.000010 0.208992 0.143512 0.635594 0.011862 0.000010
0.000010 0.000010 0.000010 0.000010 0.161229 0.832780 0.005941 0.000010
0.077428 0.162866 0.060787 0.110023 0.000010 0.588866 0.000010 0.000010
0.084589 0.078462 0.059707 0.001235 0.000010 0.775978 0.000010 0.000010
0.000010 0.000010 0.000010 0.185927 0.181142 0.598917 0.000010 0.033974
0.000010 0.000010 0.000010 0.000010 0.049878 0.821915 0.000010 0.128158
0.000010 0.000010 0.097281 0.197830 0.043989 0.660859 0.000010 0.000010
0.000010 0.000010 0.000010 0.047529 0.000010 0.783464 0.000010 0.168957
0.000010 0.206209 0.000010 0.045592 0.000010 0.748150 0.000010 0.000010
0.085317 0.003484 0.118304 0.000010 0.251249 0.448816 0.000010 0.092809
0.193824 0.000010 0.119469 0.000010 0.000010 0.686656 0.000010 0.000010
0.000010 0.000010 0.000010 0.121846 0.000010 0.878094 0.000010 0.000010
0.000010 0.000010 0.000010 0.000010 0.000010 0.799100 0.001663 0.199187
0.000010 0.000010 0.000010 0.000010 0.000010 0.000010 0.999930 0.000010
0.000010 0.268171 0.000010 0.226441 0.000010 0.487878 0.017471 0.000010
0.179857 0.000010 0.197148 0.000010 0.000010 0.610521 0.012434 0.000010
0.000010 0.000010 0.000010 0.000010 0.000010 0.888099 0.000010 0.111841
0.000010 0.000010 0.000010 0.000010 0.000010 0.000010 0.999930 0.000010
0.000010 0.035534 0.000010 0.435105 0.062950 0.459624 0.000010 0.006758
0.000010 0.000010 0.000010 0.000010 0.000010 0.000010 0.999930 0.000010
0.000010 0.000010 0.000010 0.000010 0.043348 0.794388 0.000010 0.162214
0.000010 0.000010 0.000010 0.000010 0.279278 0.720662 0.000010 0.000010
0.102683 0.000010 0.000010 0.161977 0.000010 0.735290 0.000010 0.000010
0.000010 0.000010 0.000010 0.000010 0.037159 0.723719 0.000010 0.239072
0.000010 0.000010 0.000010 0.038052 0.178924 0.782974 0.000010 0.000010
0.271491 0.000010 0.064874 0.000010 0.071363 0.592232 0.000010 0.000010
0.000010 0.000010 0.126628 0.000010 0.000010 0.811420 0.000010 0.061902
0.095761 0.000010 0.068685 0.218518 0.116850 0.466770 0.033395 0.000010
0.000010 0.081247 0.000010 0.022333 0.014643 0.731134 0.000010 0.150613
0.165039 0.000010 0.053376 0.230631 0.000010 0.348601 0.000010 0.202323
0.000010 0.000010 0.183305 0.282007 0.000010 0.534638 0.000010 0.000010
0.236426 0.000010 0.159502 0.000010 0.000010 0.604022 0.000010 0.000010
0.000010 0.000010 0.164221 0.125610 0.134255 0.548107 0.000010 0.027778
0.804862 0.000010 0.000010 0.000010 0.101000 0.000010 0.000010 0.094088
0.184764 0.073129 0.028384 0.000010 0.178092 0.000010 0.002730 0.532882
0.679806 0.000010 0.000010 0.000010 0.052247 0.000010 0.000010 0.267897
0.000010 0.000010 0.000010 0.000010 0.339376 0.000010 0.000010 0.660564
0.184730 0.584550 0.000010 0.000010 0.000010 0.002114 0.000010 0.228566
0.124984 0.112428 0.000010 0.000010 0.000010 0.000010 0.000010 0.762538
0.000010 0.741948 0.000010 0.163413 0.043827 0.000010 0.000010 0.050773
0.000010 0.517704 0.000010 0.015022 0.204989 0.000010 0.000010 0.262245
0.086746 0.722400 0.000010 0.000010 0.188093 0.000010 0.000010 0.002721
0.280484 0.055959 0.000010 0.029362 0.154817 0.000010 0.009089 0.470268
0.033637 0.625512 0.000010 0.000010 0.113988 0.000010 0.000010 0.226823
0.307367 0.058570 0.000010 0.000010 0.408404 0.000010 0.000010 0.225619
0.000010 0.000010 0.000010 0.000010 0.000010 0.000010 0.999930 0.000010
0.000010 0.317741 0.000010 0.051444 0.302918 0.000010 0.000010 0.327857
0.000010 0.283272 0.000010 0.010302 0.359484 0.033182 0.000010 0.313729
0.000010 0.663325 0.000010 0.000010 0.235777 0.000010 0.000010 0.100848
0.255717 0.452525 0.000010 0.000010 0.000010 0.000010 0.000010 0.291709
0.461461 0.415356 0.000010 0.000010 0.000010 0.000010 0.000010 0.123133
0.530017 0.072216 0.000010 0.000010 0.097138 0.000010 0.004828 0.295770
0.000010 0.499222 0.000010 0.000010 0.227619 0.000010 0.000010 0.273110
0.000010 0.000010 0.000010 0.000010 0.221431 0.087554 0.000010 0.690965
0.124004 0.200265 0.000010 0.000010 0.088524 0.035515 0.000010 0.551662
0.000010 0.251761 0.000010 0.000010 0.334591 0.000010 0.000010 0.413598
0.000010 0.999930 0.000010 0.000010 0.000010 0.000010 0.000010 0.000010
0.297197 0.457712 0.000010 0.000010 0.184008 0.000010 0.000010 0.061043
0.260184 0.414050 0.000010 0.000010 0.325715 0.000010 0.000010 0.000010
0.000010 0.382135 0.000010 0.000010 0.402267 0.000010 0.009908 0.205650
0.000010 0.406878 0.000010 0.000067 0.461825 0.000010 0.000010 0.131190
0.286578 0.000010 0.000010 0.000010 0.000010 0.000010 0.000010 0.713362
0.443473 0.000010 0.000010 0.000010 0.000010 0.000010 0.000010 0.556467
0.000010 0.554728 0.054213 0.000010 0.065641 0.036888 0.000010 0.288500
0.198774 0.415387 0.127239 0.004543 0.175481 0.077304 0.000010 0.001261
0.446216 0.422706 0.000010 0.000010 0.000010 0.000010 0.000010 0.131028
0.000010 0.000010 0.000010 0.000010 0.000010 0.998485 0.001455 0.000010
0.000010 0.999930 0.000010 0.000010 0.000010 0.000010 0.000010 0.000010
0.000010 0.999930 0.000010 0.000010 0.000010 0.000010 0.000010 0.000010
0.000010 0.848303 0.000010 0.000010 0.000010 0.000010 0.000010 0.151637
0.616406 0.000010 0.000010 0.000010 0.000010 0.000010 0.000010 0.383534
0.299088 0.269598 0.000010 0.000010 0.109423 0.000010 0.000010 0.321851
0.029199 0.194034 0.000010 0.134037 0.221672 0.000010 0.000010 0.421028
0.000010 0.000010 0.000010 0.000010 0.212950 0.000010 0.000010 0.786990
0.248617 0.426202 0.126263 0.000010 0.187187 0.000010 0.000010 0.011702
0.153467 0.314297 0.000010 0.000010 0.128189 0.000010 0.000010 0.404007
0.226255 0.417625 0.000010 0.000010 0.097547 0.000010 0.000010 0.258533
0.004127 0.438235 0.106210 0.058848 0.000010 0.000010 0.000010 0.392549
0.000010 0.302451 0.000010 0.000010 0.403696 0.000010 0.000010 0.293803
0.000010 0.501875 0.000010 0.089344 0.408731 0.000010 0.000010 0.000010
0.158910 0.437499 0.000010 0.000010 0.054065 0.000010 0.000010 0.349485
0.253372 0.220804 0.000010 0.000010 0.225513 0.000010 0.000010 0.300271
0.241231 0.465770 0.000010 0.000010 0.279629 0.000010 0.013331 0.000010
0.000010 0.000010 0.000010 0.000010 0.241668 0.000010 0.000010 0.758272
0.492457 0.000010 0.043011 0.000010 0.464482 0.000010 0.000010 0.000010
0.107552 0.251745 0.000010 0.000010 0.113138 0.000010 0.000010 0.527525
0.196704 0.775614 0.000010 0.000010 0.000010 0.000010 0.027633 0.000010
0.000010 0.000010 0.000010 0.000010 0.224705 0.000010 0.000010 0.775235
0.309897 0.143382 0.000010 0.037965 0.103589 0.000010 0.000010 0.405137
0.324258 0.375307 0.000010 0.000010 0.099717 0.000010 0.000010 0.200678
0.104977 0.530124 0.000010 0.000010 0.321549 0.000010 0.000010 0.043310
0.000010 0.444851 0.000010 0.000010 0.196379 0.000010 0.000010 0.358720
0.000010 0.000010 0.000010 0.000010 0.000010 0.000010 0.000010 0.999930
0.000010 0.999930 0.000010 0.000010 0.000010 0.000010 0.000010 0.000010
0.000010 0.000010 0.000010 0.000010 0.000010 0.000010 0.000010 0.999930
0.258738 0.582118 0.000010 0.000010 0.159094 0.000010 0.000010 0.000010
0.322397 0.003178 0.000010 0.000010 0.232549 0.000010 0.000010 0.441837
0.000010 0.421846 0.000010 0.000010 0.578094 0.000010 0.000010 0.000010
0.000010 0.315488 0.000010 0.000010 0.000010 0.000010 0.000010 0.684452
0.000010 0.000010 0.000010 0.000010 0.000010 0.000010 0.999930 0.000010
0.000010 0.000010 0.000010 0.000010 0.112423 0.000010 0.000010 0.887517
0.178535 0.083513 0.000010 0.000010 0.064255 0.000010 0.000010 0.673656
0.000010 0.439130 0.000010 0.000010 0.390884 0.000010 0.000010 0.169937
0.255411 0.555143 0.000010 0.000010 0.057628 0.000010 0.000010 0.131777
0.284251 0.328454 0.000010 0.042077 0.345178 0.000010 0.000010 0.000010
0.278222 0.000010 0.000010 0.000010 0.302708 0.000010 0.000010 0.419020
0.481216 0.232282 0.000010 0.000010 0.286451 0.000010 0.000010 0.000010
0.999930 0.000010 0.000010 0.000010 0.000010 0.000010 0.000010 0.000010
0.999930 0.000010 0.000010 0.000010 0.000010 0.000010 0.000010 0.000010
0.000010 0.840795 0.000010 0.000010 0.159145 0.000010 0.000010 0.000010
0.037136 0.367525 0.000010 0.014239 0.219908 0.000010 0.000010 0.361163
0.000010 0.325651 0.000010 0.117824 0.219707 0.000010 0.000010 0.336778
0.494931 0.505009 0.000010 0.000010 0.000010 0.000010 0.000010 0.000010
0.185210 0.606930 0.000010 0.000010 0.127972 0.000010 0.000010 0.079849
0.126865 0.563331 0.000010 0.000010 0.301716 0.000010 0.000010 0.008048
0.000010 0.000010 0.999930 0.000010 0.000010 0.000010 0.000010 0.000010
0.000010 0.000010 0.844768 0.000010 0.112252 0.042930 0.000010 0.000010
0.066042 0.000010 0.905419 0.000010 0.000010 0.019251 0.009248 0.000010
0.082235 0.000010 0.620486 0.084435 0.000010 0.104487 0.000010 0.108327
0.000010 0.000010 0.931444 0.068496 0.000010 0.000010 0.000010 0.000010
0.000010 0.000010 0.999930 0.000010 0.000010 0.000010 0.000010 0.000010
0.000010 0.179572 0.820368 0.000010 0.000010 0.000010 0.000010 0.000010
0.176746 0.000010 0.823194 0.000010 0.000010 0.000010 0.000010 0.000010
0.000010 0.000010 0.746146 0.253794 0.000010 0.000010 0.000010 0.000010
0.000010 0.000010 0.872255 0.000010 0.127685 0.000010 0.000010 0.000010
0.006719 0.031858 0.879032 0.046792 0.035570 0.000010 0.000010 0.000010
0.107270 0.000010 0.880428 0.000010 0.000010 0.000010 0.000010 0.012252
0.000010 0.019531 0.646383 0.177295 0.000010 0.000010 0.000010 0.156751
0.000010 0.000010 0.988475 0.000010 0.000010 0.000010 0.011465 0.000010
0.000010 0.000010 0.999930 0.000010 0.000010 0.000010 0.000010 0.000010
0.000010 0.000010 0.000010 0.000010 0.000010 0.000010 0.999930 0.000010
0.000010 0.057120 0.942820 0.000010 0.000010 0.000010 0.000010 0.000010
0.000010 0.000010 0.837017 0.000010 0.000010 0.000010 0.000010 0.162923
0.156508 0.000010 0.702212 0.000010 0.131368 0.009872 0.000010 0.000010
0.000010 0.000010 0.980143 0.000010 0.000010 0.000010 0.019797 0.000010
0.000010 0.000010 0.577043 0.023603 0.000010 0.192979 0.000010 0.206335
0.000010 0.000010 0.999930 0.000010 0.000010 0.000010 0.000010 0.000010
0.000010 0.000010 0.698497 0.000010 0.301443 0.000010 0.000010 0.000010
0.000010 0.000010 0.913472 0.000010 0.011090 0.000010 0.000010 0.075388
0.000010 0.000010 0.887624 0.000010 0.000010 0.000010 0.000010 0.112316
0.075716 0.000010 0.638479 0.000010 0.217127 0.068637 0.000010 0.000010
0.000010 0.000010 0.819413 0.158831 0.021706 0.000010 0.000010 0.000010
0.006903 0.000010 0.947729 0.045318 0.000010 0.000010 0.000010 0.000010
0.000010 0.000010 0.814156 0.089578 0.096216 0.000010 0.000010 0.000010
0.000010 0.000010 0.861919 0.000010 0.138021 0.000010 0.000010 0.000010
0.000010 0.000010 0.959677 0.000010 0.040263 0.000010 0.000010 0.000010
0.059441 0.000010 0.940499 0.000010 0.000010 0.000010 0.000010 0.000010
0.000179 0.000010 0.930801 0.000010 0.000010 0.000010 0.000010 0.068970
0.000010 0.000010 0.999930 0.000010 0.000010 0.000010 0.000010 0.000010
0.000010 0.000010 0.999930 0.000010 0.000010 0.000010 0.000010 0.000010
0.000010 0.000010 0.000010 0.000010 0.000010 0.000010 0.999930 0.000010
0.000010 0.000010 0.999930 0.000010 0.000010 0.000010 0.000010 0.000010
0.070397 0.000010 0.929543 0.000010 0.000010 0.000010 0.000010 0.000010
0.000010 0.000010 0.000010 0.000010 0.000010 0.000010 0.999930 0.000010
0.000010 0.000010 0.908443 0.091497 0.000010 0.000010 0.000010 0.000010
0.056092 0.078324 0.854042 0.000010 0.000010 0.000010 0.000010 0.011502
0.000010 0.000010 0.840847 0.000010 0.000010 0.000010 0.000010 0.159093
0.068549 0.000010 0.827087 0.000010 0.104314 0.000010 0.000010 0.000010
0.000010 0.000010 0.948495 0.051445 0.000010 0.000010 0.000010 0.000010
0.000010 0.000010 0.823303 0.000010 0.149006 0.027641 0.000010 0.000010
0.180039 0.000010 0.819901 0.000010 0.000010 0.000010 0.000010 0.000010
0.000010 0.000010 0.000010 0.000010 0.000010 0.000010 0.999930 0.000010
0.000010 0.000010 0.999930 0.000010 0.000010 0.000010 0.000010 0.000010
0.000010 0.000010 0.805760 0.000010 0.000010 0.000010 0.000010 0.194180
0.000010 0.000010 0.916013 0.083927 0.000010 0.000010 0.000010 0.000010
0.000010 0.000010 0.783301 0.075056 0.000010 0.000010 0.000010 0.141593
0.000010 0.000010 0.725438 0.192940 0.000010 0.000010 0.000010 0.081572
0.000010 0.999930 0.000010 0.000010 0.000010 0.000010 0.000010 0.000010
