0.438537 0.000010 0.561443 0.000010
0.000010 0.999970 0.000010 0.000010
0.000010 0.000010 0.000010 0.999970
0.000010 0.000010 0.999970 0.000010
0.000010 0.000010 0.999970 0.000010
0.337476 0.000010 0.463362 0.199152
0.265194 0.000010 0.734786 0.000010
0.999970 0.000010 0.000010 0.000010
0.000010 0.000010 0.999970 0.000010
0.000010 0.999970 0.000010 0.000010
0.999970 0.000010 0.000010 0.000010
0.000010 0.999970 0.000010 0.000010
0.000010 0.000010 0.999970 0.000010
0.000010 0.000010 0.999970 0.000010
0.000010 0.000010 0.999970 0.000010
0.861421 0.000010 0.000010 0.138559
0.000010 0.999970 0.000010 0.000010
0.000010 0.971288 0.028692 0.000010
0.999970 0.000010 0.000010 0.000010
0.999970 0.000010 0.000010 0.000010
0.999970 0.000010 0.000010 0.000010
0.650528 0.000010 0.349452 0.000010
0.000010 0.937826 0.000010 0.062154
0.491953 0.000010 0.508027 0.000010
0.000010 0.999970 0.000010 0.000010
0.696074 0.006692 0.297224 0.000010
0.000010 0.999970 0.000010 0.000010
0.578350 0.000010 0.000010 0.421630
0.000010 0.999970 0.000010 0.000010
0.000010 0.999970 0.000010 0.000010
0.999970 0.000010 0.000010 0.000010
0.000010 0.000010 0.999970 0.000010
0.000010 0.000010 0.999970 0.000010
0.265446 0.000010 0.734534 0.000010
0.000010 0.995780 0.000010 0.004200
0.000010 0.000010 0.000010 0.999970
0.999970 0.000010 0.000010 0.000010
0.639098 0.000010 0.360882 0.000010
0.284041 0.000010 0.581359 0.134590
0.360067 0.000010 0.639913 0.000010
0.999970 0.000010 0.000010 0.000010
0.999970 0.000010 0.000010 0.000010
0.000010 0.953541 0.000010 0.046439
0.000010 0.000010 0.999970 0.000010
0.276962 0.000010 0.723018 0.000010
0.000010 0.000010 0.000010 0.999970
0.000010 0.000010 0.999970 0.000010
0.999970 0.000010 0.000010 0.000010
0.421198 0.000010 0.578782 0.000010
0.000010 0.999970 0.000010 0.000010
0.000010 0.999970 0.000010 0.000010
0.506369 0.493611 0.000010 0.000010
0.000010 0.000010 0.999970 0.000010
0.000010 0.999970 0.000010 0.000010
0.000010 0.000010 0.000010 0.999970
0.999970 0.000010 0.000010 0.000010
0.000010 0.000010 0.496059 0.503921
0.999970 0.000010 0.000010 0.000010
0.999970 0.000010 0.000010 0.000010
0.000010 0.000010 0.999970 0.000010
0.000010 0.999970 0.000010 0.000010
0.580979 0.000010 0.419001 0.000010
0.437249 0.013162 0.206504 0.343084
0.000010 0.999970 0.000010 0.000010
0.000010 0.000010 0.999970 0.000010
0.537797 0.000010 0.000010 0.462183
0.815765 0.000010 0.184215 0.000010
0.000010 0.906007 0.000010 0.093973
0.144875 0.855105 0.000010 0.000010
0.000010 0.000010 0.999970 0.000010
0.006407 0.993573 0.000010 0.000010
0.454779 0.000012 0.545199 0.000010
0.000010 0.999970 0.000010 0.000010
0.000010 0.999970 0.000010 0.000010
0.000010 0.810698 0.000010 0.189282
0.000010 0.999970 0.000010 0.000010
0.458828 0.000010 0.541152 0.000010
0.000010 0.999970 0.000010 0.000010
0.999970 0.000010 0.000010 0.000010
0.999970 0.000010 0.000010 0.000010
0.000010 0.000010 0.523847 0.476133
0.000010 0.999970 0.000010 0.000010
0.000010 0.000010 0.999970 0.000010
0.000010 0.999970 0.000010 0.000010
0.000010 0.000010 0.000010 0.999970
0.999970 0.000010 0.000010 0.000010
0.496014 0.000010 0.503966 0.000010
0.692471 0.000010 0.000010 0.307509
0.842266 0.000010 0.000010 0.157714
0.000010 0.999970 0.000010 0.000010
0.000010 0.966584 0.033396 0.000010
0.000010 0.000010 0.999970 0.000010
