0.000010 0.248145 0.751845
0.999980 0.000010 0.000010
0.048805 0.055107 0.896088
0.000010 0.426181 0.573809
0.000010 0.395088 0.604902
0.000010 0.428769 0.571221
0.000010 0.799484 0.200506
0.000010 0.999980 0.000010
0.000010 0.999980 0.000010
0.999980 0.000010 0.000010
0.002754 0.997236 0.000010
0.999980 0.000010 0.000010
0.000010 0.999980 0.000010
0.000010 0.000010 0.999980
0.000010 0.826669 0.173321
0.000010 0.000010 0.999980
0.999980 0.000010 0.000010
0.970750 0.029240 0.000010
0.000010 0.000010 0.999980
0.000010 0.370760 0.629230
0.000010 0.327672 0.672318
0.000010 0.000010 0.999980
0.968861 0.000010 0.031129
0.000010 0.999980 0.000010
0.999980 0.000010 0.000010
0.000010 0.307868 0.692122
0.999980 0.000010 0.000010
0.000010 0.382484 0.617506
0.999980 0.000010 0.000010
0.999980 0.000010 0.000010
0.000010 0.999980 0.000010
0.000010 0.999980 0.000010
0.000010 0.428170 0.571820
0.000010 0.610977 0.389013
0.999980 0.000010 0.000010
0.000010 0.999980 0.000010
0.000010 0.138317 0.861673
0.000010 0.498636 0.501354
0.000010 0.000010 0.999980
0.000010 0.000010 0.999980
0.000010 0.461661 0.538329
0.000010 0.421463 0.578527
0.957748 0.042242 0.000010
0.000010 0.999980 0.000010
0.000010 0.000010 0.999980
0.000010 0.999980 0.000010
0.000010 0.999980 0.000010
0.000010 0.000010 0.999980
0.000010 0.000010 0.999980
0.999980 0.000010 0.000010
0.999980 0.000010 0.000010
0.529670 0.000010 0.470320
0.000010 0.000010 0.999980
0.999980 0.000010 0.000010
0.000010 0.000010 0.999980
0.000010 0.000010 0.999980
0.039278 0.000010 0.960712
0.000010 0.342249 0.657741
0.000010 0.000010 0.999980
0.000010 0.999980 0.000010
0.999980 0.000010 0.000010
0.000010 0.999980 0.000010
0.044878 0.000010 0.955112
0.999980 0.000010 0.000010
0.000010 0.000010 0.999980
0.000010 0.000010 0.999980
0.000010 0.999980 0.000010
0.916072 0.000010 0.083918
0.875483 0.000010 0.124507
0.000010 0.000010 0.999980
0.999980 0.000010 0.000010
0.000010 0.999980 0.000010
0.999980 0.000010 0.000010
0.999980 0.000010 0.000010
0.999980 0.000010 0.000010
0.999980 0.000010 0.000010
0.000010 0.999980 0.000010
0.999980 0.000010 0.000010
0.000010 0.999980 0.000010
0.000010 0.000010 0.999980
0.000010 0.000010 0.999980
0.999980 0.000010 0.000010
0.000010 0.999980 0.000010
0.999980 0.000010 0.000010
0.000010 0.314761 0.685229
0.000010 0.450385 0.549605
0.000010 0.999980 0.000010
0.000010 0.999980 0.000010
0.000010 0.638179 0.361811
0.999980 0.000010 0.000010
0.966062 0.000010 0.033928
0.000010 0.000010 0.999980
